year month date house_pred house_true houseCooking_pred houseCooking_true houseJHeating_pred houseJHeating_true salesOne_pred salesOne_true salesTwo_pred salesTwo_true bizHeating_pred bizHeating_true bizCooling_pred bizCooling_true industry_pred industry_true heatFacility_pred heatFacility_true heatCombined_pred heatCombined_true CNG_pred CNG_true pred_sum true_sum
2018 7 1 491.4 495.0 1277.9 1287.0 5558.2 4322.0 6654.5 3614.0 211.1 175.0 1042.5 468.0 1439.1 2002.0 96509.4 112133.0 14594.2 22686.0 4987.0 10.0 14771.5 20317.0 147536.8 167509.0
2018 7 2 574.5 447.0 1445.1 1075.0 7114.9 3869.0 8034.3 3261.0 283.6 158.0 1238.9 422.0 1798.3 1842.0 110736.8 100443.0 15368.8 20321.0 6365.3 9.0 22210.3 18199.0 175170.8 150046.0
2018 7 3 633.2 440.0 1551.1 1048.0 7516.3 3807.0 8302.0 3240.0 337.4 155.0 1250.3 415.0 2066.4 1812.0 111296.0 99019.0 16825.2 20033.0 6352.3 9.0 20211.8 17941.0 176342.0 147919.0
2018 7 4 528.3 454.0 1291.7 1074.0 6486.1 3886.0 7209.1 3334.0 285.1 159.0 1075.4 427.0 1950.7 1864.0 110944.4 101585.0 14628.4 20552.0 6700.3 9.0 12743.5 18406.0 163843.0 151750.0
2018 7 5 552.1 645.0 1277.1 1517.0 6493.0 5456.0 7062.4 4728.0 275.5 226.0 1053.8 606.0 1910.5 2644.0 109416.1 143539.0 14269.7 29039.0 7584.0 16.0 18522.2 26007.0 168416.3 214423.0
2018 7 6 574.5 447.0 1474.8 1041.0 6877.4 3692.0 7640.4 3278.0 286.7 157.0 1131.5 420.0 2113.4 1831.0 107867.1 98579.0 17970.8 19943.0 7785.7 11.0 12934.0 17861.0 166656.3 147260.0
2018 7 7 518.1 368.0 1264.5 839.0 5720.0 2959.0 6516.8 2699.0 219.5 129.0 962.3 346.0 1807.6 1509.0 90729.2 80279.0 15540.1 16241.0 7607.7 9.0 16213.0 14545.0 147098.8 119923.0
2018 7 8 491.4 492.0 1336.1 1118.0 5558.2 3941.0 6536.4 3609.0 201.5 173.0 961.8 462.0 1863.5 2017.0 99525.0 107158.0 17619.3 21679.0 8363.3 12.0 16511.3 19416.0 158968.0 160077.0
2018 7 9 496.7 443.0 1440.1 1015.0 5434.0 3539.0 7654.3 3245.0 239.1 155.0 1119.9 416.0 2213.4 1814.0 98807.1 96410.0 17242.6 19505.0 9264.3 11.0 20207.3 17468.0 164119.0 144021.0
2018 7 10 496.7 456.0 1527.5 1057.0 5434.0 3566.0 7977.2 3330.0 237.3 159.0 1169.3 426.0 2370.5 1861.0 110239.1 98479.0 18278.3 19923.0 8389.3 11.0 16720.2 17843.0 172839.5 147111.0
2018 7 11 493.8 475.0 1300.4 1106.0 5434.0 3734.0 7245.8 3486.0 234.3 167.0 1041.0 446.0 2249.5 1948.0 101403.8 103083.0 15031.8 20855.0 8450.3 11.0 10742.0 18677.0 153626.7 153988.0
2018 7 12 578.3 639.0 1335.4 1592.0 6899.3 5306.0 7305.5 5069.0 399.9 244.0 1042.4 653.0 2313.4 2848.0 107305.7 148337.0 15753.8 30010.0 10728.3 16.0 19323.0 26877.0 172985.0 221591.0
2018 7 13 552.1 589.0 1499.0 1452.0 6493.0 4786.0 7825.2 4648.0 275.5 224.0 1115.8 600.0 2476.4 2618.0 108940.9 135339.0 18682.2 27380.0 10232.3 15.0 12188.3 24522.0 170280.8 202173.0
2018 7 14 532.2 384.0 1309.1 978.0 5944.5 3225.0 6685.4 3142.0 325.9 151.0 942.7 403.0 2145.6 1760.0 86870.4 91127.0 16961.7 18436.0 10314.7 10.0 15480.0 16511.0 147512.1 136127.0
2018 7 15 491.4 517.0 1340.3 1310.0 5558.2 4339.0 6512.4 4252.0 201.5 204.0 923.1 546.0 2149.7 2382.0 101351.3 122934.0 18410.3 24871.0 10866.7 13.0 15382.8 22274.0 163187.7 183642.0
2018 7 16 572.9 428.0 1517.1 1079.0 6893.0 3432.0 8061.1 3588.0 408.5 171.0 1146.1 459.0 2597.7 2004.0 107748.3 101262.0 18930.1 20486.0 12623.3 11.0 22062.7 18347.0 182560.7 151267.0
2018 7 17 528.3 412.0 1532.6 1030.0 6486.1 3211.0 8284.9 3456.0 285.1 165.0 1178.4 443.0 2634.9 1932.0 111372.6 96603.0 18561.4 19544.0 11674.7 11.0 18606.5 17503.0 181145.5 144310.0
2018 7 18 528.3 521.0 1357.8 1395.0 6486.1 4306.0 7693.9 4753.0 244.0 225.0 1089.8 601.0 2365.6 2629.0 108966.1 130911.0 15438.4 26485.0 8350.7 14.0 9619.8 23719.0 162140.4 195559.0
2018 7 19 493.8 350.0 1385.7 1039.0 5434.0 3217.0 7612.8 3556.0 230.6 156.0 1072.9 450.0 2416.6 1976.0 112395.7 97472.0 16405.0 19719.0 11344.3 11.0 20865.3 17661.0 179656.8 145607.0
2018 7 20 490.7 459.0 1572.1 1362.0 5434.0 4219.0 8102.0 4663.0 237.3 204.0 1145.0 589.0 2601.4 2590.0 107064.9 127800.0 20093.8 25855.0 11491.0 14.0 15201.3 23156.0 173433.7 190911.0
2018 7 21 494.3 275.0 1299.9 817.0 5392.5 2530.0 6572.5 2797.0 244.5 123.0 921.3 354.0 2130.5 1554.0 78057.3 76654.0 17041.6 15508.0 10333.7 8.0 15426.5 13889.0 137914.6 114509.0
2018 7 22 494.3 327.0 1334.2 970.0 5412.6 3005.0 6390.8 3325.0 244.5 146.0 902.9 420.0 2133.6 1847.0 91276.1 91079.0 18556.3 18426.0 10821.7 10.0 14940.7 16502.0 152507.6 136057.0
2018 7 23 496.7 327.0 1538.1 973.0 5434.0 3029.0 7975.1 3333.0 245.8 146.0 1127.4 421.0 2603.6 1847.0 104553.4 91418.0 19535.7 18495.0 12941.0 10.0 22397.7 16564.0 178848.4 136563.0
2018 7 24 508.9 358.0 1448.8 1063.0 5767.8 3291.0 7778.5 3673.0 297.5 158.0 1096.5 457.0 2461.6 2006.0 102794.7 99853.0 17470.2 20201.0 10700.7 11.0 16279.3 18092.0 166604.7 149163.0
2018 7 25 507.4 432.0 1384.1 1283.0 5767.8 3973.0 7532.7 4434.0 294.3 191.0 1051.5 552.0 2402.8 2422.0 104159.6 120536.0 16336.0 24385.0 9741.0 13.0 14083.7 21839.0 163260.9 180060.0
2018 7 26 509.4 329.0 1462.5 976.0 5767.8 3028.0 7808.8 3380.0 297.5 146.0 1080.8 421.0 2557.0 1846.0 105379.3 91861.0 17974.7 18584.0 13765.3 10.0 28622.3 16644.0 185225.4 137225.0
2018 7 27 487.3 443.0 1604.8 1308.0 5434.0 4075.0 8137.4 4555.0 230.6 196.0 1128.6 566.0 2692.3 2485.0 107064.9 123644.0 20643.0 25014.0 12499.7 14.0 18616.7 22403.0 178539.4 184703.0
2018 7 28 490.9 243.0 1273.6 707.0 5392.5 2212.0 6399.8 2406.0 237.8 108.0 866.2 280.0 2215.0 1418.0 80568.6 66857.0 16947.3 13526.0 12693.7 4.0 19020.0 12114.0 146105.5 99875.0
2018 7 29 507.4 356.0 1282.6 1039.0 5746.4 3269.0 6142.2 3555.0 301.5 159.0 839.8 380.0 2217.7 2096.0 93304.5 98406.0 18661.7 19909.0 13803.7 6.0 19437.3 17830.0 162244.8 147005.0
2018 7 30 508.9 341.0 1466.7 997.0 5767.8 3132.0 7766.3 3425.0 302.8 152.0 1054.9 364.0 2722.0 2007.0 99251.8 94457.0 19104.1 19110.0 14772.3 6.0 24167.0 17115.0 176884.6 141106.0
2018 7 31 508.9 347.0 1487.4 1009.0 5767.8 3183.0 8021.7 3438.0 294.3 155.0 1084.8 369.0 2791.4 2040.0 104159.6 95552.0 19007.8 19332.0 14013.7 6.0 20219.7 17313.0 177356.9 142744.0
2018 8 1 493.9 385.0 1284.6 1358.0 6063.3 3470.0 7211.0 3778.0 432.0 193.0 968.8 396.0 2442.7 2469.0 104261.8 121185.0 14693.6 24316.0 10085.3 13056.0 14563.3 22604.0 162500.3 193210.0
2018 8 2 478.1 282.0 1386.4 985.0 5747.2 2537.0 7480.1 2765.0 368.1 141.0 999.4 290.0 2591.0 1808.0 104911.0 88589.0 16775.8 17775.0 13812.7 9544.0 25920.8 16524.0 180470.8 141240.0
2018 8 3 454.3 382.0 1550.5 1337.0 5715.6 3386.0 7898.7 3742.0 368.1 280.0 1055.0 392.0 2818.4 2446.0 103810.5 120323.0 19970.2 24143.0 14092.7 12963.0 20501.8 22444.0 178235.7 191838.0
2018 8 4 495.2 240.0 1260.1 838.0 6063.3 2107.0 6218.1 2357.0 404.2 176.0 816.0 247.0 2357.3 1541.0 87101.6 75503.0 17071.5 15150.0 15101.3 8134.0 22241.0 14083.0 159129.5 120376.0
2018 8 5 417.5 282.0 1293.8 978.0 5509.5 2441.0 6069.6 2768.0 409.5 207.0 798.6 290.0 2419.3 1809.0 92386.8 88255.0 19325.2 17708.0 17043.7 9508.0 24330.3 16462.0 170003.8 140708.0
2018 8 6 493.0 297.0 1377.2 1023.0 6063.3 2541.0 7425.6 2910.0 433.1 218.0 968.1 305.0 2758.4 1902.0 102279.2 92484.0 17200.0 18557.0 14682.7 9964.0 21871.2 17251.0 175551.6 147452.0
2018 8 7 478.3 296.0 1488.3 1012.0 5821.6 2495.0 7948.0 2899.0 368.1 217.0 1033.4 304.0 2963.9 1895.0 104261.8 91706.0 18755.2 18401.0 14828.0 9880.0 17780.7 17106.0 175727.3 146211.0
2018 8 8 479.1 392.0 1216.6 1327.0 5821.6 3307.0 7020.7 3841.0 368.1 288.0 911.1 402.0 2499.8 2512.0 104911.0 121385.0 13801.4 24356.0 10458.3 13077.0 13258.5 22642.0 160746.3 193529.0
2018 8 9 461.5 292.0 1333.6 953.0 5747.2 2465.0 7406.7 2865.0 368.1 214.0 963.2 300.0 2668.7 1873.0 104911.0 90156.0 15885.3 18090.0 13646.7 9713.0 21525.0 16817.0 174917.1 143738.0
2018 8 10 471.6 371.0 1366.5 1208.0 5715.6 3105.0 7299.3 3637.0 368.1 272.0 952.1 381.0 2699.9 2378.0 103810.5 114194.0 17250.8 22913.0 13445.7 12302.0 17374.7 21300.0 170754.8 182061.0
2018 8 11 459.5 222.0 1225.2 710.0 5768.0 1837.0 5998.2 2138.0 400.9 160.0 768.6 225.0 2321.2 1401.0 88021.5 67326.0 16510.0 13509.0 16178.3 7253.0 23752.2 12558.0 161403.5 107339.0
2018 8 12 459.5 215.0 1306.1 685.0 5768.0 1777.0 5998.2 2058.0 406.2 154.0 775.8 217.0 2432.1 1350.0 93306.7 64927.0 19023.2 13027.0 17951.0 6995.0 24905.2 12111.0 172331.9 103516.0
2018 8 13 565.6 385.0 1371.4 1224.0 6754.2 3174.0 7454.1 3678.0 520.3 276.0 950.3 387.0 2800.0 2411.0 103691.4 116000.0 16053.2 23275.0 13992.0 12497.0 16895.0 21637.0 171047.7 184944.0
2018 8 14 550.4 284.0 1468.4 896.0 6354.8 2283.0 7847.1 2716.0 366.4 204.0 1002.3 286.0 2981.0 1780.0 108416.9 84961.0 17954.8 17047.0 16509.3 9153.0 21962.0 15848.0 185413.5 135458.0
2018 8 15 515.0 285.0 1096.3 901.0 5933.5 2287.0 5469.7 2712.0 361.6 204.0 701.7 286.0 2134.8 1783.0 104911.0 85069.0 14114.0 17069.0 13221.0 9165.0 18133.0 15868.0 166591.6 135629.0
2018 8 16 464.1 305.0 1245.7 1004.0 5747.2 2556.0 7055.1 3022.0 361.6 228.0 904.2 319.0 2619.1 1991.0 104911.0 94791.0 13993.4 19020.0 6235.1 10212.0 15686.5 17681.0 159223.0 151129.0
2018 8 17 562.6 404.0 1315.7 1299.0 6818.9 3347.0 7027.9 3852.0 520.3 296.0 908.0 415.0 2695.9 2584.0 104389.5 122662.0 15990.5 24612.0 6456.8 13215.0 13156.3 22880.0 159842.6 195566.0
2018 8 18 519.0 322.0 1187.5 1012.0 5889.6 2629.0 5852.4 2949.0 350.6 232.0 758.7 325.0 2325.9 2025.0 91386.6 95494.0 15768.0 19161.0 7350.6 10288.0 19994.7 17812.0 151383.5 152249.0
2018 8 19 499.6 209.0 1227.3 652.0 5911.5 1702.0 5599.7 1892.0 406.2 150.0 730.2 211.0 2301.1 1310.0 93306.7 61610.0 17126.0 12362.0 7948.9 6637.0 21468.7 11492.0 156525.8 98227.0
2018 8 20 586.9 314.0 1414.8 971.0 6908.9 2545.0 7649.5 2777.0 520.3 231.0 994.3 319.0 2907.3 1958.0 103691.4 91683.0 16117.5 18396.0 6056.8 9877.0 10045.8 17101.0 156893.5 146172.0
2018 8 21 586.9 324.0 1440.0 999.0 6908.9 2621.0 7773.1 2859.0 520.3 238.0 1005.9 329.0 2943.4 2016.0 104911.0 94389.0 16704.9 18939.0 7530.8 10169.0 19348.5 17606.0 169673.7 150489.0
2018 8 22 465.8 477.0 1307.9 1471.0 5821.6 3884.0 7415.7 4207.0 361.6 350.0 969.5 484.0 2787.4 2967.0 104911.0 139195.0 14255.1 27929.0 5251.2 14996.0 8111.7 25964.0 151658.5 221924.0
2018 8 23 461.8 363.0 1324.7 1113.0 5747.2 2939.0 7421.0 3183.0 361.6 265.0 964.9 366.0 2779.5 2245.0 104911.0 105340.0 14591.7 21136.0 6413.3 11349.0 15711.5 19649.0 160688.2 167948.0
2018 8 24 456.6 339.0 1348.4 1041.0 5715.6 2739.0 7248.7 3001.0 361.6 247.0 951.3 341.0 2788.0 2092.0 103810.5 98569.0 15714.2 19778.0 6044.3 10619.0 10761.8 18386.0 155201.1 157152.0
2018 8 25 521.9 310.0 1243.0 950.0 5889.6 2501.0 6247.7 2738.0 350.6 225.0 821.7 311.0 2471.6 1909.0 91386.6 89956.0 15660.4 18050.0 6473.9 9691.0 13943.3 16779.0 145010.3 143420.0
2018 8 26 508.0 444.0 1201.4 1360.0 6032.5 3583.0 5650.9 3923.0 377.6 322.0 744.8 446.0 2276.4 2736.0 96671.8 128882.0 16299.3 25860.0 6738.6 13885.0 14515.0 24040.0 151016.4 205481.0
2018 8 27 608.0 338.0 1499.8 1036.0 6785.4 2731.0 8174.1 2989.0 372.8 246.0 1076.0 340.0 2884.2 2084.0 108243.0 98196.0 17506.8 19703.0 6710.7 10579.0 11845.0 18316.0 165705.9 156558.0
2018 8 28 674.4 377.0 1457.8 1155.0 7523.7 3041.0 8090.8 3333.0 490.6 273.0 1116.0 378.0 2466.8 2320.0 109462.6 109408.0 14979.4 21953.0 6490.3 11787.0 14857.2 20408.0 167609.7 174433.0
2018 8 29 636.9 429.0 1343.7 1314.0 6845.5 3462.0 7724.0 3794.0 419.9 311.0 1070.7 430.0 2342.9 2640.0 109462.6 124521.0 13295.3 24985.0 4831.3 13415.0 6362.3 23227.0 154335.3 198528.0
2018 8 30 652.1 571.0 1338.1 1660.0 6787.3 4605.0 7701.1 5165.0 419.9 414.0 1058.5 689.0 2345.6 2518.0 109462.6 157380.0 13079.2 31578.0 5994.7 16980.0 15625.0 29356.0 164464.1 250916.0
2018 8 31 597.8 468.0 1395.9 1360.0 6704.3 3769.0 7819.7 4372.0 428.9 388.0 1077.1 580.0 2394.1 1871.0 108941.1 129076.0 14140.1 25898.0 5796.2 13926.0 11715.2 24075.0 161010.3 205783.0
2018 9 1 477.4 281.0 1334.3 747.0 4251.2 2285.0 7138.7 2631.0 334.8 233.0 1000.2 405.0 2155.6 815.0 93791.5 78884.0 14203.2 12570.0 6086.3 33.0 13764.8 13756.0 144538.0 112640.0
2018 9 2 588.2 441.0 1324.9 1194.0 6982.1 3586.0 6421.8 4118.0 513.5 366.0 898.4 635.0 1971.9 1278.0 96552.7 123874.0 15598.3 19739.0 6622.7 52.0 14544.2 21601.0 152018.6 176884.0
2018 9 3 668.4 370.0 1517.4 1013.0 6968.3 3067.0 8585.3 3464.0 419.3 306.0 1197.4 531.0 2336.9 1070.0 114993.5 104729.0 15133.5 16688.0 6594.0 44.0 15536.7 18263.0 173950.7 149545.0
2018 9 4 624.4 387.0 1530.5 1077.0 6206.2 3343.0 8746.1 3620.0 482.4 320.0 1274.0 555.0 2007.5 1118.0 110593.8 111122.0 13239.4 17707.0 6037.8 46.0 14842.8 19377.0 165585.0 158672.0
2018 9 5 655.3 378.0 1435.9 1050.0 6644.4 3282.0 8345.7 3513.0 454.7 310.0 1216.3 539.0 1901.6 1085.0 113608.6 108298.0 12200.2 17257.0 4819.7 45.0 7945.3 18885.0 159227.7 154642.0
2018 9 6 663.4 502.0 1396.2 1408.0 6566.2 4479.0 8071.7 4662.0 422.1 412.0 1169.6 715.0 1864.5 1439.0 112287.1 145182.0 11838.1 23134.0 6303.8 61.0 20362.3 25317.0 170945.0 207311.0
2018 9 7 623.0 356.0 1457.4 1036.0 6173.2 3316.0 8105.7 3299.0 422.1 292.0 1174.3 507.0 1882.5 1020.0 111108.4 104760.0 12942.0 16693.0 5576.7 44.0 12045.2 18268.0 161510.5 149591.0
2018 9 8 521.3 285.0 1344.9 840.0 4921.9 2734.0 7307.6 2638.0 307.1 233.0 1059.1 405.0 1698.2 815.0 98105.3 84770.0 12227.4 13508.0 5823.1 35.0 15681.3 14782.0 148997.3 121045.0
2018 9 9 521.3 405.0 1268.5 1253.0 4958.2 4085.0 6300.7 3758.0 307.1 332.0 915.3 577.0 1458.0 1161.0 105032.8 123380.0 12635.1 19660.0 5807.4 52.0 14577.5 21515.0 153782.0 176178.0
2018 9 10 668.4 367.0 1413.2 1181.0 6859.6 3607.0 7936.8 3308.0 391.7 292.0 1146.4 508.0 1782.0 1022.0 116416.2 109681.0 12144.8 17477.0 6479.8 46.0 20894.8 19126.0 176133.7 156615.0
2018 9 11 733.7 369.0 1444.3 1229.0 8675.4 3737.0 8174.6 3323.0 730.7 294.0 1239.2 510.0 1534.3 1027.0 112987.7 111845.0 10729.8 17822.0 5766.2 47.0 19370.0 19503.0 171385.8 159706.0
2018 9 12 720.6 352.0 1344.2 1184.0 7916.5 3692.0 7799.3 3147.0 467.9 278.0 1182.8 483.0 1453.0 972.0 113477.0 107785.0 9935.3 17175.0 4677.5 45.0 12749.7 18795.0 161723.8 153908.0
2018 9 13 731.1 535.0 1405.6 1597.0 8434.3 5376.0 7843.2 3975.0 730.7 345.0 1185.5 601.0 1483.2 1208.0 109557.5 145421.0 11001.6 23172.0 6177.5 61.0 21940.0 25358.0 170490.1 207649.0
2018 9 14 689.8 439.0 1514.0 1203.0 8041.3 4007.0 7948.5 2954.0 730.7 256.0 1202.1 446.0 1535.7 896.0 105472.8 109471.0 12800.8 17434.0 5768.2 46.0 14398.8 19079.0 160102.7 156231.0
2018 9 15 588.2 447.0 1394.5 1026.0 6945.7 3400.0 7166.4 2486.0 513.5 215.0 1080.5 375.0 1394.2 751.0 89824.4 93375.0 12042.2 14871.0 6249.6 39.0 20000.2 16274.0 147199.2 133259.0
2018 9 16 588.2 498.0 1293.6 1136.0 4893.0 3780.0 6189.1 2741.0 356.4 237.0 928.8 414.0 1235.6 829.0 90375.0 103392.0 12065.6 16466.0 6224.4 43.0 19747.3 18020.0 143897.0 147556.0
2018 9 17 733.7 508.0 1396.7 1156.0 8302.2 3855.0 7555.7 2785.0 574.0 240.0 1137.8 419.0 1426.6 840.0 112938.1 105201.0 11018.4 16754.0 6026.2 44.0 20713.0 18335.0 171822.4 150137.0
2018 9 18 733.7 728.0 1435.9 1252.0 6808.7 4148.0 7796.1 2928.0 387.3 254.0 1175.5 432.0 1470.7 867.0 114255.0 113849.0 11210.2 18132.0 6479.2 48.0 23801.3 19842.0 175553.6 162480.0
2018 9 19 720.6 732.0 1322.1 1257.0 7916.5 4169.0 7466.8 2942.0 467.9 255.0 1126.9 434.0 1380.5 871.0 113477.0 114397.0 9639.2 18219.0 4990.9 48.0 15922.3 19938.0 164430.7 163262.0
2018 9 20 731.1 952.0 1421.9 1633.0 6501.0 5418.0 7611.7 3823.0 387.3 331.0 1147.5 564.0 1443.9 1131.0 113759.0 148638.0 11314.7 23672.0 6668.0 62.0 25030.2 25905.0 176016.1 212129.0
2018 9 21 689.8 677.0 1522.6 1160.0 6108.0 3854.0 7560.2 2716.0 387.3 235.0 1137.8 400.0 1472.9 804.0 112511.0 105658.0 13387.8 16827.0 6153.6 44.0 16003.5 18415.0 166934.4 150790.0
2018 9 22 588.2 574.0 1325.6 983.0 6509.3 3264.0 6421.7 2298.0 446.2 199.0 962.9 339.0 1262.7 680.0 79722.7 89469.0 11979.2 14249.0 6092.1 37.0 18917.7 15593.0 134228.2 127685.0
2018 9 23 368.3 716.0 1239.6 1227.0 3430.7 4080.0 6040.9 2869.0 283.9 249.0 1022.5 423.0 1049.0 849.0 75287.5 111740.0 11384.2 17796.0 5387.7 47.0 15389.1 19474.0 120883.4 159470.0
2018 9 24 513.9 459.0 1230.1 787.0 6597.8 2617.0 6154.1 1840.0 544.9 159.0 1176.4 271.0 900.8 544.0 77359.8 71665.0 11197.8 11413.0 4496.1 30.0 14407.8 12490.0 124579.5 102275.0
2018 9 25 513.9 489.0 1230.1 839.0 6898.8 2789.0 6154.1 1961.0 670.3 170.0 1176.4 289.0 900.8 580.0 77257.0 76378.0 11197.8 12164.0 4496.1 32.0 14407.8 13312.0 124903.0 109003.0
2018 9 26 480.9 552.0 1230.1 945.0 5391.5 3143.0 6154.1 2210.0 394.3 192.0 1176.4 326.0 900.8 654.0 80680.5 86072.0 11197.8 13708.0 4496.1 36.0 14407.8 15001.0 126510.3 122839.0
2018 9 27 731.1 711.0 1336.7 1220.0 8590.0 4061.0 7949.9 2850.0 730.7 247.0 1685.6 420.0 879.2 843.0 109557.5 111097.0 10757.2 17693.0 4644.2 46.0 21765.2 19362.0 168627.2 158550.0
2018 9 28 689.8 855.0 1429.5 1483.0 8197.0 4938.0 7836.8 3458.0 730.7 296.0 1653.0 756.0 903.3 776.0 105472.8 135052.0 12712.3 21509.0 4626.2 81.0 16928.0 23538.0 161179.4 192742.0
2018 9 29 588.2 616.0 1209.8 902.0 5009.5 3490.0 6436.7 2483.0 284.1 216.0 1371.0 543.0 753.2 450.0 83158.5 81140.0 11225.4 13090.0 4518.7 49.0 19100.0 14325.0 133655.0 117304.0
2018 9 30 837.7 802.0 1214.4 1175.0 9480.6 4550.0 6206.0 3235.0 569.4 281.0 1350.6 715.0 720.9 586.0 90214.2 105809.0 12065.8 17070.0 4486.7 64.0 16042.0 18681.0 143188.3 152968.0
2018 10 1 1101.0 1507.0 1379.8 1183.0 10487.7 8697.0 7661.4 6080.0 509.9 523.0 1637.8 2175.0 785.7 0.0 112450.9 100873.0 12032.8 17912.0 5680.2 45.0 15401.0 14629.0 169128.2 153624.0
2018 10 2 727.5 1642.0 1463.8 1253.0 7256.4 9506.0 8106.2 6626.0 412.0 570.0 1714.6 2371.0 842.8 0.0 112450.9 109891.0 12458.4 19513.0 6332.4 49.0 18843.2 15937.0 170608.3 167358.0
2018 10 3 716.8 2092.0 1286.8 1590.0 9635.5 12129.0 6651.1 8446.0 509.9 726.0 1401.2 3021.0 750.6 0.0 89066.6 140094.0 11781.9 24876.0 5294.8 62.0 15301.0 20317.0 142396.2 213353.0
2018 10 4 1039.4 1580.0 1382.6 1197.0 10223.8 9215.0 8928.7 6289.0 509.9 541.0 2303.1 2250.0 557.4 0.0 112450.9 105411.0 11561.0 18717.0 3855.7 47.0 18441.5 15287.0 171254.0 160534.0
2018 10 5 1526.7 1687.0 1378.7 1280.0 11393.9 10092.0 8279.0 6705.0 509.9 576.0 2198.8 2399.0 462.4 0.0 112450.9 113752.0 13022.1 20199.0 3768.0 50.0 17665.7 16497.0 172656.2 173237.0
2018 10 6 1273.7 1503.0 1212.6 1053.0 10407.9 9161.0 6999.2 5978.0 466.6 513.0 1910.7 2133.0 363.7 0.0 99893.3 101752.0 12013.2 18068.0 3336.6 45.0 19300.0 14757.0 157177.5 154963.0
2018 10 7 1324.8 1773.0 1160.4 1243.0 10407.9 10837.0 6556.6 7052.0 474.4 605.0 1804.5 2517.0 339.0 0.0 99893.3 120198.0 11985.5 21343.0 3187.1 53.0 15253.0 17432.0 152386.5 183053.0
2018 10 8 1675.9 1593.0 1419.6 1134.0 12011.5 10257.0 8428.5 6291.0 509.9 540.0 2301.8 2246.0 350.8 0.0 112450.9 110358.0 13328.5 19596.0 3319.4 49.0 15527.8 16005.0 171324.7 168069.0
2018 10 9 1159.9 1714.0 1334.8 1298.0 11423.3 11608.0 7882.0 6768.0 502.1 581.0 2103.8 2416.0 429.0 0.0 89066.6 121983.0 12672.5 21660.0 3907.3 54.0 18748.3 17690.0 149229.6 185772.0
2018 10 10 1486.5 1514.0 1395.8 1153.0 11747.6 10471.0 8559.7 5984.0 502.1 513.0 2266.3 2135.0 436.8 0.0 112450.9 108904.0 11914.3 19338.0 3031.6 48.0 15061.0 15794.0 168852.6 165854.0
2018 10 11 1440.8 1777.0 1444.5 1351.0 11747.6 12249.0 9080.2 7027.0 477.0 602.0 2674.8 2506.0 0.0 0.0 112450.9 127628.0 11990.0 22662.0 1679.9 56.0 21899.0 18509.0 174884.8 194367.0
2018 10 12 1554.4 1481.0 1589.7 1138.0 12375.1 10406.0 9236.0 5857.0 477.0 502.0 2750.0 2088.0 0.0 0.0 112450.9 107414.0 14962.1 19073.0 1721.9 47.0 17358.5 15578.0 174475.7 163584.0
2018 10 13 1462.4 1235.0 1355.4 887.0 12375.1 8268.0 7572.4 4389.0 447.6 381.0 2298.1 1579.0 0.0 0.0 99893.3 83740.0 13030.4 14869.0 1744.2 37.0 21629.7 12144.0 161808.5 127529.0
2018 10 14 1439.9 1650.0 1286.5 1188.0 11344.6 11101.0 6880.1 5863.0 447.6 509.0 2107.8 2110.0 0.0 0.0 99893.3 112163.0 13151.1 19916.0 1649.3 50.0 18879.2 16266.0 157079.4 170816.0
2018 10 15 1722.1 1494.0 1553.7 1108.0 12490.0 10704.0 8955.2 5262.0 477.0 457.0 2653.7 1894.0 0.0 0.0 112450.9 104649.0 13764.2 18582.0 1690.7 46.0 18805.5 15177.0 174563.0 159373.0
2018 10 16 1737.5 1530.0 1552.5 1200.0 12992.7 12662.0 8770.4 5029.0 477.0 437.0 2616.2 1819.0 0.0 0.0 112450.9 113447.0 13445.8 20144.0 1861.8 50.0 23965.3 16453.0 179870.3 172771.0
2018 10 17 1609.6 1772.0 1460.8 1165.0 12226.1 12167.0 8410.9 4753.0 477.0 415.0 2489.7 1729.0 0.0 0.0 112450.9 110062.0 12259.0 19543.0 1506.2 49.0 16763.7 15962.0 169654.0 167617.0
2018 10 18 1440.8 2779.0 1572.5 1659.0 11747.6 17155.0 8796.5 6675.0 477.0 584.0 2625.3 2457.0 0.0 0.0 112450.9 156618.0 12855.8 27810.0 1966.8 69.0 27886.2 22714.0 181819.5 238520.0
2018 10 19 1315.2 2095.0 1671.8 1119.0 11393.9 11592.0 8971.5 4281.0 477.0 375.0 2708.9 1655.0 0.0 0.0 112450.9 105642.0 15605.7 18758.0 1809.0 47.0 18457.5 15321.0 174861.5 160885.0
2018 10 20 1273.7 1636.0 1376.3 874.0 10407.9 9063.0 7166.7 3342.0 466.6 293.0 2197.8 1292.0 0.0 0.0 99893.3 82542.0 12921.9 14657.0 1760.0 36.0 22250.5 11971.0 159714.7 125706.0
2018 10 21 1324.8 2823.0 1399.9 1507.0 10407.9 15648.0 6877.6 5765.0 474.4 505.0 2145.3 2229.0 0.0 0.0 99893.3 142448.0 14403.1 25294.0 1824.1 63.0 21143.2 20658.0 159893.5 216940.0
2018 10 22 1433.8 2326.0 1531.2 1246.0 12011.5 12940.0 8282.6 4772.0 477.0 416.0 2485.1 1839.0 0.0 0.0 112450.9 117749.0 13092.8 20908.0 1710.9 52.0 20622.2 17077.0 174098.2 179325.0
2018 10 23 1722.1 2727.0 1570.4 1461.0 12490.0 15205.0 8429.8 5578.0 477.0 488.0 2537.2 2155.0 0.0 0.0 112450.9 138140.0 13406.6 24529.0 1808.4 61.0 22624.0 20034.0 177516.5 210378.0
2018 10 24 1620.6 2764.0 1433.4 1484.0 12728.7 15447.0 7796.8 5660.0 477.0 495.0 2356.9 2185.0 0.0 0.0 112450.9 140243.0 12019.2 24902.0 1369.8 62.0 13523.0 20339.0 165776.5 213581.0
2018 10 25 1667.4 3400.0 1717.4 1825.0 12728.7 19010.0 8363.3 6944.0 477.0 608.0 2613.5 2684.0 0.0 0.0 112450.9 172439.0 10463.6 30619.0 2137.1 76.0 28402.8 25008.0 181021.6 262613.0
2018 10 26 1554.4 2697.0 1702.4 1452.0 12375.1 15165.0 8355.4 5510.0 477.0 482.0 2613.8 2129.0 0.0 0.0 112450.9 137247.0 10957.3 24370.0 1641.9 61.0 13708.5 19904.0 165836.8 209017.0
2018 10 27 1361.8 2020.0 1395.3 1087.0 12375.1 11369.0 7022.9 4101.0 427.1 360.0 2304.5 1590.0 0.0 0.0 100262.6 102686.0 9022.8 18234.0 1494.5 45.0 15070.3 14892.0 150737.0 156384.0
2018 10 28 2318.9 2950.0 1459.6 1590.0 13560.8 16658.0 7493.8 6004.0 435.0 527.0 3109.1 2328.0 0.0 0.0 102167.7 150363.0 11998.2 26699.0 2899.6 66.0 19436.7 21806.0 164879.4 228991.0
2018 10 29 3298.9 2266.0 1381.4 1223.0 19410.8 12812.0 8408.6 4605.0 486.2 404.0 3298.5 1785.0 0.0 0.0 114475.5 115529.0 10705.3 20514.0 2469.3 51.0 16282.3 16754.0 180216.9 175943.0
2018 10 30 2589.4 2763.0 1528.8 1501.0 18761.0 15647.0 9379.9 5641.0 486.2 493.0 3815.2 2334.0 0.0 0.0 115777.0 141964.0 12751.4 25208.0 2485.8 63.0 15500.0 20588.0 183074.7 216202.0
2018 10 31 2811.5 2301.0 1323.4 1271.0 18761.0 13061.0 8335.8 4726.0 486.2 410.0 3341.2 2299.0 0.0 0.0 119205.3 120268.0 10407.7 21355.0 1866.9 27.0 8006.5 17442.0 174545.6 183160.0
2018 11 1 2870.8 3865.0 1581.5 1846.0 20513.4 22364.0 9064.3 8023.0 474.2 695.0 3865.3 4620.0 0.0 0.0 124748.1 155770.0 13028.0 47079.0 2503.1 39.0 18554.7 22105.0 197203.3 266406.0
2018 11 2 2801.7 2547.0 1504.6 968.0 19088.7 14822.0 8704.6 5292.0 474.2 459.0 3744.1 3047.0 0.0 0.0 120504.9 102066.0 12909.6 30848.0 2335.0 25.0 9387.2 14484.0 181454.5 174558.0
2018 11 3 2580.2 2239.0 1274.3 850.0 15992.0 13039.0 7642.6 4645.0 463.9 402.0 3407.4 2675.0 0.0 0.0 105982.1 89709.0 11329.6 27113.0 2247.8 22.0 10795.2 12730.0 161715.0 153424.0
2018 11 4 2580.2 3351.0 1370.5 1274.0 16565.6 19606.0 8459.1 6930.0 463.9 600.0 4467.5 3991.0 0.0 0.0 105982.1 134474.0 14856.7 40643.0 8174.7 33.0 17176.7 19083.0 180096.8 229985.0
2018 11 5 2942.6 2816.0 1381.7 1080.0 23932.4 16760.0 9981.7 5799.0 474.2 502.0 5088.6 3339.0 0.0 0.0 115871.5 113955.0 15298.5 34441.0 8428.0 28.0 16076.2 16171.0 199475.5 194891.0
2018 11 6 2469.2 2821.0 1476.6 1085.0 17765.8 17124.0 10927.8 5819.0 474.2 503.0 5646.3 3344.0 0.0 0.0 115469.7 115462.0 17196.9 34897.0 7139.1 29.0 7936.8 16385.0 186502.4 197469.0
2018 11 7 2231.3 3698.0 1360.4 1424.0 15162.8 22758.0 10201.5 7633.0 474.2 660.0 5277.2 4386.0 0.0 0.0 115172.5 152555.0 15460.0 46107.0 6164.4 38.0 5147.2 21648.0 176651.7 260907.0
2018 11 8 2478.5 2835.0 1393.2 1093.0 17388.3 17563.0 9258.7 5866.0 474.2 506.0 4858.3 3364.0 0.0 0.0 116759.6 117452.0 15422.3 35498.0 8072.4 29.0 18718.8 16667.0 194824.5 200873.0
2018 11 9 2801.7 3397.0 1466.9 1413.0 19088.7 21222.0 9807.9 7021.0 474.2 605.0 5350.7 4025.0 0.0 0.0 120504.9 141743.0 17699.2 42840.0 9388.0 35.0 16702.7 20114.0 203284.8 242415.0
2018 11 10 2580.2 2224.0 1193.2 927.0 15992.0 13953.0 8122.6 4589.0 463.9 396.0 4429.9 2631.0 0.0 0.0 105982.1 92977.0 14283.9 28101.0 7570.2 23.0 14964.2 13194.0 175582.3 159015.0
2018 11 11 2580.2 2913.0 1286.9 1237.0 16565.6 18849.0 8552.7 6020.0 463.9 519.0 4930.5 3451.0 0.0 0.0 114365.5 124082.0 16638.3 37502.0 11153.3 31.0 17192.8 17608.0 193729.8 212212.0
2018 11 12 2856.1 2571.0 1398.7 1094.0 17778.9 16684.0 10416.5 5310.0 474.2 458.0 5897.1 3043.0 0.0 0.0 117188.9 109687.0 18223.5 33151.0 12100.0 27.0 19150.2 15565.0 205484.1 187590.0
2018 11 13 2876.6 2548.0 1469.9 1092.0 18867.1 16768.0 11056.8 5260.0 474.2 454.0 6285.7 3018.0 0.0 0.0 120049.9 109606.0 19417.8 33127.0 10623.6 27.0 12139.3 15554.0 203260.8 187454.0
2018 11 14 2951.8 3681.0 1386.3 1513.0 21467.9 23287.0 10397.6 7126.0 474.2 619.0 5950.0 4141.0 0.0 0.0 120659.0 151842.0 17751.3 45892.0 9776.4 38.0 11646.3 21547.0 202460.9 259686.0
2018 11 15 2886.2 3407.0 1332.1 1193.0 19290.2 18061.0 9637.0 5465.0 474.2 477.0 5590.6 3201.0 0.0 0.0 124748.1 119629.0 16869.7 36156.0 12323.1 30.0 22147.7 16976.0 215298.8 204595.0
2018 11 16 2796.6 4591.0 1541.4 1525.0 17865.5 23082.0 11191.3 6772.0 474.2 642.0 6482.9 4053.0 0.0 0.0 123250.9 152963.0 19505.8 46231.0 12247.6 38.0 18346.8 21706.0 213703.1 261603.0
2018 11 17 2608.6 3055.0 1165.9 965.0 17032.0 14515.0 8210.0 4200.0 463.9 402.0 4826.1 2549.0 0.0 0.0 105982.1 96614.0 15522.2 29200.0 10379.1 24.0 16468.7 13710.0 182658.5 165234.0
2018 11 18 3438.8 4881.0 1224.7 1543.0 20128.2 23226.0 8235.6 6711.0 490.0 642.0 4956.1 4072.0 0.0 0.0 122699.1 154502.0 17248.9 46696.0 12800.9 38.0 22389.7 21925.0 213611.9 264236.0
2018 11 19 3711.7 3672.0 1514.3 1148.0 20193.4 17319.0 10533.6 4904.0 482.1 482.0 6221.4 3040.0 0.0 0.0 124863.2 114972.0 20010.3 34749.0 15024.0 29.0 27326.2 16315.0 229880.2 196630.0
2018 11 20 2876.6 3902.0 1590.5 1214.0 18867.1 18402.0 11067.2 5204.0 474.2 512.0 6554.6 3226.0 0.0 0.0 120049.9 122091.0 21207.5 36900.0 13217.8 30.0 19035.8 17325.0 214941.1 208806.0
2018 11 21 2885.8 4863.0 1480.8 1516.0 20566.3 22978.0 10445.2 6498.0 474.2 639.0 6152.7 4025.0 0.0 0.0 124748.1 152408.0 17893.9 46063.0 12568.9 38.0 22183.5 21627.0 219399.4 260655.0
2018 11 22 2886.2 5457.0 1622.7 1703.0 19290.2 25817.0 10958.5 7290.0 474.2 716.0 6621.2 4516.0 0.0 0.0 124748.1 171139.0 20817.5 51724.0 15911.6 43.0 29767.2 24285.0 233097.4 292690.0
2018 11 23 3636.8 3670.0 1622.2 1145.0 23476.0 17377.0 11115.4 4903.0 490.0 481.0 6648.7 3040.0 0.0 0.0 128218.2 115161.0 20396.9 34806.0 13936.9 29.0 23376.8 16342.0 232918.0 196954.0
2018 11 24 3438.8 3486.0 1283.7 1087.0 20718.5 16514.0 8467.3 4653.0 490.0 457.0 5174.7 2885.0 0.0 0.0 123175.3 109387.0 17007.3 33061.0 12114.7 27.0 20778.8 15523.0 212649.0 187080.0
2018 11 25 3438.8 4564.0 1351.9 1422.0 21364.9 21607.0 8607.0 6085.0 490.0 598.0 5391.7 3772.0 0.0 0.0 123175.3 143121.0 18560.6 43256.0 14385.8 36.0 26612.2 20309.0 223378.0 244770.0
2018 11 26 4454.2 3704.0 1656.0 1153.0 22266.3 17518.0 10682.9 4932.0 482.1 484.0 6893.8 3054.0 0.0 0.0 132990.2 116017.0 22162.3 35064.0 15843.6 29.0 27216.2 16463.0 244647.5 198418.0
2018 11 27 3702.0 5373.0 1761.4 1672.0 20640.9 25424.0 11888.3 7146.0 482.1 701.0 8625.0 4425.0 0.0 0.0 125017.2 168297.0 29793.4 50865.0 10168.0 42.0 21371.8 23882.0 233450.2 287827.0
2018 11 28 3720.9 3836.0 1478.6 1194.0 22901.6 18171.0 10326.1 5105.0 482.1 500.0 7256.8 3157.0 0.0 0.0 129715.4 120225.0 23923.7 36336.0 9684.9 30.0 23106.7 17060.0 232596.6 205614.0
2018 11 29 3726.4 4261.0 1657.7 1650.0 24900.7 20177.0 11224.4 5642.0 490.0 556.0 8045.8 3559.0 0.0 0.0 129715.4 166092.0 28071.3 58511.0 12069.8 41.0 29137.0 23569.0 249038.5 284058.0
2018 11 30 3636.8 2984.0 1603.8 1163.0 23476.0 14053.0 11253.3 3793.0 490.0 392.0 7977.5 2786.0 0.0 0.0 128218.2 116977.0 26174.8 41212.0 8732.0 112.0 16915.2 16601.0 228477.6 200073.0
2018 12 1 5037.8 6078.0 1327.4 1358.0 30234.0 29195.0 9053.7 7601.0 745.0 805.0 6442.7 6439.0 0.0 0.0 133757.7 117411.0 23391.8 48119.0 8836.0 122.0 21942.5 16477.0 240768.5 233605.0
2018 12 2 4978.6 5217.0 1418.2 880.0 29394.2 25059.0 9583.7 6524.0 733.2 692.0 6909.3 5526.0 0.0 0.0 131719.5 100125.0 24422.2 41034.0 10852.4 104.0 25011.0 14051.0 245022.4 199212.0
2018 12 3 5486.6 4752.0 1663.3 799.0 32736.3 22777.0 11122.5 5927.0 781.4 628.0 8255.5 5020.0 0.0 0.0 142689.8 91016.0 28873.1 37301.0 11830.2 94.0 22739.7 12773.0 266178.3 181087.0
2018 12 4 5427.4 5513.0 1746.5 925.0 32848.7 26587.0 12083.8 6864.0 740.4 728.0 9867.5 5814.0 0.0 0.0 146694.8 105900.0 36929.8 43401.0 6588.4 110.0 22267.3 14862.0 275194.8 210704.0
2018 12 5 5427.4 7271.0 1464.3 1233.0 32827.1 35958.0 10380.9 9049.0 725.2 959.0 8195.9 7665.0 0.0 0.0 146694.8 141726.0 30013.0 58084.0 6135.6 147.0 22512.0 19889.0 264376.3 281981.0
2018 12 6 5550.0 8112.0 1604.6 1367.0 33260.9 40129.0 11150.7 10018.0 765.2 1063.0 8891.1 8489.0 0.0 0.0 144775.8 157785.0 34122.8 64666.0 7275.6 163.0 27814.7 22143.0 275211.4 313935.0
2018 12 7 5550.0 5900.0 1474.2 990.0 33260.9 29201.0 10444.0 7267.0 778.8 768.0 8388.1 6139.0 0.0 0.0 143489.2 114648.0 31326.8 46987.0 5569.8 119.0 17507.5 16089.0 257789.5 228108.0
2018 12 8 4978.6 6897.0 1317.0 1160.0 29094.2 34329.0 9123.6 8491.0 733.2 898.0 7363.0 7174.0 0.0 0.0 128385.7 134454.0 29690.8 55104.0 5890.2 139.0 26698.7 18869.0 243275.0 267515.0
2018 12 9 5037.8 7336.0 1453.6 1273.0 30534.0 38862.0 10142.2 9032.0 745.0 955.0 8166.7 7632.0 0.0 0.0 136352.4 148465.0 31341.6 60846.0 6584.9 154.0 24688.8 20835.0 255047.0 295390.0
2018 12 10 5486.6 5854.0 1657.4 1015.0 32591.0 31302.0 11512.0 7213.0 757.3 762.0 9376.9 6085.0 0.0 0.0 138172.8 119128.0 36109.1 48823.0 6887.1 123.0 23063.7 16718.0 265614.0 237023.0
2018 12 11 5427.4 8261.0 1694.3 1451.0 32848.7 45174.0 11714.3 10149.0 740.4 1067.0 10141.5 8543.0 0.0 0.0 146694.8 170253.0 40504.1 69775.0 2062.7 176.0 21110.0 23893.0 272938.2 338742.0
2018 12 12 5427.4 6805.0 1421.5 1205.0 32827.1 37707.0 9901.6 8315.0 740.4 875.0 8628.2 7001.0 0.0 0.0 146694.8 141203.0 35076.3 57870.0 1806.7 146.0 18747.0 19816.0 261271.1 280943.0
2018 12 13 5427.4 7325.0 1570.5 1284.0 32606.8 40246.0 10927.4 8742.0 740.4 930.0 9534.2 7454.0 0.0 0.0 145280.2 150494.0 37806.0 61678.0 2131.1 156.0 26071.0 21120.0 272095.0 299429.0
2018 12 14 5427.4 7762.0 1436.3 1295.0 32727.9 40416.0 10076.5 8638.0 728.2 919.0 8741.0 7383.0 0.0 0.0 143489.2 151481.0 34743.0 62082.0 1771.1 157.0 18450.2 21258.0 257590.8 301391.0
2018 12 15 4978.6 7351.0 1339.1 1184.0 29094.2 36788.0 9154.4 7804.0 733.2 833.0 8016.8 6722.0 0.0 0.0 128385.7 138407.0 34843.2 56724.0 2190.7 143.0 28754.8 19424.0 247490.7 275380.0
2018 12 16 5533.1 6933.0 1511.6 1116.0 32602.1 34694.0 10441.9 7344.0 743.3 786.0 9151.1 6338.0 0.0 0.0 143491.4 130488.0 36551.9 53478.0 1892.0 135.0 20212.5 18312.0 262130.9 259624.0
2018 12 17 6043.6 6004.0 1545.8 969.0 34232.7 30020.0 10681.0 6329.0 760.8 676.0 9341.2 5453.0 0.0 0.0 153939.3 112792.0 38160.1 46226.0 2079.6 117.0 23713.3 15829.0 280497.4 224415.0
2018 12 18 5837.5 7829.0 1504.3 1229.0 34461.6 38001.0 10242.2 7844.0 854.4 875.0 9020.0 6912.0 0.0 0.0 147849.5 142986.0 37926.3 58600.0 2013.8 148.0 21477.5 20066.0 271187.1 284490.0
2018 12 19 5427.4 8085.0 1528.2 1247.0 32827.1 38457.0 10352.6 7934.0 740.4 885.0 9174.0 6991.0 0.0 0.0 146694.8 145056.0 36794.7 59449.0 1788.0 150.0 17121.2 20357.0 262448.4 288611.0
2018 12 20 5486.6 8103.0 1461.4 1242.0 32540.5 38246.0 9925.2 7892.0 777.7 879.0 8777.1 6953.0 0.0 0.0 142229.2 144413.0 35018.3 59185.0 2073.8 149.0 27139.0 20266.0 265428.7 287328.0
2018 12 21 5486.6 7416.0 1412.3 1134.0 32395.2 34849.0 9523.4 7185.0 740.0 801.0 8412.4 6350.0 0.0 0.0 139521.7 131683.0 35219.4 53968.0 1783.6 136.0 17609.2 18480.0 252103.6 262002.0
2018 12 22 5037.8 6800.0 1417.0 1041.0 30234.0 32008.0 9472.6 6589.0 745.0 734.0 8414.4 5823.0 0.0 0.0 133757.7 120875.0 35084.2 49539.0 2056.9 125.0 25618.3 16963.0 251837.9 240497.0
2018 12 23 5037.8 6472.0 1885.5 992.0 30534.0 30480.0 12777.9 6277.0 745.0 699.0 11410.7 5547.0 0.0 0.0 137091.5 115112.0 41264.1 47177.0 2028.9 119.0 22234.5 16154.0 265009.8 229029.0
2018 12 24 5486.6 6180.0 1665.8 944.0 32736.3 28947.0 11190.8 5951.0 781.4 663.0 9914.3 5323.0 0.0 0.0 142689.8 109498.0 40602.9 44876.0 2236.4 113.0 26004.7 15367.0 273309.1 217862.0
2018 12 25 5147.3 8508.0 1292.1 1299.0 30983.7 39868.0 9017.2 8192.0 765.2 913.0 7808.6 7327.0 0.0 0.0 137567.2 150778.0 29249.2 61794.0 847.0 156.0 20485.0 21160.0 243162.6 299995.0
2018 12 26 5550.0 6187.0 1607.6 950.0 33360.1 29039.0 10723.5 5958.0 765.2 664.0 9555.8 5328.0 0.0 0.0 146694.8 109765.0 37573.0 44985.0 894.0 114.0 16792.8 15404.0 263516.9 218394.0
2018 12 27 6146.4 8346.0 1472.5 1278.0 34885.6 39056.0 9989.1 8009.0 774.0 892.0 8889.2 7164.0 0.0 0.0 152324.2 147676.0 34767.6 60522.0 985.9 153.0 24486.0 20724.0 274720.6 293820.0
2018 12 28 6139.2 8521.0 1348.3 1291.0 34885.6 39430.0 9304.8 8079.0 774.0 900.0 8083.5 7225.0 0.0 0.0 148638.2 149278.0 31212.1 61179.0 1233.1 155.0 23216.8 20949.0 264835.7 297007.0
2018 12 29 5030.5 8704.0 1413.2 1320.0 29094.2 40268.0 9856.7 8252.0 778.8 919.0 8561.3 7380.0 0.0 0.0 129922.2 152460.0 31534.4 62483.0 1306.2 158.0 22493.2 21396.0 239990.7 303340.0
2018 12 30 4978.6 8095.0 1730.7 1227.0 29394.2 37459.0 12180.7 7679.0 716.7 856.0 10708.3 6868.0 0.0 0.0 131719.5 141835.0 35053.7 58128.0 1293.3 147.0 24427.3 19905.0 252203.0 282199.0
2018 12 31 5538.7 6090.0 1466.7 909.0 33309.2 27694.0 10110.8 5676.0 765.2 632.0 8837.4 5074.0 0.0 0.0 145857.5 105093.0 33930.7 43071.0 1414.7 109.0 25125.0 14748.0 266355.9 209096.0
2019 1 1 6269.6 5576.0 1278.2 967.0 34522.4 32590.0 8522.4 6837.0 927.2 513.0 6972.0 6575.0 0.0 0.0 137309.6 115978.0 38745.7 47589.0 9.0 3.0 19221.0 14636.0 253777.0 231264.0
2019 1 2 5827.0 5454.0 1401.0 880.0 33277.1 31471.0 9779.5 6723.0 899.1 501.0 7949.0 6415.0 0.0 0.0 134257.9 112446.0 43626.3 46140.0 10.0 3.0 17549.3 14191.0 254576.2 224224.0
2019 1 3 6299.1 7728.0 1342.4 1254.0 34242.0 44912.0 9122.5 9530.0 899.1 710.0 7455.6 9122.0 0.0 0.0 143769.4 160120.0 41741.3 65702.0 8.0 4.0 19894.0 20207.0 264773.4 319289.0
2019 1 4 5827.0 7131.0 1400.0 1194.0 32738.9 41152.0 9367.8 8701.0 895.7 650.0 7632.8 8323.0 0.0 0.0 129413.6 146776.0 41796.3 60227.0 8.5 3.0 16343.8 18523.0 245424.5 292680.0
2019 1 5 5046.2 7423.0 1347.9 1238.0 28872.7 41903.0 9058.9 8921.0 817.4 666.0 7393.9 8531.0 0.0 0.0 116578.4 150120.0 41091.0 61599.0 8.0 3.0 18769.0 18945.0 228983.3 299349.0
2019 1 6 5681.4 5609.0 1454.3 937.0 30712.2 31735.0 9882.2 6751.0 817.4 504.0 8082.3 6456.0 0.0 0.0 128149.9 113645.0 46308.3 46632.0 10.8 3.0 26529.5 14342.0 257628.4 226614.0
2019 1 7 5644.5 6687.0 1590.5 1119.0 32215.6 37973.0 10607.2 8047.0 856.8 601.0 8649.4 7696.0 0.0 0.0 130449.4 135788.0 48301.2 55718.0 9.0 3.0 21715.8 17137.0 260039.4 270769.0
2019 1 8 5916.0 5583.0 1672.9 925.0 33392.4 31328.0 11243.5 6656.0 899.1 497.0 9197.7 6363.0 0.0 0.0 139956.0 112246.0 50968.7 46058.0 9.8 3.0 22102.2 14166.0 275358.2 223825.0
2019 1 9 6510.9 7197.0 1454.3 1272.0 34907.7 39852.0 9799.1 8593.0 899.1 640.0 8020.0 8200.0 0.0 0.0 141523.1 143724.0 44656.0 58975.0 10.0 3.0 19214.0 18138.0 266994.1 286594.0
2019 1 10 6850.2 7218.0 1478.5 1289.0 37309.9 40293.0 9689.8 8686.0 959.7 647.0 7973.1 8289.0 0.0 0.0 151171.4 145185.0 44558.3 59574.0 8.5 3.0 19083.2 18322.0 279082.7 289506.0
2019 1 11 7042.0 7459.0 1499.0 1332.0 37832.6 41637.0 9875.0 8985.0 914.3 669.0 8097.0 8564.0 0.0 0.0 147612.4 150046.0 44383.3 61569.0 9.3 3.0 15702.7 18936.0 272967.7 299200.0
2019 1 12 6488.9 7609.0 1383.1 1348.0 35039.4 42129.0 9096.7 9087.0 894.0 676.0 7493.3 8663.0 0.0 0.0 130489.3 151938.0 42371.6 62345.0 8.2 4.0 21334.2 19175.0 254598.8 302974.0
2019 1 13 6796.5 6519.0 1446.3 1157.0 36542.8 36213.0 9645.1 7777.0 894.0 578.0 7945.6 7412.0 0.0 0.0 149460.1 130394.0 45610.1 53505.0 10.6 3.0 25462.1 16456.0 283813.2 260014.0
2019 1 14 5915.2 6814.0 1634.0 1208.0 33913.5 37824.0 10690.1 8108.0 989.3 603.0 8792.3 7728.0 0.0 0.0 140771.4 136142.0 49133.8 55864.0 9.3 3.0 20898.1 17181.0 272747.1 271475.0
2019 1 15 6674.1 5422.0 1667.4 963.0 36689.5 30149.0 10932.9 6455.0 859.3 480.0 9079.8 6150.0 0.0 0.0 144739.5 108457.0 50723.3 44503.0 10.2 3.0 22535.8 13687.0 283911.9 216269.0
2019 1 16 6299.1 8360.0 1562.2 1471.0 34359.9 46035.0 10190.3 9836.0 899.1 747.0 8474.7 9402.0 0.0 0.0 141899.0 165795.0 46971.8 68031.0 10.3 4.0 18028.1 20923.0 268694.4 330604.0
2019 1 17 6587.7 6890.0 1476.4 1211.0 34907.7 37914.0 9505.4 8110.0 899.1 615.0 7924.5 7743.0 0.0 0.0 145211.0 136576.0 44418.2 56042.0 9.0 3.0 19012.0 17236.0 269951.0 272340.0
2019 1 18 6687.9 6986.0 1659.0 1219.0 36036.0 38119.0 10660.4 8149.0 859.3 618.0 8872.2 7780.0 0.0 0.0 147061.4 137422.0 48390.8 56389.0 10.0 3.0 13834.0 17343.0 274071.0 274028.0
2019 1 19 6352.1 7567.0 1454.0 1298.0 34171.1 40684.0 9237.0 8488.0 976.3 668.0 7745.1 8273.0 0.0 0.0 142270.5 146400.0 44666.8 60073.0 9.1 3.0 24596.9 18476.0 271478.9 291930.0
2019 1 20 6796.5 6281.0 1582.0 1077.0 36542.8 33777.0 10129.3 7046.0 894.0 554.0 8483.0 6867.0 0.0 0.0 146948.9 121533.0 48428.1 49869.0 11.2 3.0 24022.1 15337.0 283837.9 242344.0
2019 1 21 5915.2 6385.0 1734.9 1094.0 33913.5 34340.0 11029.0 7164.0 989.3 564.0 9174.3 6982.0 0.0 0.0 140771.4 123562.0 51619.2 50702.0 10.2 3.0 21849.8 15594.0 277006.8 246390.0
2019 1 22 6674.1 5666.0 1696.3 957.0 37425.3 30033.0 10674.5 6259.0 989.3 492.0 9012.2 6099.0 0.0 0.0 148976.2 108211.0 51029.9 44403.0 14.1 3.0 23636.4 13656.0 290128.3 215779.0
2019 1 23 7486.6 8070.0 1605.0 1356.0 38451.4 42533.0 10110.8 8867.0 914.3 697.0 8538.5 8637.0 0.0 0.0 155530.1 153356.0 47820.0 62927.0 14.3 4.0 19198.9 19354.0 289669.8 305801.0
2019 1 24 7964.4 8097.0 1583.8 1358.0 39727.8 42594.0 9872.2 8872.0 892.2 698.0 8328.4 8642.0 0.0 0.0 158267.0 153574.0 46696.4 63016.0 11.7 4.0 18688.6 19381.0 292032.5 306236.0
2019 1 25 7162.9 8726.0 1619.2 1464.0 37832.6 45927.0 10168.3 9556.0 914.3 751.0 8588.6 9301.0 0.0 0.0 152175.5 165521.0 47373.0 67919.0 14.0 4.0 15107.6 20889.0 280956.0 330058.0
2019 1 26 6488.9 9071.0 1486.9 1518.0 34171.1 47644.0 9349.8 9937.0 894.0 777.0 7907.3 9624.0 0.0 0.0 131605.8 171737.0 45748.0 70469.0 13.3 4.0 25609.2 21673.0 263274.4 342454.0
2019 1 27 6933.4 7099.0 1696.6 1188.0 36542.8 37294.0 10762.2 7777.0 894.0 608.0 9035.1 7532.0 0.0 0.0 145511.4 134419.0 51176.1 55156.0 15.4 3.0 23394.7 16964.0 285961.6 268040.0
2019 1 28 6093.4 7821.0 1669.5 1308.0 34186.6 41103.0 10460.3 8566.0 989.3 670.0 8762.7 8298.0 0.0 0.0 140771.4 148122.0 51119.9 60779.0 14.2 3.0 23467.4 18693.0 277534.8 295363.0
2019 1 29 6674.1 6122.0 1781.3 1021.0 37425.3 32065.0 11068.2 6674.0 989.3 522.0 9330.3 6465.0 0.0 0.0 148976.2 115557.0 53869.6 47417.0 17.9 3.0 22862.1 14583.0 292994.2 230429.0
2019 1 30 6870.7 8571.0 1595.4 1409.0 37583.1 44236.0 10014.8 9197.0 914.3 719.0 8462.9 8908.0 0.0 0.0 150940.1 159651.0 48740.0 65510.0 17.7 4.0 19703.3 20148.0 284842.2 318353.0
2019 1 31 7286.5 8617.0 1650.6 1412.0 38451.4 44458.0 10172.7 9264.0 914.3 721.0 8546.0 8759.0 0.0 0.0 156746.9 160007.0 49352.3 65664.0 14.7 4.0 19844.8 20195.0 292980.1 319101.0
2019 2 1 7207.3 8470.0 1554.0 1357.0 37464.2 43854.0 9542.2 9167.0 927.9 737.0 8096.8 8621.0 0.0 0.0 145690.2 144703.0 45741.3 69235.0 16.7 0.0 16673.2 20537.0 272913.9 306681.0
2019 2 2 6547.2 8209.0 1524.6 1328.0 33705.9 43115.0 9408.1 8873.0 875.3 714.0 7946.4 8343.0 0.0 0.0 136841.1 141448.0 46895.0 67677.0 15.4 0.0 26042.8 20075.0 269801.8 299782.0
2019 2 3 7086.2 7565.0 1804.2 1213.0 36682.0 40197.0 11240.2 8150.0 944.2 655.0 9423.8 7664.0 0.0 0.0 144111.3 131154.0 53785.3 62752.0 19.4 0.0 22597.2 18614.0 287693.8 277964.0
2019 2 4 6171.9 8749.0 1630.8 1398.0 30333.7 46379.0 9551.5 9366.0 857.0 753.0 7888.0 8805.0 0.0 0.0 132209.8 151202.0 49407.2 72344.0 43.0 0.0 23130.0 21459.0 261222.8 320455.0
2019 2 5 6638.9 6613.0 1630.8 1060.0 34519.6 35152.0 9551.5 7086.0 863.9 570.0 7888.0 6661.0 0.0 0.0 144164.6 114512.0 49407.2 54789.0 43.0 0.0 23130.0 16252.0 277837.4 242695.0
2019 2 6 6920.3 9328.0 1630.8 1509.0 34556.9 50369.0 9551.5 10002.0 863.9 802.0 7888.0 9372.0 0.0 0.0 144164.6 163092.0 49407.2 78033.0 43.0 0.0 23130.0 23147.0 278156.1 345654.0
2019 2 7 7718.8 7507.0 1706.9 1174.0 38946.8 40582.0 10219.4 8059.0 940.6 646.0 8512.5 7552.0 0.0 0.0 148734.9 131302.0 50223.2 62823.0 17.7 0.0 21359.8 18635.0 288380.6 278280.0
2019 2 8 6925.9 8393.0 1496.1 1321.0 37173.8 45449.0 8947.5 8990.0 927.9 720.0 7461.1 8424.0 0.0 0.0 145690.2 146889.0 43984.9 70280.0 19.3 0.0 17338.6 20847.0 269965.3 311313.0
2019 2 9 6881.7 7558.0 1474.0 1287.0 35438.7 40680.0 8894.2 8093.0 966.9 648.0 7395.5 7576.0 0.0 0.0 136841.1 131949.0 45398.0 63132.0 17.2 0.0 25789.0 18727.0 269096.4 279650.0
2019 2 10 7179.8 6865.0 1678.6 1173.0 35849.1 37254.0 10254.7 7358.0 806.8 588.0 8460.1 6876.0 0.0 0.0 134203.3 120471.0 50257.2 57640.0 22.2 0.0 22472.8 17098.0 271184.5 255323.0
2019 2 11 5843.6 7640.0 1644.7 1313.0 31746.1 41698.0 9907.4 8242.0 859.6 658.0 8145.8 7694.0 0.0 0.0 129521.8 134758.0 50121.9 64476.0 40.7 0.0 23431.7 19125.0 261263.3 285604.0
2019 2 12 6303.4 5897.0 1661.8 1018.0 33829.4 32385.0 9932.0 6399.0 925.8 503.0 8140.5 5955.0 0.0 0.0 135698.4 104523.0 48948.7 50010.0 42.7 0.0 20154.4 14834.0 265636.9 221524.0
2019 2 13 6275.8 7541.0 1627.4 1291.0 33656.9 40807.0 9830.8 8208.0 910.0 645.0 8011.3 7641.0 0.0 0.0 134348.0 132532.0 47988.1 63411.0 40.7 0.0 18962.7 18810.0 261651.7 280886.0
2019 2 14 6106.9 6869.0 1633.4 1192.0 33576.3 37582.0 9779.3 7724.0 925.8 602.0 7943.2 7141.0 0.0 0.0 135698.4 122465.0 48137.1 58595.0 36.7 0.0 20944.8 17381.0 264781.8 259551.0
2019 2 15 6153.1 6599.0 1529.6 1176.0 32927.9 37165.0 9205.0 7708.0 912.1 597.0 7383.8 7050.0 0.0 0.0 132835.6 120832.0 44104.2 57813.0 37.3 0.0 15777.0 17149.0 250865.6 256089.0
2019 2 16 5866.2 5029.0 1432.7 899.0 29971.4 28411.0 8595.0 5919.0 788.4 457.0 6924.0 5396.0 0.0 0.0 120948.0 92409.0 43883.2 44214.0 30.0 0.0 24585.4 13115.0 243024.3 195849.0
2019 2 17 5818.4 5627.0 1582.6 1006.0 31147.1 31777.0 9564.7 6628.0 801.1 512.0 7700.4 6042.0 0.0 0.0 128218.2 103392.0 47856.1 49469.0 43.3 0.0 23303.3 14674.0 256035.2 219127.0
2019 2 18 5843.6 5828.0 1698.6 1048.0 32618.4 33104.0 10260.9 6924.0 859.6 534.0 8165.1 6305.0 0.0 0.0 129521.8 107701.0 49599.7 51531.0 38.0 0.0 20842.3 15285.0 259448.1 228260.0
2019 2 19 6799.7 4782.0 1584.6 895.0 35067.0 28185.0 9472.3 6144.0 864.4 470.0 7558.2 5393.0 0.0 0.0 134348.0 91922.0 45740.9 43981.0 42.0 0.0 19545.2 13046.0 261022.3 194818.0
2019 2 20 6275.8 6712.0 1634.1 1256.0 33656.9 39586.0 9786.1 8619.0 910.0 659.0 7769.6 7567.0 0.0 0.0 134348.0 129055.0 46351.0 61748.0 40.7 0.0 17483.2 18316.0 258255.5 273518.0
2019 2 21 6106.9 6991.0 1585.2 1307.0 32894.7 41233.0 9538.5 8949.0 918.6 684.0 7509.4 7851.0 0.0 0.0 134348.0 134298.0 45035.7 64256.0 34.0 0.0 18166.6 19060.0 256137.5 284629.0
2019 2 22 6234.8 6648.0 1538.0 1244.0 33008.5 39285.0 9347.3 8608.0 912.3 650.0 7306.9 7468.0 0.0 0.0 130915.5 128063.0 43032.2 61273.0 38.0 0.0 14534.6 18175.0 246868.2 271414.0
2019 2 23 5383.2 6018.0 1376.0 1125.0 27830.9 35508.0 8347.1 7754.0 796.9 586.0 6549.2 6739.0 0.0 0.0 120948.0 115692.0 40933.1 55354.0 30.7 0.0 22146.4 16420.0 234341.5 245196.0
2019 2 24 6068.9 5446.0 1576.7 1020.0 33310.8 32274.0 9640.8 7010.0 800.1 530.0 7506.9 6092.0 0.0 0.0 130138.2 104955.0 46294.3 50217.0 42.0 0.0 22836.2 14896.0 258215.1 222440.0
2019 2 25 5925.3 5821.0 1770.9 1092.0 30388.8 34599.0 10842.0 7503.0 843.9 567.0 8371.5 6524.0 0.0 0.0 117065.3 112437.0 49676.2 53796.0 38.7 0.0 18248.6 15957.0 243171.1 238296.0
2019 2 26 6496.4 4764.0 1566.9 894.0 33910.0 28368.0 9477.4 6147.0 910.0 464.0 7298.6 5339.0 0.0 0.0 134348.0 92135.0 42601.9 44083.0 25.4 0.0 20071.4 13076.0 256706.1 195270.0
2019 2 27 6579.1 5979.0 1608.0 1121.0 34813.9 35633.0 9745.5 7703.0 864.4 581.0 7473.8 6687.0 0.0 0.0 134348.0 115640.0 41956.9 55329.0 22.4 0.0 15621.9 16412.0 253034.0 245085.0
2019 2 28 6722.5 6171.0 1562.6 1173.0 33764.8 36722.0 9463.0 8440.0 824.6 603.0 7217.0 7226.0 0.0 0.0 134348.0 121028.0 41346.4 57889.0 21.6 0.0 17449.3 17171.0 252719.7 256423.0
2019 3 1 5527.9 4904.0 1551.0 1207.0 25309.7 27872.0 9090.9 6957.0 777.3 480.0 6587.2 5215.0 0.0 0.0 133708.9 147911.0 38478.3 48305.0 36.3 23.0 26949.3 20967.0 248016.8 263841.0
2019 3 2 4971.2 3715.0 1326.7 911.0 23190.5 21023.0 8132.0 5235.0 624.2 361.0 6032.2 3922.0 0.0 0.0 124058.9 111540.0 36615.3 36427.0 19.4 17.0 20926.0 15811.0 225896.5 198962.0
2019 3 3 4606.4 4101.0 1668.7 994.0 23190.5 22758.0 10288.2 5780.0 605.4 399.0 7565.6 4330.0 0.0 0.0 123155.3 121672.0 44561.4 39736.0 23.9 19.0 21571.2 17248.0 237236.6 217037.0
2019 3 4 4439.1 4224.0 1618.2 1002.0 22928.9 23397.0 9895.9 5954.0 626.1 411.0 7274.0 4461.0 0.0 0.0 129779.5 125115.0 43164.2 40860.0 24.4 19.0 21668.2 17736.0 241418.6 223179.0
2019 3 5 4472.1 3820.0 1576.4 888.0 23502.8 20615.0 9321.6 5286.0 671.6 364.0 6830.6 3950.0 0.0 0.0 129779.5 110768.0 39614.8 36175.0 30.0 17.0 23958.9 15702.0 239758.3 197585.0
2019 3 6 5226.2 5081.0 1744.2 1162.0 27135.0 26620.0 10155.8 7025.0 734.2 483.0 7440.9 5262.0 0.0 0.0 129779.5 144734.0 40225.6 47267.0 27.3 22.0 17042.0 20517.0 239510.7 258173.0
2019 3 7 5226.2 4632.0 1620.0 1215.0 27827.3 24169.0 9419.7 6391.0 799.0 439.0 6893.8 4788.0 0.0 0.0 134174.8 132054.0 37675.6 43126.0 25.8 20.0 18272.6 18719.0 241934.6 235553.0
2019 3 8 5163.0 5040.0 1447.2 1373.0 25309.7 26239.0 8478.6 6945.0 796.0 476.0 6193.8 5193.0 0.0 0.0 134174.8 143571.0 34532.2 46887.0 24.7 22.0 18455.4 20352.0 234575.4 256098.0
2019 3 9 4606.4 4960.0 1417.9 1364.0 23190.5 25589.0 8423.2 6828.0 624.2 467.0 6125.2 5092.0 0.0 0.0 124058.9 140505.0 34160.3 45886.0 23.6 22.0 18648.7 19917.0 221278.7 250630.0
2019 3 10 4971.2 4438.0 1536.7 1203.0 23190.5 22315.0 9169.1 6121.0 624.2 419.0 6607.1 4564.0 0.0 0.0 123155.3 123888.0 37438.9 40459.0 26.2 19.0 22510.4 17562.0 229229.6 220988.0
2019 3 11 5141.7 4630.0 1627.5 1238.0 27583.8 22745.0 9805.1 6386.0 882.5 437.0 7047.1 4762.0 0.0 0.0 134174.8 127492.0 39131.2 41637.0 29.3 20.0 21989.6 18073.0 247412.6 227420.0
2019 3 12 5174.8 4068.0 1711.4 1099.0 27451.1 20191.0 10067.8 5697.0 718.5 388.0 7155.2 4226.0 0.0 0.0 134174.8 113129.0 38284.4 36946.0 33.7 17.0 21680.7 16037.0 246452.3 201798.0
2019 3 13 4523.5 4465.0 1725.7 1351.0 26639.1 25042.0 9985.7 7288.0 743.7 433.0 7068.3 5297.0 0.0 0.0 129779.5 139159.0 37048.8 45446.0 31.1 21.0 19587.6 19726.0 237133.0 248228.0
2019 3 14 4600.6 3954.0 1697.2 1203.0 26639.1 21553.0 9792.0 6948.0 736.1 410.0 6999.9 5007.0 0.0 0.0 129779.5 123932.0 36365.4 40474.0 30.9 19.0 18536.9 17568.0 235177.7 221068.0
2019 3 15 4523.5 3204.0 1480.8 979.0 24089.1 17570.0 8614.3 5658.0 693.9 334.0 6062.2 4077.0 0.0 0.0 129779.5 100931.0 32470.6 32962.0 27.6 15.0 20479.1 14307.0 228220.6 180037.0
2019 3 16 3701.0 4078.0 1476.4 1245.0 20625.4 22363.0 8811.9 7164.0 598.3 422.0 6136.8 5160.0 0.0 0.0 124058.9 128240.0 31981.3 41881.0 27.0 20.0 17423.1 18179.0 214840.3 228752.0
2019 3 17 3510.8 3420.0 1442.1 1083.0 20615.0 19473.0 8535.9 6315.0 623.9 371.0 5902.0 4537.0 0.0 0.0 123155.3 111642.0 32215.9 36460.0 28.2 17.0 22622.1 15826.0 218651.4 199144.0
2019 3 18 3724.5 3652.0 1721.7 1228.0 22044.3 22117.0 10327.2 7326.0 631.3 427.0 7131.3 5187.0 0.0 0.0 125745.0 126669.0 37780.8 41368.0 34.4 19.0 23487.6 17956.0 232628.1 225949.0
2019 3 19 3367.0 3014.0 1725.9 1053.0 20681.6 18987.0 10348.4 6421.0 715.9 373.0 7109.6 4407.0 0.0 0.0 125745.0 108644.0 36936.4 35481.0 31.3 17.0 21037.1 15401.0 227698.4 193798.0
2019 3 20 4265.8 3177.0 1797.4 1107.0 24089.1 19971.0 10668.4 6745.0 701.5 392.0 7308.4 4629.0 0.0 0.0 129779.5 114250.0 38225.3 37312.0 33.2 18.0 22644.3 16196.0 239512.9 203797.0
2019 3 21 4523.5 4099.0 1555.4 1427.0 26639.1 25734.0 9182.0 8691.0 736.1 505.0 6329.7 5965.0 0.0 0.0 129779.5 147234.0 32988.4 48084.0 28.9 23.0 19767.7 20871.0 231530.5 262633.0
2019 3 22 4523.5 4192.0 1575.0 1459.0 25064.2 26312.0 9447.1 8878.0 706.4 516.0 6423.9 6093.0 0.0 0.0 129779.5 150501.0 33056.9 49151.0 27.9 23.0 18875.9 21334.0 229480.4 268459.0
2019 3 23 4606.4 3985.0 1490.8 1388.0 21979.4 25031.0 8957.0 8432.0 605.4 490.0 6049.0 5787.0 0.0 0.0 124058.9 143084.0 31317.9 46728.0 26.9 22.0 18209.6 20283.0 217301.3 255230.0
2019 3 24 4044.0 3389.0 1564.7 1180.0 21979.4 21297.0 9388.2 7164.0 614.7 416.0 6302.0 4914.0 0.0 0.0 123155.3 121669.0 32855.7 39735.0 27.8 19.0 20264.2 17247.0 220195.9 217030.0
2019 3 25 4516.1 2897.0 1679.3 1012.0 25478.9 18293.0 10181.4 6139.0 682.5 357.0 6872.1 4211.0 0.0 0.0 129779.5 104378.0 35698.5 34088.0 32.6 16.0 21606.4 14796.0 236527.4 186187.0
2019 3 26 4472.1 3192.0 1635.7 1116.0 26052.8 20163.0 9917.9 6758.0 727.9 393.0 6625.4 4635.0 0.0 0.0 129779.5 114999.0 34588.3 37556.0 36.0 18.0 21142.4 16302.0 234978.2 205132.0
2019 3 27 4265.8 3565.0 1664.3 1246.0 24089.1 22523.0 10107.7 7545.0 701.5 438.0 6663.4 5172.0 0.0 0.0 129779.5 128422.0 35175.6 41940.0 35.0 20.0 21916.8 18204.0 234398.7 229075.0
2019 3 28 3617.9 2859.0 1447.7 988.0 22806.9 17874.0 8893.8 6001.0 739.4 348.0 5795.3 4037.0 0.0 0.0 127206.8 101829.0 30621.7 33255.0 29.3 16.0 17916.2 14435.0 219075.0 181642.0
2019 3 29 2930.6 3661.0 1475.9 1249.0 19346.5 22912.0 8635.0 7459.0 747.4 445.0 5211.5 4696.0 0.0 0.0 127206.8 128880.0 28628.8 42044.0 29.6 46.0 17228.6 18249.0 211440.6 229641.0
2019 3 30 2520.9 3561.0 1408.0 1215.0 16429.2 22320.0 7932.8 7268.0 493.4 433.0 4726.3 4514.0 0.0 0.0 118267.3 125334.0 26620.7 40887.0 28.3 45.0 17719.3 17747.0 196146.3 223324.0
2019 3 31 2453.9 2284.0 1590.6 794.0 14735.3 13965.0 8978.9 4735.0 494.1 279.0 5233.3 2658.0 0.0 0.0 123155.3 82922.0 28639.5 26730.0 28.7 30.0 15932.4 11602.0 201242.0 145999.0
2019 4 1 2499.6 2023.0 1673.1 947.0 16314.8 12267.0 9497.1 4218.0 574.8 247.0 5461.5 1925.0 0.0 0.0 124046.2 112205.0 31250.3 24642.0 34.6 35.0 20594.4 15596.0 211946.3 174105.0
2019 4 2 2629.6 1807.0 1588.8 842.0 17031.1 10915.0 9021.4 3751.0 587.7 220.0 5136.4 1711.0 0.0 0.0 124046.2 99856.0 29636.6 21930.0 36.9 31.0 20386.3 13880.0 210101.0 154943.0
2019 4 3 2510.9 1944.0 1697.1 900.0 17054.7 11719.0 9634.0 4035.0 547.5 237.0 5403.8 1841.0 0.0 0.0 125508.0 107266.0 31507.8 23557.0 38.4 34.0 21632.7 14910.0 215534.8 166443.0
2019 4 4 2399.9 2324.0 1466.2 1094.0 16245.5 13781.0 8310.4 4767.0 482.4 280.0 4533.8 2175.0 0.0 0.0 125508.0 126704.0 26812.6 27826.0 32.1 40.0 17700.6 17611.0 203491.4 196602.0
2019 4 5 2982.3 2174.0 1419.0 991.0 19812.1 12570.0 7529.0 4474.0 816.4 261.0 3666.7 2034.0 0.0 0.0 127206.8 116760.0 23826.1 25642.0 32.8 37.0 17896.3 16229.0 205187.6 181172.0
2019 4 6 3352.5 2790.0 1437.4 1251.0 20511.7 15720.0 7412.3 5710.0 682.6 335.0 3619.9 2604.0 0.0 0.0 124058.9 147397.0 23341.2 32371.0 31.4 46.0 17613.3 20488.0 202061.4 228712.0
2019 4 7 3771.5 2583.0 1615.2 1157.0 20971.7 14517.0 8279.2 5284.0 618.2 310.0 3975.1 2410.0 0.0 0.0 123155.3 136245.0 24818.0 29922.0 31.7 43.0 15766.0 18938.0 203001.9 211409.0
2019 4 8 2787.7 2479.0 1619.6 1109.0 18501.2 13918.0 8205.8 5071.0 616.7 297.0 3975.3 2312.0 0.0 0.0 125745.0 130677.0 25631.4 28699.0 35.8 41.0 19209.7 18164.0 206328.1 202767.0
2019 4 9 2400.0 2415.0 1686.2 1081.0 16221.9 13493.0 8622.1 4938.0 550.5 289.0 4110.3 2252.0 0.0 0.0 124046.2 126954.0 26295.8 27881.0 40.9 40.0 18739.3 17646.0 202713.2 196989.0
2019 4 10 2320.4 2370.0 1533.9 1062.0 15620.8 13263.0 7891.4 4841.0 594.5 284.0 3635.9 2208.0 0.0 0.0 125508.0 124666.0 24352.1 27379.0 37.9 39.0 19935.1 17328.0 201430.0 193440.0
2019 4 11 2399.9 2728.0 1570.0 1220.0 16245.5 15231.0 8171.4 5563.0 482.4 326.0 3727.4 2536.0 0.0 0.0 125508.0 143217.0 24284.7 31453.0 36.1 45.0 17320.4 19907.0 199745.8 222226.0
2019 4 12 2394.9 2431.0 1481.0 1203.0 16245.5 15065.0 7218.8 5614.0 500.4 329.0 3055.3 2560.0 0.0 0.0 125508.0 141129.0 21674.8 30994.0 36.3 44.0 20107.6 19616.0 198222.6 218985.0
2019 4 13 2330.1 1831.0 1383.5 986.0 15884.1 12351.0 6797.6 4724.0 499.9 269.0 2885.7 2153.0 0.0 0.0 124058.9 115770.0 20162.6 25425.0 33.2 36.0 17970.1 16092.0 192005.7 179637.0
2019 4 14 3011.8 2101.0 1521.4 1169.0 19686.9 14456.0 7500.5 5790.0 715.1 328.0 3153.8 2603.0 0.0 0.0 123155.3 137208.0 21050.0 30133.0 33.2 43.0 15996.8 19071.0 195824.7 212902.0
2019 4 15 2269.9 2130.0 1532.3 1184.0 15505.6 14640.0 7363.1 5870.0 537.6 332.0 3116.2 2639.0 0.0 0.0 124046.2 139021.0 22491.8 30531.0 39.3 44.0 23500.7 19323.0 200402.9 215714.0
2019 4 16 2629.6 1785.0 1577.9 947.0 17031.1 11238.0 7751.7 4935.0 587.7 279.0 3266.5 2218.0 0.0 0.0 124046.2 111037.0 22680.9 24385.0 38.2 35.0 21283.7 15434.0 200893.5 172293.0
2019 4 17 2987.4 1711.0 1485.1 964.0 18999.4 11482.0 7350.9 5068.0 511.0 287.0 3074.7 2276.0 0.0 0.0 127206.8 113046.0 22302.1 24827.0 40.0 36.0 25079.9 15713.0 209037.3 175410.0
2019 4 18 2399.9 2144.0 1450.8 1280.0 16245.5 15430.0 7250.5 6652.0 477.8 391.0 3014.8 3069.0 0.0 0.0 125508.0 150287.0 21011.6 33005.0 36.3 47.0 20808.9 20889.0 198204.1 233194.0
2019 4 19 2624.5 1947.0 1432.2 1162.0 17054.7 14011.0 7128.6 6037.0 572.7 355.0 2971.4 2786.0 0.0 0.0 125508.0 136434.0 21282.4 29963.0 38.0 43.0 23489.3 18964.0 202101.9 211702.0
2019 4 20 2559.8 2414.0 1305.0 1445.0 16693.3 17371.0 6536.0 7574.0 573.1 440.0 2736.0 3449.0 0.0 0.0 115105.7 169620.0 19966.1 37251.0 36.6 53.0 23582.6 23577.0 189094.1 263194.0
2019 4 21 2372.3 1538.0 1471.7 923.0 15496.9 11096.0 7529.1 4832.0 475.4 280.0 3104.2 2201.0 0.0 0.0 123155.3 108280.0 20731.9 23780.0 34.6 34.0 18648.4 15050.0 193019.8 168014.0
2019 4 22 2247.1 1972.0 1496.8 1182.0 14318.0 14215.0 7532.9 6190.0 496.4 359.0 3121.0 2819.0 0.0 0.0 124046.2 138719.0 22385.1 30465.0 41.4 44.0 26654.9 19281.0 202339.8 215246.0
2019 4 23 2352.9 1948.0 1518.1 1168.0 15510.6 14060.0 7734.6 6115.0 626.1 355.0 3204.0 2785.0 0.0 0.0 124046.2 137139.0 22411.9 30118.0 39.3 43.0 23924.3 19062.0 201368.2 212793.0
2019 4 24 2320.4 1806.0 1575.4 1083.0 15620.8 13035.0 8281.1 5670.0 504.4 329.0 3337.6 2579.0 0.0 0.0 125508.0 127112.0 22467.7 27916.0 37.1 40.0 21450.6 17668.0 201103.1 197238.0
2019 4 25 1595.9 2452.0 1430.7 1471.0 11331.7 17700.0 7559.5 7697.0 509.6 445.0 3008.6 3493.0 0.0 0.0 125508.0 172557.0 20769.2 37896.0 35.1 54.0 20239.7 23985.0 191988.0 267750.0
2019 4 26 1595.8 1918.0 1335.3 1147.0 11331.7 13802.0 6989.3 6006.0 462.9 347.0 2810.4 2723.0 0.0 0.0 125508.0 134601.0 19725.9 29561.0 34.9 42.0 22307.3 18709.0 192101.6 208856.0
2019 4 27 2291.8 1792.0 1329.8 1057.0 15168.4 12866.0 7287.0 5518.0 560.0 324.0 2870.8 2345.0 0.0 0.0 115105.7 123960.0 19971.2 27224.0 34.8 30.0 22036.2 17230.0 186655.7 192346.0
2019 4 28 2372.3 1586.0 1530.4 933.0 14781.6 11373.0 6745.6 4873.0 471.3 286.0 2265.0 2071.0 130.5 0.0 123155.3 109542.0 18984.8 24057.0 31.9 27.0 16876.1 15226.0 187344.8 169974.0
2019 4 29 1561.0 1768.0 1544.1 1040.0 10723.2 12677.0 7145.4 5430.0 466.5 319.0 2437.5 2308.0 133.4 0.0 124046.2 122095.0 20701.7 26814.0 38.2 30.0 23596.1 16971.0 192393.3 189452.0
2019 4 30 1415.1 1556.0 1594.3 915.0 10445.2 11144.0 7399.2 4765.0 410.6 279.0 2489.1 2025.0 155.2 0.0 124046.2 107277.0 21108.7 23560.0 38.3 26.0 23661.8 14911.0 192763.8 166458.0
2019 5 1 1546.2 1299.0 1636.4 959.0 11222.0 9023.0 7980.1 3941.0 470.1 228.0 2765.7 865.0 135.1 419.0 127757.5 122064.0 21393.1 19173.0 35.9 27.0 20637.6 16601.0 195579.5 174599.0
2019 5 2 1452.4 1383.0 1379.1 1017.0 11222.0 9533.0 6786.4 4202.0 470.1 243.0 2295.1 923.0 123.5 447.0 121636.3 129449.0 18422.6 20333.0 31.4 29.0 18485.7 17605.0 182304.6 185164.0
2019 5 3 2393.0 1837.0 1262.7 1339.0 15440.4 12539.0 6196.2 5566.0 490.3 321.0 2119.1 1221.0 108.1 591.0 124203.7 170783.0 16963.8 26825.0 29.4 38.0 17869.6 23227.0 187076.3 244287.0
2019 5 4 2511.4 1444.0 1426.3 995.0 15314.0 9510.0 7260.3 4379.0 465.0 252.0 2408.5 960.0 142.4 465.0 109474.5 131325.0 19560.6 20627.0 35.3 29.0 22828.0 17860.0 181426.3 187846.0
2019 5 5 1764.8 1419.0 1177.9 1001.0 11708.8 9068.0 4997.5 4304.0 444.8 248.0 983.3 943.0 333.6 457.0 124172.3 127213.0 13676.2 19981.0 27.7 28.0 20271.3 17301.0 179558.1 181963.0
2019 5 6 1655.8 1038.0 1282.5 731.0 11693.3 6609.0 5665.7 3149.0 470.1 181.0 1117.6 690.0 379.1 334.0 120660.3 92875.0 14592.7 14588.0 30.2 21.0 21043.3 12631.0 178590.6 132847.0
2019 5 7 1681.1 1670.0 1630.1 1175.0 11693.3 10611.0 6921.7 5066.0 470.1 292.0 1709.1 1110.0 334.1 538.0 122469.3 149244.0 19650.8 23442.0 38.2 33.0 24416.9 20297.0 191014.6 213478.0
2019 5 8 1432.3 1317.0 1440.9 926.0 11222.0 8354.0 6460.7 4000.0 470.1 230.0 1594.2 873.0 290.5 423.0 122028.8 117593.0 17424.8 18470.0 31.1 26.0 19326.3 15993.0 181721.7 168205.0
2019 5 9 2831.7 1405.0 1351.0 985.0 15440.4 8696.0 6278.2 4263.0 490.3 245.0 1551.9 931.0 273.8 451.0 126002.6 123814.0 16623.3 19447.0 30.2 28.0 18381.9 16839.0 189255.2 177104.0
2019 5 10 2646.9 1748.0 1224.1 1286.0 15440.4 10866.0 5669.7 5363.0 490.3 308.0 1363.5 1170.0 264.7 566.0 124203.7 155414.0 14996.7 24411.0 27.7 35.0 18124.8 21136.0 184452.4 222303.0
2019 5 11 1325.3 1240.0 1343.0 1010.0 11095.6 8472.0 6338.6 4361.0 444.8 248.0 1548.0 939.0 299.8 457.0 109318.2 122005.0 16784.9 19163.0 32.7 27.0 22135.8 16593.0 170666.5 174515.0
2019 5 12 1498.2 1021.0 1282.5 885.0 11237.4 7402.0 5665.7 3909.0 444.8 222.0 1117.6 838.0 379.1 408.0 124172.3 107117.0 14592.7 16825.0 30.2 24.0 21043.3 14568.0 181463.9 153219.0
2019 5 13 1456.4 1360.0 1335.6 1203.0 11222.0 10016.0 5675.5 5369.0 470.1 305.0 1114.4 1152.0 370.0 561.0 122251.5 145631.0 14839.2 22874.0 29.6 33.0 18982.8 19806.0 177746.9 208310.0
2019 5 14 1561.9 1164.0 1620.6 1036.0 11222.0 8540.0 6909.4 4689.0 470.1 266.0 1352.2 1003.0 460.3 489.0 125474.8 125368.0 18297.5 19691.0 38.8 28.0 26714.3 17050.0 194121.9 179324.0
2019 5 15 1401.8 1112.0 1436.4 1033.0 11222.0 8162.0 6411.5 4997.0 470.1 281.0 1278.2 1039.0 411.3 517.0 127757.5 125036.0 15858.9 19639.0 30.7 28.0 18910.3 17005.0 185188.7 178849.0
2019 5 16 1635.1 1017.0 1359.6 1029.0 11222.0 8076.0 6089.7 5109.0 470.1 284.0 1230.2 1050.0 395.8 522.0 127757.5 124634.0 15039.7 19576.0 29.6 28.0 17682.7 16950.0 182911.8 178275.0
2019 5 17 1307.9 1190.0 1271.4 1349.0 11222.0 10621.0 5763.2 6793.0 470.1 384.0 1162.9 1369.0 379.8 688.0 127061.2 163350.0 14215.1 25657.0 28.1 37.0 18415.3 22216.0 181297.0 233654.0
2019 5 18 1414.8 915.0 1342.9 1034.0 11095.6 8143.0 6020.9 5207.0 444.8 294.0 1214.7 1050.0 410.5 527.0 110099.5 125239.0 15446.8 19671.0 33.6 28.0 23438.3 17033.0 170962.4 179141.0
2019 5 19 1452.8 773.0 1434.5 873.0 11237.4 6883.0 6649.4 4392.0 444.8 248.0 1347.6 885.0 428.6 445.0 125766.8 105764.0 15690.9 16612.0 29.4 24.0 16945.9 14384.0 181428.1 151283.0
2019 5 20 1461.5 941.0 1358.5 1062.0 11222.0 8378.0 6006.7 5345.0 470.1 302.0 1212.4 1078.0 397.6 541.0 122689.7 128724.0 15125.1 20219.0 30.7 29.0 19371.2 17507.0 179345.4 184126.0
2019 5 21 1291.9 890.0 1610.7 1003.0 11222.0 7908.0 7090.8 5043.0 470.1 285.0 1421.9 1016.0 477.8 511.0 125474.8 121487.0 18149.5 19082.0 38.7 27.0 25974.1 16522.0 193222.2 173774.0
2019 5 22 1095.1 850.0 1445.1 958.0 10040.9 7558.0 6507.3 4823.0 470.1 273.0 1313.9 972.0 425.8 488.0 131112.1 116135.0 15836.3 18241.0 31.0 26.0 18453.6 15794.0 186731.1 166118.0
2019 5 23 1121.2 912.0 1396.5 1016.0 10040.9 8016.0 6238.8 5100.0 470.1 288.0 1279.1 1027.0 409.0 516.0 131112.1 123092.0 15118.5 19334.0 29.7 28.0 15829.6 16741.0 183045.4 176070.0
2019 5 24 1307.9 1092.0 1392.9 1212.0 11222.0 9557.0 6283.7 6092.0 470.1 344.0 1280.5 1227.0 424.8 617.0 127061.2 146911.0 15513.3 23075.0 30.9 33.0 20509.8 19980.0 185496.9 210140.0
2019 5 25 1154.9 851.0 1416.9 944.0 11095.6 7436.0 6292.5 4748.0 444.8 268.0 1279.7 956.0 430.3 495.0 110099.5 114498.0 15879.3 17984.0 33.6 26.0 21743.8 15572.0 169870.8 163778.0
2019 5 26 1220.9 684.0 1530.0 759.0 10056.4 5985.0 7008.7 3820.0 444.8 216.0 1429.6 769.0 459.1 399.0 125766.8 92144.0 16566.0 14473.0 31.3 21.0 17420.4 12532.0 181933.9 131802.0
2019 5 27 1010.8 976.0 1438.7 1082.0 10040.9 8533.0 6289.8 5448.0 470.1 308.0 1250.8 1097.0 459.6 568.0 131060.3 131374.0 15935.6 20635.0 32.4 29.0 20088.7 17867.0 188077.7 187917.0
2019 5 28 1045.8 910.0 1679.8 1008.0 10040.9 7931.0 7281.2 5081.0 470.1 287.0 1402.5 1023.0 798.2 530.0 133349.2 122319.0 18868.5 19213.0 38.9 27.0 26228.9 16635.0 201203.9 174964.0
2019 5 29 1074.2 909.0 1386.9 1006.0 10040.9 7919.0 6236.3 5070.0 470.1 287.0 1178.5 1022.0 775.2 529.0 133428.8 122117.0 15364.0 19181.0 28.9 27.0 20233.7 16608.0 190217.5 174675.0
2019 5 30 1112.2 922.0 1397.2 1020.0 10040.9 8021.0 6086.4 5107.0 470.1 290.0 1162.8 969.0 732.1 669.0 131112.1 123911.0 14734.1 19463.0 26.9 18.0 16328.9 16852.0 183203.6 177242.0
2019 5 31 1078.7 1196.0 1361.5 1363.0 10040.9 10376.0 5958.2 6616.0 470.1 331.0 1134.2 1133.0 716.6 1683.0 130415.7 165560.0 14678.4 26003.0 26.9 24.0 19859.9 22515.0 185741.1 236800.0
2019 6 1 836.7 730.0 1446.7 1008.0 7796.4 6160.0 6314.8 4051.0 415.3 202.0 1166.0 710.0 747.1 1241.0 92102.0 122918.0 15539.4 18024.0 30.9 18.0 22056.8 19906.0 148452.1 174968.0
2019 6 2 836.7 617.0 1552.9 852.0 7796.4 5194.0 6812.2 3427.0 425.9 171.0 1263.4 601.0 800.3 1050.0 107425.8 103831.0 16003.0 15225.0 28.0 15.0 17363.1 16815.0 160307.6 147798.0
2019 6 3 986.4 698.0 1459.3 963.0 9648.5 5867.0 6325.1 3873.0 542.9 193.0 1144.0 679.0 790.2 1186.0 106201.9 117321.0 15586.8 17203.0 29.7 17.0 22193.0 18999.0 164907.8 166999.0
2019 6 4 1060.3 676.0 1668.1 943.0 10234.3 5676.0 7150.9 3776.0 566.5 187.0 1260.8 657.0 1113.0 1148.0 112189.8 113870.0 17552.8 16697.0 32.9 17.0 22741.3 18440.0 175570.9 162087.0
2019 6 5 1060.3 692.0 1442.2 955.0 10234.3 5795.0 6398.7 3849.0 566.5 192.0 1091.9 674.0 1121.4 1178.0 112070.3 116241.0 14885.3 17045.0 25.9 17.0 19288.8 18824.0 168185.7 165462.0
2019 6 6 1060.3 839.0 1390.8 1159.0 10234.3 6892.0 6124.1 4661.0 559.4 233.0 1008.0 816.0 1275.5 1426.0 115626.2 139696.0 14496.3 20484.0 23.3 21.0 26615.0 22623.0 178413.4 198850.0
2019 6 7 1027.6 646.0 1433.9 952.0 9621.0 5082.0 6042.2 3484.0 508.1 173.0 1031.7 606.0 1061.2 1059.0 109791.5 104616.0 14266.2 15340.0 23.7 15.0 19671.8 16942.0 164478.9 148915.0
2019 6 8 914.4 608.0 1404.3 989.0 8382.3 4775.0 6046.2 3279.0 475.5 162.0 1033.0 570.0 1032.4 997.0 92102.0 99200.0 14440.3 14546.0 27.7 15.0 22823.6 16065.0 148681.7 141206.0
2019 6 9 836.7 544.0 1436.4 883.0 7796.4 4247.0 5907.4 2936.0 415.3 145.0 1019.3 511.0 1021.1 892.0 107425.8 88546.0 14086.6 12984.0 25.0 13.0 20623.1 14339.0 160593.1 126040.0
2019 6 10 986.4 749.0 1508.8 1206.0 9648.5 5748.0 6050.6 4039.0 666.5 200.0 1016.9 703.0 1092.6 1228.0 106504.7 120917.0 14921.8 17730.0 631.0 18.0 23300.0 19582.0 166327.9 172120.0
2019 6 11 986.4 625.0 1747.4 1112.0 9648.5 4718.0 7033.0 3374.0 675.4 167.0 1172.1 586.0 1327.8 1025.0 111528.7 101176.0 16774.4 14836.0 698.9 15.0 21281.2 16385.0 172873.9 144019.0
2019 6 12 986.4 657.0 1511.2 1204.0 9648.5 5056.0 6369.5 3697.0 703.0 183.0 1052.4 642.0 1283.7 1122.0 111409.2 109488.0 14369.0 16054.0 610.2 16.0 20594.4 17731.0 168537.5 155850.0
2019 6 13 986.4 726.0 1407.8 1301.0 9648.5 5550.0 5905.7 4249.0 703.6 210.0 975.2 738.0 1178.8 1290.0 115593.1 122596.0 13067.2 17976.0 606.7 18.0 16737.2 19853.0 166810.2 174507.0
2019 6 14 953.7 716.0 1450.1 1297.0 9035.1 5384.0 5918.5 4380.0 457.5 216.0 972.9 761.0 1203.6 1330.0 109455.6 122765.0 13600.6 18001.0 554.0 18.0 21085.4 19881.0 164687.2 174749.0
2019 6 15 836.7 600.0 1420.0 1168.0 7796.4 4811.0 5985.2 4005.0 415.3 195.0 977.4 690.0 1209.4 1206.0 92102.0 110486.0 13613.1 16201.0 718.9 16.0 23126.7 17892.0 148201.0 157270.0
2019 6 16 836.7 470.0 1438.7 1022.0 7796.4 4172.0 5811.4 3515.0 396.9 172.0 951.2 601.0 1170.2 1059.0 107425.8 95971.0 13203.8 14072.0 579.8 14.0 21449.3 15542.0 161060.2 136610.0
2019 6 17 986.4 586.0 1520.0 1274.0 9648.5 5207.0 6003.6 4383.0 666.5 214.0 981.6 750.0 1218.9 1320.0 106504.7 119714.0 14066.9 17554.0 1199.1 18.0 23541.8 19387.0 166337.9 170407.0
2019 6 18 792.9 539.0 1669.0 1161.0 7807.4 4749.0 6591.7 3974.0 541.6 195.0 1082.0 683.0 1322.4 1205.0 112007.8 109017.0 14950.6 15985.0 1264.7 16.0 21373.9 17654.0 169403.9 155178.0
2019 6 19 899.2 549.0 1570.8 1207.0 9019.0 4927.0 6287.2 4141.0 557.0 209.0 1023.6 715.0 1243.0 1263.0 112830.1 113412.0 14073.1 16630.0 1376.7 17.0 20071.9 18366.0 168951.6 161436.0
2019 6 20 986.4 544.0 1436.3 1197.0 9648.5 4877.0 5759.2 4114.0 542.8 207.0 938.9 708.0 1134.0 1251.0 115626.2 112429.0 12773.0 16486.0 1286.4 17.0 17043.0 18207.0 167174.8 160037.0
2019 6 21 887.5 666.0 1432.6 1467.0 8579.2 5981.0 5614.8 5049.0 554.8 253.0 903.6 867.0 1132.1 1530.0 111332.5 137836.0 13028.7 20211.0 1078.2 20.0 22791.0 22321.0 167335.0 196201.0
2019 6 22 762.4 516.0 1506.1 1135.0 7206.8 4635.0 6039.9 3902.0 453.2 196.0 972.9 671.0 1194.9 1184.0 92102.0 106685.0 13565.4 15643.0 1322.2 16.0 21375.8 17277.0 146501.7 151860.0
2019 6 23 718.3 461.0 1696.3 1011.0 6781.3 4119.0 6647.5 3486.0 439.7 175.0 1072.8 600.0 1295.5 1058.0 107425.8 95098.0 14552.1 13944.0 1176.7 14.0 19186.8 15400.0 160992.6 135366.0
2019 6 24 899.2 576.0 1575.9 1261.0 9019.0 5141.0 6027.2 4354.0 516.6 219.0 964.7 749.0 1190.8 1322.0 105104.8 118743.0 13861.8 17412.0 1788.9 17.0 22270.0 19229.0 163218.8 169023.0
2019 6 25 899.2 523.0 1753.2 1144.0 9019.0 4667.0 6655.9 3948.0 557.0 198.0 1056.8 679.0 1388.0 1199.0 112007.8 107724.0 15477.4 15796.0 1889.6 16.0 26303.6 17445.0 177007.3 153339.0
2019 6 26 952.3 583.0 1591.6 1275.0 9192.6 5202.0 6112.1 4406.0 644.7 221.0 959.0 758.0 1304.8 1337.0 112830.1 120134.0 13880.7 17615.0 1950.2 18.0 20868.1 19455.0 170286.4 171004.0
2019 6 27 986.4 584.0 1511.1 1274.0 9648.5 5168.0 5775.5 4416.0 703.6 222.0 873.1 759.0 1396.6 1340.0 115593.1 119971.0 13014.9 17592.0 1982.4 18.0 17621.9 19428.0 169107.2 170772.0
2019 6 28 919.6 748.0 1485.6 1685.0 8579.2 6619.0 5160.7 5569.0 627.6 284.0 764.3 902.0 1360.6 2248.0 111790.5 157292.0 15064.4 23064.0 3180.8 13.0 22641.3 25472.0 171574.6 223896.0
2019 6 29 738.2 531.0 1498.0 1229.0 7033.2 4737.0 5342.5 3960.0 465.2 202.0 794.7 640.0 1387.0 1595.0 92102.0 112330.0 15090.4 16471.0 3866.2 10.0 21726.4 18191.0 150043.9 159896.0
2019 6 30 836.7 441.0 1664.2 961.0 7796.4 3934.0 5978.8 3267.0 396.9 155.0 883.2 510.0 1528.3 1593.0 107425.8 87039.0 16540.6 12877.0 3321.7 7.0 18479.4 14222.0 164852.0 125006.0
