year month house_pred house_true house_mape houseCooking_pred houseCooking_true houseCooking_mape houseJHeating_pred houseJHeating_true houseJHeating_mape salesOne_pred salesOne_true salesOne_mape salesTwo_pred salesTwo_true salesTwo_mape bizHeating_pred bizHeating_true bizHeating_mape bizCooling_pred bizCooling_true bizCooling_mape industry_pred industry_true industry_mape heatFacility_pred heatFacility_true heatFacility_mape heatCombined_pred heatCombined_true heatCombined_mape CNG_pred CNG_true CNG_mape pred_sum true_sum sum_mape
2018 7 16132.9 13239.0 21.9 , 43617.8 34556.0 26.2 , 184905.8 113539.0 62.9 , 229442.5 113272.0 102.6 , 8410.3 5237.0 60.6 , 32857.7 14182.0 131.7 , 70411.6 63451.0 11.0 , 3170059.8 3242809.0 2.2 , 537884.2 656053.0 18.0 , 315562.0 331.0 95236.0 , 543727.8 587555.0 7.5 , 5153012.5 4844224.0 6.37
2018 8 16074.9 10604.0 51.6 , 41316.6 33832.0 22.1 , 190884.8 87866.0 117.2 , 219196.2 98920.0 121.6 , 12567.7 7620.0 64.9 , 28816.1 10991.0 162.2 , 80217.4 64624.0 24.1 , 3160851.7 3163215.0 0.1 , 499606.2 634696.0 21.3 , 317372.3 340829.0 6.9 , 528163.2 590027.0 10.5 , 5095067.3 5043224.0 1.03
2018 9 18983.7 15783.0 20.3 , 40964.4 34193.0 19.8 , 201178.8 112152.0 79.4 , 219426.0 92035.0 138.4 , 14442.8 8045.0 79.5 , 35170.1 14537.0 141.9 , 43159.9 26981.0 60.0 , 3039834.6 3222134.0 5.7 , 361025.1 513669.0 29.7 , 168576.5 1407.0 11881.3 , 511236.7 562130.0 9.1 , 4653998.6 4603066.0 1.11
2018 10 48732.1 63091.0 22.8 , 44722.3 39720.0 12.6 , 379706.8 380302.0 0.2 , 250638.9 178003.0 40.8 , 14787.8 15431.0 4.2 , 75385.1 66349.0 13.6 , 5318.1 0.0 -1.0 , 3353498.1 3716197.0 9.8 , 385984.2 659868.0 41.5 , 80811.4 1616.0 4900.7 , 571757.0 538942.0 6.1 , 5211341.8 5659519.0 7.92
2018 11 91446.0 107212.0 14.7 , 43432.3 38189.0 13.7 , 589146.8 569040.0 3.5 , 296437.6 174636.0 69.7 , 14301.1 16059.0 10.9 , 172618.2 104435.0 65.3 , 0.0 0.0 -1.0 , 3610555.5 3850975.0 6.2 , 554681.6 1178069.0 52.9 , 307084.6 1040.0 29427.4 , 561768.3 546473.0 2.8 , 6241472.0 6586128.0 5.23
2018 12 167557.0 218707.0 23.4 , 46851.4 35607.0 31.6 , 995362.2 1072246.0 7.2 , 322162.0 236824.0 36.0 , 23414.6 25656.0 8.7 , 272977.5 205142.0 33.1 , 0.0 0.0 -1.0 , 4383265.6 4092284.0 7.1 , 1059136.1 1677154.0 36.8 , 112339.6 4237.0 2551.4 , 705535.1 574297.0 22.9 , 8088601.1 8142154.0 0.66
2019 1 201062.5 219758.0 8.5 , 47902.9 37444.0 27.9 , 1093937.0 1199917.0 8.8 , 310717.8 253619.0 22.5 , 28243.3 19356.0 45.9 , 257919.7 243799.0 5.8 , 0.0 0.0 -1.0 , 4419314.0 4314448.0 2.4 , 1451435.4 1770366.0 18.0 , 346.6 102.0 239.8 , 639210.6 544487.0 17.4 , 8450089.8 8603296.0 1.78
2019 2 180081.5 189619.0 5.0 , 44744.5 32890.0 36.0 , 942790.3 1057353.0 10.8 , 269895.8 219773.0 22.8 , 24602.0 17135.0 43.6 , 217935.5 200004.0 9.0 , 0.0 0.0 -1.0 , 3764596.5 3440559.0 9.4 , 1308114.2 1646150.0 20.5 , 901.8 0.0 -1.0 , 575768.4 488293.0 17.9 , 7329430.5 7291776.0 0.52
2019 3 134218.1 120261.0 11.6 , 49000.5 35979.0 36.2 , 729834.0 687033.0 6.2 , 290953.7 207540.0 40.2 , 21176.2 12906.0 64.1 , 201703.0 146748.0 37.4 , 0.0 0.0 -1.0 , 3963945.4 3845098.0 3.1 , 1097098.7 1255293.0 12.6 , 899.3 661.0 36.1 , 630070.3 544870.0 15.6 , 7118899.3 6856389.0 3.83
2019 4 73386.9 62467.0 17.5 , 45302.1 32913.0 37.6 , 482604.9 405406.0 19.0 , 231675.6 162012.0 43.0 , 16512.3 9419.0 75.3 , 103168.9 73110.0 41.1 , 419.1 0.0 -1.0 , 3722605.0 3866781.0 3.7 , 693637.1 849207.0 18.3 , 1085.4 1182.0 8.2 , 618009.1 537469.0 15.0 , 5988406.3 5999966.0 0.19
2019 5 46944.9 35485.0 32.3 , 43652.1 32299.0 35.1 , 356276.1 268742.0 32.6 , 197020.4 151352.0 30.2 , 14451.9 8559.0 68.9 , 44619.5 31300.0 42.6 , 12426.2 16851.0 26.3 , 3854950.5 3972190.0 3.0 , 505838.7 623908.0 18.9 , 979.4 866.0 13.1 , 627696.6 540220.0 16.2 , 5704856.2 5681772.0 0.41
2019 6 27457.1 18440.0 48.9 , 45629.4 34295.0 33.0 , 263944.4 155090.0 70.2 , 184192.2 119564.0 54.1 , 16160.6 5951.0 171.6 , 30407.3 20536.0 48.1 , 35525.2 37882.0 6.2 , 3223637.9 3407062.0 5.4 , 436346.9 499698.0 12.7 , 31330.2 480.0 6427.1 , 636245.7 551873.0 15.3 , 4930876.7 4850871.0 1.65
