2014 1 1	119661 
2014 1 2	157900 
2014 1 3	163054 
2014 1 4	137908 
2014 1 5	123537 
2014 1 6	159659 
2014 1 7	171492 
2014 1 8	168530 
2014 1 9	181465 
2014 1 10	171998 
2014 1 11	132736 
2014 1 12	134038 
2014 1 13	181602 
2014 1 14	190346 
2014 1 15	182483 
2014 1 16	170968 
2014 1 17	158439 
2014 1 18	151156 
2014 1 19	123271 
2014 1 20	154034 
2014 1 21	165005 
2014 1 22	162312 
2014 1 23	158528 
2014 1 24	151804 
2014 1 25	129766 
2014 1 26	122070 
2014 1 27	155856 
2014 1 28	153654 
2014 1 29	130909 
2014 1 30	86993 
2014 1 31	78136 
2014 2 1	82692 
2014 2 2	89922 
2014 2 3	138902 
2014 2 4	147871 
2014 2 5	153959 
2014 2 6	164982 
2014 2 7	160748 
2014 2 8	131457 
2014 2 9	117540 
2014 2 10	148912 
2014 2 11	147971 
2014 2 12	143821 
2014 2 13	150512 
2014 2 14	159501 
2014 2 15	142517 
2014 2 16	120623 
2014 2 17	157945 
2014 2 18	161314 
2014 2 19	146878 
2014 2 20	151018 
2014 2 21	152229 
2014 2 22	138347 
2014 2 23	118779 
2014 2 24	162137 
2014 2 25	165450 
2014 2 26	158447 
2014 2 27	155750 
2014 2 28	149893 
2014 3 1	125015 
2014 3 2	101256 
2014 3 3	138622 
2014 3 4	141463 
2014 3 5	169716 
2014 3 6	171291 
2014 3 7	170436 
2014 3 8	146191 
2014 3 9	123434 
2014 3 10	162083 
2014 3 11	160047 
2014 3 12	163562 
2014 3 13	167998 
2014 3 14	157840 
2014 3 15	132972 
2014 3 16	101984 
2014 3 17	128321 
2014 3 18	138244 
2014 3 19	140274 
2014 3 20	146208 
2014 3 21	136576 
2014 3 22	126866 
2014 3 23	108926 
2014 3 24	141925 
2014 3 25	131345 
2014 3 26	133386 
2014 3 27	132340 
2014 3 28	124819 
2014 3 29	103872 
2014 3 30	76422 
2014 3 31	115393 
2014 4 1	115045 
2014 4 2	132535 
2014 4 3	152524 
2014 4 4	160147 
2014 4 5	149434 
2014 4 6	135020 
2014 4 7	189271 
2014 4 8	191855 
2014 4 9	167500 
2014 4 10	154234 
2014 4 11	142845 
2014 4 12	118264 
2014 4 13	89516 
2014 4 14	129320 
2014 4 15	120167 
2014 4 16	118082 
2014 4 17	126264 
2014 4 18	118709 
2014 4 19	103177 
2014 4 20	94899 
2014 4 21	126383 
2014 4 22	124785 
2014 4 23	124648 
2014 4 24	114769 
2014 4 25	114359 
2014 4 26	102158 
2014 4 27	85534 
2014 4 28	122606 
2014 4 29	129724 
2014 4 30	133856 
2014 5 1	118698 
2014 5 2	120781 
2014 5 3	96481 
2014 5 4	80688 
2014 5 5	78090 
2014 5 6	90483 
2014 5 7	112369 
2014 5 8	113271 
2014 5 9	114092 
2014 5 10	96974 
2014 5 11	71083 
2014 5 12	114926 
2014 5 13	113804 
2014 5 14	130585 
2014 5 15	132524 
2014 5 16	123173 
2014 5 17	106557 
2014 5 18	83640 
2014 5 19	122778 
2014 5 20	123024 
2014 5 21	123936 
2014 5 22	120294 
2014 5 23	115151 
2014 5 24	97962 
2014 5 25	71728 
2014 5 26	116868 
2014 5 27	118380 
2014 5 28	123521 
2014 5 29	118435 
2014 5 30	121528 
2014 5 31	102333 
2014 6 1	73696 
2014 6 2	119744 
2014 6 3	118799 
2014 6 4	112774 
2014 6 5	110096 
2014 6 6	105565 
2014 6 7	77121 
2014 6 8	72779 
2014 6 9	112356 
2014 6 10	108072 
2014 6 11	117460 
2014 6 12	114860 
2014 6 13	115244 
2014 6 14	97423 
2014 6 15	74851 
2014 6 16	116074 
2014 6 17	114400 
2014 6 18	103847 
2014 6 19	109829 
2014 6 20	88096 
2014 6 21	74446 
2014 6 22	62550 
2014 6 23	107456 
2014 6 24	112481 
2014 6 25	104422 
2014 6 26	113390 
2014 6 27	112170 
2014 6 28	101338 
2014 6 29	90832 
2014 6 30	112936 
2014 7 1	109681 
2014 7 2	110904 
2014 7 3	106972 
2014 7 4	103781 
2014 7 5	91399 
2014 7 6	83154 
2014 7 7	112783 
2014 7 8	119393 
2014 7 9	118448 
2014 7 10	123096 
2014 7 11	109939 
2014 7 12	93385 
2014 7 13	89905 
2014 7 14	115003 
2014 7 15	114380 
2014 7 16	112488 
2014 7 17	118200 
2014 7 18	122290 
2014 7 19	112287 
2014 7 20	97156 
2014 7 21	123538 
2014 7 22	122682 
2014 7 23	110399 
2014 7 24	111763 
2014 7 25	113730 
2014 7 26	97690 
2014 7 27	86156 
2014 7 28	109782 
2014 7 29	108959 
2014 7 30	108538 
2014 7 31	118839 
2014 8 1	112323 
2014 8 2	99842 
2014 8 3	92887 
2014 8 4	115896 
2014 8 5	121012 
2014 8 6	122721 
2014 8 7	125846 
2014 8 8	114946 
2014 8 9	120140 
2014 8 10	97532 
2014 8 11	127894 
2014 8 12	111846 
2014 8 13	109009 
2014 8 14	116302 
2014 8 15	113275 
2014 8 16	94912 
2014 8 17	91504 
2014 8 18	124666 
2014 8 19	114282 
2014 8 20	103890 
2014 8 21	103023 
2014 8 22	105299 
2014 8 23	91745 
2014 8 24	86794 
2014 8 25	110946 
2014 8 26	115518 
2014 8 27	112957 
2014 8 28	119137 
2014 8 29	109516 
2014 8 30	87327 
2014 8 31	84485 
2014 9 1	116250 
2014 9 2	113771 
2014 9 3	111089 
2014 9 4	108729 
2014 9 5	92226 
2014 9 6	64397 
2014 9 7	55564 
2014 9 8	52957 
2014 9 9	58060 
2014 9 10	68908 
2014 9 11	105996 
2014 9 12	113211 
2014 9 13	94526 
2014 9 14	86920 
2014 9 15	113048 
2014 9 16	113249 
2014 9 17	115915 
2014 9 18	107686 
2014 9 19	105896 
2014 9 20	78756 
2014 9 21	65539 
2014 9 22	114059 
2014 9 23	117777 
2014 9 24	116408 
2014 9 25	109952 
2014 9 26	107374 
2014 9 27	79452 
2014 9 28	71041 
2014 9 29	119066 
2014 9 30	113805 
2014 10 1	109880 
2014 10 2	99301 
2014 10 3	93668 
2014 10 4	79341 
2014 10 5	81232 
2014 10 6	126751 
2014 10 7	123646 
2014 10 8	114842 
2014 10 9	92943 
2014 10 10	100604 
2014 10 11	77594 
2014 10 12	67614 
2014 10 13	102035 
2014 10 14	101968 
2014 10 15	96545 
2014 10 16	102950 
2014 10 17	103633 
2014 10 18	94171 
2014 10 19	89229 
2014 10 20	125701 
2014 10 21	116285 
2014 10 22	122209 
2014 10 23	113640 
2014 10 24	97448 
2014 10 25	83354 
2014 10 26	63621 
2014 10 27	85067 
2014 10 28	88164 
2014 10 29	95402 
2014 10 30	99533 
2014 10 31	101270 
2014 11 1	83924 
2014 11 2	94067 
2014 11 3	136974 
2014 11 4	152195 
2014 11 5	146502 
2014 11 6	173887 
2014 11 7	158006 
2014 11 8	107273 
2014 11 9	98905 
2014 11 10	132716 
2014 11 11	139472 
2014 11 12	149926 
2014 11 13	144372 
2014 11 14	124404 
2014 11 15	99964 
2014 11 16	92585 
2014 11 17	145543 
2014 11 18	147363 
2014 11 19	138723 
2014 11 20	141737 
2014 11 21	132484 
2014 11 22	93649 
2014 11 23	83978 
2014 11 24	134807 
2014 11 25	136203 
2014 11 26	132018 
2014 11 27	138398 
2014 11 28	134684 
2014 11 29	101332 
2014 11 30	92281 
2014 12 1	165408 
2014 12 2	176131 
2014 12 3	166683 
2014 12 4	168112 
2014 12 5	169446 
2014 12 6	130390 
2014 12 7	122630 
2014 12 8	169245 
2014 12 9	169444 
2014 12 10	166409 
2014 12 11	169753 
2014 12 12	162131 
2014 12 13	125760 
2014 12 14	122654 
2014 12 15	170547 
2014 12 16	169565 
2014 12 17	173436 
2014 12 18	166268 
2014 12 19	159166 
2014 12 20	131252 
2014 12 21	113084 
2014 12 22	162845 
2014 12 23	157037 
2014 12 24	151467 
2014 12 25	130254 
2014 12 26	135796 
2014 12 27	131052 
2014 12 28	115373 
2014 12 29	171844 
2014 12 30	161104 
2014 12 31	149105 
2015 1 1	121015 
2015 1 2	142806 
2015 1 3	129058 
2015 1 4	111220 
2015 1 5	161623 
2015 1 6	170287 
2015 1 7	175123 
2015 1 8	174817 
2015 1 9	171819 
2015 1 10	150541 
2015 1 11	123472 
2015 1 12	170069 
2015 1 13	169368 
2015 1 14	162032 
2015 1 15	156924 
2015 1 16	153792 
2015 1 17	119655 
2015 1 18	120223 
2015 1 19	169445 
2015 1 20	162378 
2015 1 21	160588 
2015 1 22	160178 
2015 1 23	162848 
2015 1 24	117593 
2015 1 25	113731 
2015 1 26	157835 
2015 1 27	164499 
2015 1 28	159641 
2015 1 29	159237 
2015 1 30	149258 
2015 1 31	123514 
2015 2 1	116351 
2015 2 2	165018 
2015 2 3	165749 
2015 2 4	169473 
2015 2 5	161149 
2015 2 6	148293 
2015 2 7	124485 
2015 2 8	118816 
2015 2 9	160538 
2015 2 10	153397 
2015 2 11	151453 
2015 2 12	162890 
2015 2 13	160506 
2015 2 14	128775 
2015 2 15	122103 
2015 2 16	160620 
2015 2 17	143725 
2015 2 18	102549 
2015 2 19	94847 
2015 2 20	95738 
2015 2 21	99093 
2015 2 22	103213 
2015 2 23	157635 
2015 2 24	157866 
2015 2 25	151259 
2015 2 26	150914 
2015 2 27	157493 
2015 2 28	124302 
2015 3 1	116238 
2015 3 2	166252 
2015 3 3	162756 
2015 3 4	167419 
2015 3 5	160052 
2015 3 6	149720 
2015 3 7	121804 
2015 3 8	104252 
2015 3 9	139884 
2015 3 10	151537 
2015 3 11	146098 
2015 3 12	145568 
2015 3 13	141971 
2015 3 14	117783 
2015 3 15	111788 
2015 3 16	147223 
2015 3 17	148874 
2015 3 18	165610 
2015 3 19	161545 
2015 3 20	159146 
2015 3 21	125680 
2015 3 22	128308 
2015 3 23	178837 
2015 3 24	185281 
2015 3 25	179507 
2015 3 26	178207 
2015 3 27	164564 
2015 3 28	132105 
2015 3 29	114870 
2015 3 30	157019 
2015 3 31	159098 
2015 4 1	160821 
2015 4 2	163212 
2015 4 3	172532 
2015 4 4	135020 
2015 4 5	105653 
2015 4 6	159712 
2015 4 7	164064 
2015 4 8	147395 
2015 4 9	148196 
2015 4 10	135211 
2015 4 11	97627 
2015 4 12	90074 
2015 4 13	137017 
2015 4 14	145701 
2015 4 15	138484 
2015 4 16	152266 
2015 4 17	153234 
2015 4 18	103436 
2015 4 19	90081 
2015 4 20	125355 
2015 4 21	120201 
2015 4 22	116892 
2015 4 23	116640 
2015 4 24	117691 
2015 4 25	99094 
2015 4 26	77816 
2015 4 27	106450 
2015 4 28	115827 
2015 4 29	112430 
2015 4 30	115287 
2015 5 1	106691 
2015 5 2	88519 
2015 5 3	86230 
2015 5 4	104543 
2015 5 5	95969 
2015 5 6	116820 
2015 5 7	106856 
2015 5 8	113513 
2015 5 9	96677 
2015 5 10	86819 
2015 5 11	133519 
2015 5 12	141003 
2015 5 13	127039 
2015 5 14	115551 
2015 5 15	118206 
2015 5 16	87307 
2015 5 17	80170 
2015 5 18	128030 
2015 5 19	116476 
2015 5 20	112153 
2015 5 21	120856 
2015 5 22	119213 
2015 5 23	90702 
2015 5 24	75773 
2015 5 25	87388 
2015 5 26	97200 
2015 5 27	111374 
2015 5 28	118861 
2015 5 29	109286 
2015 5 30	89574 
2015 5 31	78100 
2015 6 1	119730 
2015 6 2	128769 
2015 6 3	128703 
2015 6 4	126972 
2015 6 5	129293 
2015 6 6	87167 
2015 6 7	82980 
2015 6 8	121355 
2015 6 9	123120 
2015 6 10	119260 
2015 6 11	128961 
2015 6 12	123193 
2015 6 13	96599 
2015 6 14	94385 
2015 6 15	121528 
2015 6 16	127616 
2015 6 17	120477 
2015 6 18	117365 
2015 6 19	122290 
2015 6 20	93442 
2015 6 21	78650 
2015 6 22	118865 
2015 6 23	112280 
2015 6 24	106535 
2015 6 25	107243 
2015 6 26	103240 
2015 6 27	87244 
2015 6 28	78644 
2015 6 29	103033 
2015 6 30	104658 
2015 7 1	118716 
2015 7 2	116292 
2015 7 3	118561 
2015 7 4	94293 
2015 7 5	78425 
2015 7 6	115461 
2015 7 7	127226 
2015 7 8	122806 
2015 7 9	114185 
2015 7 10	105553 
2015 7 11	91086 
2015 7 12	85059 
2015 7 13	118586 
2015 7 14	113942 
2015 7 15	108343 
2015 7 16	114659 
2015 7 17	113279 
2015 7 18	86501 
2015 7 19	75722 
2015 7 20	115781 
2015 7 21	127145 
2015 7 22	123658 
2015 7 23	112623 
2015 7 24	103887 
2015 7 25	72832 
2015 7 26	57602 
2015 7 27	89104 
2015 7 28	90924 
2015 7 29	96051 
2015 7 30	108465 
2015 7 31	102026 
2015 8 1	73885 
2015 8 2	62125 
2015 8 3	99789 
2015 8 4	101073 
2015 8 5	94846 
2015 8 6	95178 
2015 8 7	95270 
2015 8 8	70708 
2015 8 9	58866 
2015 8 10	104742 
2015 8 11	112737 
2015 8 12	109214 
2015 8 13	104080 
2015 8 14	79930 
2015 8 15	67062 
2015 8 16	59031 
2015 8 17	101734 
2015 8 18	100406 
2015 8 19	98093 
2015 8 20	106352 
2015 8 21	100935 
2015 8 22	72059 
2015 8 23	60316 
2015 8 24	107522 
2015 8 25	112671 
2015 8 26	113898 
2015 8 27	115508 
2015 8 28	114508 
2015 8 29	94457 
2015 8 30	65502 
2015 8 31	116799 
2015 9 1	126856 
2015 9 2	119001 
2015 9 3	120852 
2015 9 4	113995 
2015 9 5	110132 
2015 9 6	79981 
2015 9 7	129846 
2015 9 8	131551 
2015 9 9	124530 
2015 9 10	118751 
2015 9 11	103821 
2015 9 12	91416 
2015 9 13	75077 
2015 9 14	106821 
2015 9 15	122204 
2015 9 16	126544 
2015 9 17	115778 
2015 9 18	110669 
2015 9 19	88487 
2015 9 20	66037 
2015 9 21	109543 
2015 9 22	111116 
2015 9 23	120107 
2015 9 24	117199 
2015 9 25	90767 
2015 9 26	70135 
2015 9 27	66155 
2015 9 28	71058 
2015 9 29	101543 
2015 9 30	113843 
2015 10 1	123678 
2015 10 2	110034 
2015 10 3	81086 
2015 10 4	70423 
2015 10 5	127652 
2015 10 6	123451 
2015 10 7	142781 
2015 10 8	139079 
2015 10 9	99933 
2015 10 10	77687 
2015 10 11	61715 
2015 10 12	114880 
2015 10 13	117673 
2015 10 14	112854 
2015 10 15	136700 
2015 10 16	146137 
2015 10 17	115377 
2015 10 18	91070 
2015 10 19	137681 
2015 10 20	140651 
2015 10 21	135447 
2015 10 22	137788 
2015 10 23	127265 
2015 10 24	93588 
2015 10 25	80892 
2015 10 26	134604 
2015 10 27	134591 
2015 10 28	136344 
2015 10 29	135341 
2015 10 30	121823 
2015 10 31	102442 
2015 11 1	91840 
2015 11 2	121069 
2015 11 3	139254 
2015 11 4	135035 
2015 11 5	137362 
2015 11 6	134734 
2015 11 7	108815 
2015 11 8	99417 
2015 11 9	149277 
2015 11 10	156843 
2015 11 11	164151 
2015 11 12	140546 
2015 11 13	146546 
2015 11 14	100423 
2015 11 15	84188 
2015 11 16	153662 
2015 11 17	166635 
2015 11 18	175241 
2015 11 19	164282 
2015 11 20	244220 
2015 11 21	133774 
2015 11 22	105024 
2015 11 23	149343 
2015 11 24	156886 
2015 11 25	217927 
2015 11 26	216111 
2015 11 27	166063 
2015 11 28	143045 
2015 11 29	156516 
2015 11 30	166696 
2015 12 1	261095 
2015 12 2	175782 
2015 12 3	176152 
2015 12 4	217205 
2015 12 5	138648 
2015 12 6	194303 
2015 12 7	183552 
2015 12 8	59475 
2015 12 9	0 
2015 12 10	39269 
2015 12 11	148247 
2015 12 12	127444 
2015 12 13	154188 
2015 12 14	213727 
2015 12 15	157476 
2015 12 16	160008 
2015 12 17	288095 
2015 12 18	175915 
2015 12 19	145608 
2015 12 20	221064 
2015 12 21	166892 
2015 12 22	163141 
2015 12 23	244762 
2015 12 24	154960 
2015 12 25	142712 
2015 12 26	226756 
2015 12 27	523609 
2015 12 28	233109 
2015 12 29	160133 
2015 12 30	230732 
2015 12 31	161366 
2016 1 1	131692 
2016 1 2	215030 
2016 1 3	125636 
2016 1 4	163386 
2016 1 5	286602 
2016 1 6	184351 
2016 1 7	183131 
2016 1 8	264222 
2016 1 9	149268 
2016 1 10	123233 
2016 1 11	267492 
2016 1 12	171795 
2016 1 13	173509 
2016 1 14	245417 
2016 1 15	263229 
2016 1 16	149583 
2016 1 17	134325 
2016 1 18	248836 
2016 1 19	189668 
2016 1 20	282712 
2016 1 21	186230 
2016 1 22	284398 
2016 1 23	167735 
2016 1 24	237490 
2016 1 25	195983 
2016 1 26	281650 
2016 1 27	182404 
2016 1 28	268574 
2016 1 29	183726 
2016 1 30	148449 
2016 1 31	239550 
2016 2 1	190892 
2016 2 2	269667 
2016 2 3	193764 
2016 2 4	294859 
2016 2 5	189918 
2016 2 6	177932 
2016 2 7	240233 
2016 2 8	137505 
2016 2 9	138549 
2016 2 10	241349 
2016 2 11	175210 
2016 2 12	232553 
2016 2 13	140312 
2016 2 14	142076 
2016 2 15	272326 
2016 2 16	232199 
2016 2 17	226945 
2016 2 18	185794 
2016 2 19	236669 
2016 2 20	149402 
2016 2 21	125603 
2016 2 22	280973 
2016 2 23	184198 
2016 2 24	180322 
2016 2 25	296098 
2016 2 26	182580 
2016 2 27	140654 
2016 2 28	213673 
2016 2 29	163543 
2016 3 1	153888 
2016 3 2	281591 
2016 3 3	166109 
2016 3 4	161480 
2016 3 5	131666 
2016 3 6	199448 
2016 3 7	152876 
2016 3 8	168461 
2016 3 9	195010 
2016 3 10	243442 
2016 3 11	182186 
2016 3 12	190867 
2016 3 13	138866 
2016 3 14	178357 
2016 3 15	226107 
2016 3 16	233102 
2016 3 17	173414 
2016 3 18	158996 
2016 3 19	168788 
2016 3 20	159677 
2016 3 21	168523 
2016 3 22	177033 
2016 3 23	160561 
2016 3 24	161836 
2016 3 25	208298 
2016 3 26	163894 
2016 3 27	197343 
2016 3 28	165501 
2016 3 29	169990 
2016 3 30	194735 
2016 3 31	137106 
2016 4 1	130751 
2016 4 2	109455 
2016 4 3	182153 
2016 4 4	150968 
2016 4 5	156971 
2016 4 6	154667 
2016 4 7	155393 
2016 4 8	136019 
2016 4 9	150441 
2016 4 10	163530 
2016 4 11	135634 
2016 4 12	165317 
2016 4 13	119745 
2016 4 14	142498 
2016 4 15	123380 
2016 4 16	88848 
2016 4 17	143263 
2016 4 18	97690 
2016 4 19	94416 
2016 4 20	87445 
2016 4 21	90566 
2016 4 22	79743 
2016 4 23	56035 
2016 4 24	118194 
2016 4 25	110489 
2016 4 26	118715 
2016 4 27	182089 
2016 4 28	122696 
2016 4 29	119596 
2016 4 30	103635 
2016 5 1	206560 
2016 5 2	177108 
2016 5 3	165813 
2016 5 4	152204 
2016 5 5	125649 
2016 5 6	129343 
2016 5 7	116195 
2016 5 8	190197 
2016 5 9	145468 
2016 5 10	152790 
2016 5 11	148803 
2016 5 12	141117 
2016 5 13	134547 
2016 5 14	108346 
2016 5 15	165751 
2016 5 16	143409 
2016 5 17	147929 
2016 5 18	166695 
2016 5 19	144177 
2016 5 20	142096 
2016 5 21	105841 
2016 5 22	172592 
2016 5 23	136087 
2016 5 24	142062 
2016 5 25	141599 
2016 5 26	150995 
2016 5 27	155021 
2016 5 28	131329 
2016 5 29	179700 
2016 5 30	145243 
2016 5 31	169462 
2016 6 1	134377 
2016 6 2	134236 
2016 6 3	127480 
2016 6 4	101766 
2016 6 5	164691 
2016 6 6	120151 
2016 6 7	146540 
2016 6 8	138880 
2016 6 9	135779 
2016 6 10	157224 
2016 6 11	87376 
2016 6 12	73948 
2016 6 13	124122 
2016 6 14	175482 
2016 6 15	125325 
2016 6 16	129400 
2016 6 17	108293 
2016 6 18	99145 
2016 6 19	154560 
2016 6 20	120138 
2016 6 21	121779 
2016 6 22	125015 
2016 6 23	113399 
2016 6 24	111498 
2016 6 25	115212 
2016 6 26	153938 
2016 6 27	123651 
2016 6 28	145017 
2016 6 29	119458 
2016 6 30	122098 
2016 7 1	118002 
2016 7 2	97744 
2016 7 3	163332 
2016 7 4	113725 
2016 7 5	128358 
2016 7 6	120246 
2016 7 7	162200 
2016 7 8	117913 
2016 7 9	95759 
2016 7 10	142687 
2016 7 11	120598 
2016 7 12	148171 
2016 7 13	123425 
2016 7 14	128588 
2016 7 15	125317 
2016 7 16	107381 
2016 7 17	167068 
2016 7 18	132292 
2016 7 19	135431 
2016 7 20	128095 
2016 7 21	137464 
2016 7 22	133559 
2016 7 23	99383 
2016 7 24	152666 
2016 7 25	122603 
2016 7 26	154041 
2016 7 27	133854 
2016 7 28	120863 
2016 7 29	115306 
2016 7 30	90181 
2016 7 31	156553 
2016 8 1	109509 
2016 8 2	111957 
2016 8 3	110084 
2016 8 4	146178 
2016 8 5	96825 
2016 8 6	93182 
2016 8 7	127967 
2016 8 8	106952 
2016 8 9	138824 
2016 8 10	110152 
2016 8 11	132722 
2016 8 12	105842 
2016 8 13	101254 
2016 8 14	120873 
2016 8 15	91472 
2016 8 16	104901 
2016 8 17	120776 
2016 8 18	106780 
2016 8 19	114788 
2016 8 20	94170 
2016 8 21	131661 
2016 8 22	114527 
2016 8 23	120358 
2016 8 24	153468 
2016 8 25	122701 
2016 8 26	132508 
2016 8 27	113564 
2016 8 28	129798 
2016 8 29	126320 
2016 8 30	130291 
2016 8 31	138697 
2016 9 1	139324 
2016 9 2	144146 
2016 9 3	100774 
2016 9 4	135164 
2016 9 5	128241 
2016 9 6	153554 
2016 9 7	124485 
2016 9 8	133177 
2016 9 9	143100 
2016 9 10	105164 
2016 9 11	149384 
2016 9 12	115266 
2016 9 13	107581 
2016 9 14	80290 
2016 9 15	78633 
2016 9 16	80308 
2016 9 17	101067 
2016 9 18	149133 
2016 9 19	131597 
2016 9 20	141302 
2016 9 21	132894 
2016 9 22	123901 
2016 9 23	117743 
2016 9 24	98057 
2016 9 25	158104 
2016 9 26	119116 
2016 9 27	139483 
2016 9 28	129924 
2016 9 29	132124 
2016 9 30	150772 
2016 10 1	99528 
2016 10 2	121436 
2016 10 3	105956 
2016 10 4	125622 
2016 10 5	137292 
2016 10 6	129680 
2016 10 7	134268 
2016 10 8	135585 
2016 10 9	159274 
2016 10 10	137851 
2016 10 11	137912 
2016 10 12	163092 
2016 10 13	125806 
2016 10 14	128259 
2016 10 15	94901 
2016 10 16	178874 
2016 10 17	123628 
2016 10 18	140950 
2016 10 19	133605 
2016 10 20	135663 
2016 10 21	135924 
2016 10 22	129896 
2016 10 23	172031 
2016 10 24	131615 
2016 10 25	162093 
2016 10 26	134764 
2016 10 27	131486 
2016 10 28	137852 
2016 10 29	150196 
2016 10 30	205935 
2016 10 31	160085 
2016 11 1	166081 
2016 11 2	157224 
2016 11 3	238047 
2016 11 4	184936 
2016 11 5	203279 
2016 11 6	187919 
2016 11 7	170173 
2016 11 8	198364 
2016 11 9	211471 
2016 11 10	244827 
2016 11 11	254156 
2016 11 12	146117 
2016 11 13	236296 
2016 11 14	169939 
2016 11 15	174982 
2016 11 16	179539 
2016 11 17	230731 
2016 11 18	170034 
2016 11 19	177252 
2016 11 20	188787 
2016 11 21	164271 
2016 11 22	178352 
2016 11 23	205532 
2016 11 24	249683 
2016 11 25	171267 
2016 11 26	207156 
2016 11 27	224180 
2016 11 28	181779 
2016 11 29	178985 
2016 11 30	247185 
2016 12 1	246798 
2016 12 2	180775 
2016 12 3	209089 
2016 12 4	221276 
2016 12 5	175797 
2016 12 6	190434 
2016 12 7	258073 
2016 12 8	256445 
2016 12 9	190066 
2016 12 10	206224 
2016 12 11	217669 
2016 12 12	161243 
2016 12 13	195159 
2016 12 14	232095 
2016 12 15	239724 
2016 12 16	236802 
2016 12 17	181821 
2016 12 18	198657 
2016 12 19	180499 
2016 12 20	235068 
2016 12 21	197194 
2016 12 22	219160 
2016 12 23	227661 
2016 12 24	144035 
2016 12 25	248860 
2016 12 26	180547 
2016 12 27	209886 
2016 12 28	249630 
2016 12 29	235615 
2016 12 30	244197 
2016 12 31	202720 
2017 1 1	209699 
2017 1 2	163619 
2017 1 3	248739 
2017 1 4	182056 
2017 1 5	248126 
2017 1 6	237765 
2017 1 7	169423 
2017 1 8	188894 
2017 1 9	188304 
2017 1 10	255092 
2017 1 11	237629 
2017 1 12	213084 
2017 1 13	243835 
2017 1 14	194642 
2017 1 15	263593 
2017 1 16	185433 
2017 1 17	244860 
2017 1 18	237573 
2017 1 19	263212 
2017 1 20	250440 
2017 1 21	224214 
2017 1 22	262921 
2017 1 23	222586 
2017 1 24	284405 
2017 1 25	223065 
2017 1 26	223623 
2017 1 27	235252 
2017 1 28	168507 
2017 1 29	208726 
2017 1 30	204055 
2017 1 31	242634 
2017 2 1	261150 
2017 2 2	246007 
2017 2 3	237086 
2017 2 4	211634 
2017 2 5	224234 
2017 2 6	176920 
2017 2 7	251561 
2017 2 8	226497 
2017 2 9	269790 
2017 2 10	254237 
2017 2 11	219509 
2017 2 12	225647 
2017 2 13	191369 
2017 2 14	248418 
2017 2 15	236810 
2017 2 16	233121 
2017 2 17	224826 
2017 2 18	209777 
2017 2 19	203798 
2017 2 20	168667 
2017 2 21	254627 
2017 2 22	207557 
2017 2 23	234129 
2017 2 24	237102 
2017 2 25	167017 
2017 2 26	234772 
2017 2 27	187458 
2017 2 28	229312 
2017 3 1	248035 
2017 3 2	199088 
2017 3 3	239890 
2017 3 4	168756 
2017 3 5	205841 
2017 3 6	183958 
2017 3 7	261259 
2017 3 8	233072 
2017 3 9	232849 
2017 3 10	216463 
2017 3 11	169963 
2017 3 12	183218 
2017 3 13	178641 
2017 3 14	240909 
2017 3 15	246926 
2017 3 16	219776 
2017 3 17	215485 
2017 3 18	189387 
2017 3 19	177069 
2017 3 20	167587 
2017 3 21	235705 
2017 3 22	168254 
2017 3 23	239250 
2017 3 24	167003 
2017 3 25	204643 
2017 3 26	196305 
2017 3 27	178368 
2017 3 28	227701 
2017 3 29	207868 
2017 3 30	154455 
2017 3 31	216205 
2017 4 1	152846 
2017 4 2	176894 
2017 4 3	157345 
2017 4 4	206138 
2017 4 5	149588 
2017 4 6	190096 
2017 4 7	155174 
2017 4 8	190759 
2017 4 9	154564 
2017 4 10	158962 
2017 4 11	164818 
2017 4 12	207085 
2017 4 13	164839 
2017 4 14	172986 
2017 4 15	165723 
2017 4 16	171899 
2017 4 17	158572 
2017 4 18	159522 
2017 4 19	197535 
2017 4 20	172371 
2017 4 21	167762 
2017 4 22	147961 
2017 4 23	209705 
2017 4 24	155658 
2017 4 25	154971 
2017 4 26	155590 
2017 4 27	168867 
2017 4 28	203330 
2017 4 29	108229 
2017 4 30	169489 
2017 5 1	111010 
2017 5 2	122719 
2017 5 3	158973 
2017 5 4	131277 
2017 5 5	119810 
2017 5 6	107744 
2017 5 7	162895 
2017 5 8	128183 
2017 5 9	120184 
2017 5 10	203329 
2017 5 11	167431 
2017 5 12	162860 
2017 5 13	127230 
2017 5 14	182810 
2017 5 15	154040 
2017 5 16	159921 
2017 5 17	171826 
2017 5 18	165581 
2017 5 19	209445 
2017 5 20	142088 
2017 5 21	190177 
2017 5 22	167474 
2017 5 23	174747 
2017 5 24	200313 
2017 5 25	167912 
2017 5 26	173642 
2017 5 27	140407 
2017 5 28	219072 
2017 5 29	186623 
2017 5 30	196816 
2017 5 31	226258 
2017 6 1	177058 
2017 6 2	154973 
2017 6 3	126357 
2017 6 4	185986 
2017 6 5	136739 
2017 6 6	136815 
2017 6 7	147463 
2017 6 8	176517 
2017 6 9	141003 
2017 6 10	124389 
2017 6 11	188483 
2017 6 12	150247 
2017 6 13	152444 
2017 6 14	169106 
2017 6 15	148086 
2017 6 16	147952 
2017 6 17	134427 
2017 6 18	175237 
2017 6 19	140827 
2017 6 20	144168 
2017 6 21	144036 
2017 6 22	193259 
2017 6 23	171323 
2017 6 24	132111 
2017 6 25	152398 
2017 6 26	150321 
2017 6 27	148764 
2017 6 28	157631 
2017 6 29	145224 
2017 6 30	175782 
2017 7 1	131161 
2017 7 2	158689 
2017 7 3	133825 
2017 7 4	137362 
2017 7 5	131987 
2017 7 6	180057 
2017 7 7	177392 
2017 7 8	113997 
2017 7 9	118098 
2017 7 10	151843 
2017 7 11	141318 
2017 7 12	175828 
2017 7 13	168249 
2017 7 14	127042 
2017 7 15	105401 
2017 7 16	168283 
2017 7 17	138830 
2017 7 18	149236 
2017 7 19	142983 
2017 7 20	175371 
2017 7 21	179892 
2017 7 22	127031 
2017 7 23	184247 
2017 7 24	186048 
2017 7 25	138153 
2017 7 26	130127 
2017 7 27	193236 
2017 7 28	137042 
2017 7 29	171750 
2017 7 30	218611 
2017 7 31	193762 
2017 8 1	195774 
2017 8 2	245135 
2017 8 3	199866 
2017 8 4	216447 
2017 8 5	97950 
2017 8 6	139325 
2017 8 7	167693 
2017 8 8	203880 
2017 8 9	227023 
2017 8 10	140483 
2017 8 11	174870 
2017 8 12	116624 
2017 8 13	145150 
2017 8 14	130290 
2017 8 15	149625 
2017 8 16	137297 
2017 8 17	134697 
2017 8 18	169194 
2017 8 19	112999 
2017 8 20	138749 
2017 8 21	140242 
2017 8 22	145470 
2017 8 23	175278 
2017 8 24	135899 
2017 8 25	167096 
2017 8 26	126593 
2017 8 27	151272 
2017 8 28	139482 
2017 8 29	144148 
2017 8 30	144627 
2017 8 31	184804 
2017 9 1	129757 
2017 9 2	109845 
2017 9 3	145610 
2017 9 4	141511 
2017 9 5	153746 
2017 9 6	161385 
2017 9 7	158141 
2017 9 8	172724 
2017 9 9	139978 
2017 9 10	199262 
2017 9 11	156343 
2017 9 12	159234 
2017 9 13	149660 
2017 9 14	159975 
2017 9 15	185551 
2017 9 16	145999 
2017 9 17	178003 
2017 9 18	190214 
2017 9 19	215941 
2017 9 20	215745 
2017 9 21	191942 
2017 9 22	190141 
2017 9 23	136462 
2017 9 24	187155 
2017 9 25	174100 
2017 9 26	140405 
2017 9 27	140682 
2017 9 28	142762 
2017 9 29	183891 
2017 9 30	129210 
2017 10 1	114862 
2017 10 2	111552 
2017 10 3	107375 
2017 10 4	95307 
2017 10 5	105714 
2017 10 6	114272 
2017 10 7	106510 
2017 10 8	121828 
2017 10 9	155732 
2017 10 10	185903 
2017 10 11	157447 
2017 10 12	172890 
2017 10 13	165478 
2017 10 14	152787 
2017 10 15	201115 
2017 10 16	181051 
2017 10 17	161188 
2017 10 18	176920 
2017 10 19	161723 
2017 10 20	205377 
2017 10 21	133017 
2017 10 22	189779 
2017 10 23	134299 
2017 10 24	111463 
2017 10 25	140793 
2017 10 26	111111 
2017 10 27	100354 
2017 10 28	70201 
2017 10 29	164645 
2017 10 30	111000 
2017 10 31	115373 
2017 11 1	166658 
2017 11 2	141072 
2017 11 3	130241 
2017 11 4	107524 
2017 11 5	112890 
2017 11 6	137744 
2017 11 7	136151 
2017 11 8	185236 
2017 11 9	234666 
2017 11 10	185679 
2017 11 11	171252 
2017 11 12	224331 
2017 11 13	285255 
2017 11 14	195063 
2017 11 15	201181 
2017 11 16	224306 
2017 11 17	210902 
2017 11 18	206034 
2017 11 19	273894 
2017 11 20	184347 
2017 11 21	183504 
2017 11 22	248377 
2017 11 23	286081 
2017 11 24	258888 
2017 11 25	246012 
2017 11 26	290841 
2017 11 27	221520 
2017 11 28	222215 
2017 11 29	264665 
2017 11 30	276171 
2017 12 1	284962 
2017 12 2	233432 
2017 12 3	279561 
2017 12 4	224570 
2017 12 5	268575 
2017 12 6	214690 
2017 12 7	209129 
2017 12 8	276204 
2017 12 9	248258 
2017 12 10	299022 
2017 12 11	227607 
2017 12 12	309468 
2017 12 13	303780 
2017 12 14	338711 
2017 12 15	284848 
2017 12 16	259165 
2017 12 17	295457 
2017 12 18	274064 
2017 12 19	320418 
2017 12 20	257461 
2017 12 21	305174 
2017 12 22	264802 
2017 12 23	225890 
2017 12 24	256011 
2017 12 25	229588 
2017 12 26	213568 
2017 12 27	270806 
2017 12 28	273349 
2017 12 29	266100 
2017 12 30	246585 
2017 12 31	255976 
2018 1 1	231266 
2018 1 2	224223 
2018 1 3	319288 
2018 1 4	292681 
2018 1 5	299349 
2018 1 6	226615 
2018 1 7	270770 
2018 1 8	223826 
2018 1 9	286594 
2018 1 10	289508 
2018 1 11	299201 
2018 1 12	302973 
2018 1 13	260014 
2018 1 14	271476 
2018 1 15	216269 
2018 1 16	330605 
2018 1 17	272341 
2018 1 18	274028 
2018 1 19	291931 
2018 1 20	242344 
2018 1 21	246390 
2018 1 22	215780 
2018 1 23	305800 
2018 1 24	306235 
2018 1 25	330058 
2018 1 26	342454 
2018 1 27	268039 
2018 1 28	295364 
2018 1 29	230428 
2018 1 30	318354 
2018 1 31	319101 
2018 2 1	306681 
2018 2 2	299783 
2018 2 3	277966 
2018 2 4	320455 
2018 2 5	242695 
2018 2 6	345653 
2018 2 7	278279 
2018 2 8	311314 
2018 2 9	279650 
2018 2 10	255324 
2018 2 11	285603 
2018 2 12	221524 
2018 2 13	280886 
2018 2 14	259550 
2018 2 15	256089 
2018 2 16	195849 
2018 2 17	219127 
2018 2 18	228260 
2018 2 19	194818 
2018 2 20	273517 
2018 2 21	284629 
2018 2 22	271415 
2018 2 23	245196 
2018 2 24	222439 
2018 2 25	238296 
2018 2 26	195270 
2018 2 27	245086 
2018 2 28	256424 
2018 3 1	263840 
2018 3 2	198962 
2018 3 3	217036 
2018 3 4	223178 
2018 3 5	197585 
2018 3 6	258173 
2018 3 7	235555 
2018 3 8	256098 
2018 3 9	250630 
2018 3 10	220989 
2018 3 11	227418 
2018 3 12	201796 
2018 3 13	248228 
2018 3 14	221067 
2018 3 15	180038 
2018 3 16	228752 
2018 3 17	199145 
2018 3 18	225950 
2018 3 19	193797 
2018 3 20	203797 
2018 3 21	262633 
2018 3 22	268460 
2018 3 23	255230 
2018 3 24	217030 
2018 3 25	186187 
2018 3 26	205132 
2018 3 27	229076 
2018 3 28	181641 
2018 3 29	229641 
2018 3 30	223323 
2018 3 31	146000 
2018 4 1	174105 
2018 4 2	154944 
2018 4 3	166441 
2018 4 4	196602 
2018 4 5	181173 
2018 4 6	228711 
2018 4 7	211407 
2018 4 8	202767 
2018 4 9	196991 
2018 4 10	193441 
2018 4 11	222226 
2018 4 12	218985 
2018 4 13	179636 
2018 4 14	212901 
2018 4 15	215715 
2018 4 16	172292 
2018 4 17	175410 
2018 4 18	233196 
2018 4 19	211700 
2018 4 20	263194 
2018 4 21	168014 
2018 4 22	215246 
2018 4 23	212794 
2018 4 24	197236 
2018 4 25	267752 
2018 4 26	208856 
2018 4 27	192345 
2018 4 28	169973 
2018 4 29	189451 
2018 4 30	166459 
2018 5 1	174599 
2018 5 2	185163 
2018 5 3	244287 
2018 5 4	187846 
2018 5 5	181965 
2018 5 6	132847 
2018 5 7	213478 
2018 5 8	168204 
2018 5 9	177103 
2018 5 10	222303 
2018 5 11	174515 
2018 5 12	153220 
2018 5 13	208310 
2018 5 14	179325 
2018 5 15	178850 
2018 5 16	178275 
2018 5 17	233654 
2018 5 18	179141 
2018 5 19	151284 
2018 5 20	184126 
2018 5 21	173774 
2018 5 22	166118 
2018 5 23	176070 
2018 5 24	210141 
2018 5 25	163777 
2018 5 26	131802 
2018 5 27	187916 
2018 5 28	174964 
2018 5 29	174675 
2018 5 30	177242 
2018 5 31	236799 
2018 6 1	174967 
2018 6 2	147798 
2018 6 3	167000 
2018 6 4	162088 
2018 6 5	165463 
2018 6 6	198849 
2018 6 7	148915 
2018 6 8	141206 
2018 6 9	126041 
2018 6 10	172119 
2018 6 11	144019 
2018 6 12	155850 
2018 6 13	174508 
2018 6 14	174749 
2018 6 15	157270 
2018 6 16	136609 
2018 6 17	170406 
2018 6 18	155180 
2018 6 19	161436 
2018 6 20	160037 
2018 6 21	196202 
2018 6 22	151860 
2018 6 23	135367 
2018 6 24	169024 
2018 6 25	153339 
2018 6 26	171004 
2018 6 27	170772 
2018 6 28	223897 
2018 6 29	159895 
2018 6 30	125005 
2018 7 1	167508 
2018 7 2	150045 
2018 7 3	147918 
2018 7 4	151751 
2018 7 5	214422 
2018 7 6	147260 
2018 7 7	119923 
2018 7 8	160076 
2018 7 9	144020 
2018 7 10	147111 
2018 7 11	153988 
2018 7 12	221590 
2018 7 13	202173 
2018 7 14	136128 
2018 7 15	183642 
2018 7 16	151268 
2018 7 17	144308 
2018 7 18	195559 
2018 7 19	145606 
2018 7 20	190912 
2018 7 21	114508 
2018 7 22	136057 
2018 7 23	136563 
2018 7 24	149164 
2018 7 25	180060 
2018 7 26	137224 
2018 7 27	184703 
2018 7 28	99876 
2018 7 29	147007 
2018 7 30	141107 
2018 7 31	142743 
2018 8 1	193209 
2018 8 2	141240 
2018 8 3	191836 
2018 8 4	120378 
2018 8 5	140708 
2018 8 6	147451 
2018 8 7	146210 
2018 8 8	193529 
2018 8 9	143739 
2018 8 10	182064 
2018 8 11	107341 
2018 8 12	103515 
2018 8 13	184943 
2018 8 14	135456 
2018 8 15	135629 
2018 8 16	151129 
2018 8 17	195565 
2018 8 18	152249 
2018 8 19	98227 
2018 8 20	146173 
2018 8 21	150488 
2018 8 22	221924 
2018 8 23	167947 
2018 8 24	157153 
2018 8 25	143421 
2018 8 26	205482 
2018 8 27	156557 
2018 8 28	174433 
2018 8 29	198529 
2018 8 30	250917 
2018 8 31	205784 
2018 9 1	112640 
2018 9 2	176883 
2018 9 3	149545 
2018 9 4	158674 
2018 9 5	154642 
2018 9 6	207309 
2018 9 7	149590 
2018 9 8	121045 
2018 9 9	176178 
2018 9 10	156617 
2018 9 11	159706 
2018 9 12	153909 
2018 9 13	207650 
2018 9 14	156232 
2018 9 15	133260 
2018 9 16	147556 
2018 9 17	150137 
2018 9 18	162480 
2018 9 19	163261 
2018 9 20	212128 
2018 9 21	150790 
2018 9 22	127686 
2018 9 23	159469 
2018 9 24	102277 
2018 9 25	109003 
2018 9 26	122837 
2018 9 27	158552 
2018 9 28	192741 
2018 9 29	117305 
2018 9 30	152969 
2018 10 1	153622 
2018 10 2	167357 
2018 10 3	213353 
2018 10 4	160533 
2018 10 5	173237 
2018 10 6	154962 
2018 10 7	183054 
2018 10 8	168067 
2018 10 9	185771 
2018 10 10	165853 
2018 10 11	194368 
2018 10 12	163584 
2018 10 13	127531 
2018 10 14	170817 
2018 10 15	159373 
2018 10 16	172772 
2018 10 17	167617 
2018 10 18	238519 
2018 10 19	160886 
2018 10 20	125706 
2018 10 21	216938 
2018 10 22	179324 
2018 10 23	210377 
2018 10 24	213581 
2018 10 25	262613 
2018 10 26	209018 
2018 10 27	156384 
2018 10 28	228992 
2018 10 29	175942 
2018 10 30	216201 
2018 10 31	183160 
2018 11 1	266405 
2018 11 2	174558 
2018 11 3	153424 
2018 11 4	229984 
2018 11 5	194890 
2018 11 6	197468 
2018 11 7	260906 
2018 11 8	200872 
2018 11 9	242415 
2018 11 10	159013 
2018 11 11	212211 
2018 11 12	187591 
2018 11 13	187453 
2018 11 14	259686 
2018 11 15	204594 
2018 11 16	261604 
2018 11 17	165234 
2018 11 18	264236 
2018 11 19	196630 
2018 11 20	208806 
2018 11 21	260654 
2018 11 22	292690 
2018 11 23	196954 
2018 11 24	187079 
2018 11 25	244771 
2018 11 26	198417 
2018 11 27	287828 
2018 11 28	205614 
2018 11 29	284058 
2018 11 30	200073 
2018 12 1	233605 
2018 12 2	199212 
2018 12 3	181088 
2018 12 4	210703 
2018 12 5	281982 
2018 12 6	313935 
2018 12 7	228108 
2018 12 8	267514 
2018 12 9	295391 
2018 12 10	237022 
2018 12 11	338742 
2018 12 12	280943 
2018 12 13	299429 
2018 12 14	301391 
2018 12 15	275380 
2018 12 16	259624 
2018 12 17	224414 
2018 12 18	284490 
2018 12 19	288609 
2018 12 20	287329 
2018 12 21	262002 
2018 12 22	240497 
2018 12 23	229030 
2018 12 24	217861 
2018 12 25	299993 
2018 12 26	218393 
2018 12 27	293821 
2018 12 28	297008 
2018 12 29	303339 
2018 12 30	282199 
2018 12 31	209097 
2019 1 1	319221 
2019 1 2	206581 
2019 1 3	313143 
2019 1 4	297568 
2019 1 5	283605 
2019 1 6	267862 
2019 1 7	237634 
2019 1 8	312347 
2019 1 9	302842 
2019 1 10	319746 
2019 1 11	293853 
2019 1 12	267417 
2019 1 13	253691 
2019 1 14	229775 
2019 1 15	299426 
2019 1 16	310186 
2019 1 17	291169 
2019 1 18	286042 
2019 1 19	245540 
2019 1 20	244012 
2019 1 21	251183 
2019 1 22	294126 
2019 1 23	289537 
2019 1 24	288486 
2019 1 25	283406 
2019 1 26	264306 
2019 1 27	261251 
2019 1 28	224237 
2019 1 29	287924 
2019 1 30	339835 
2019 1 31	232462 
2019 2 1	285907 
2019 2 2	271873 
2019 2 3	220105 
2019 2 4	207650 
2019 2 5	197800 
2019 2 6	202652 
2019 2 7	211913 
2019 2 8	282950 
2019 2 9	276668 
2019 2 10	265079 
2019 2 11	238309 
2019 2 12	357714 
2019 2 13	252965 
2019 2 14	269626 
2019 2 15	287236 
2019 2 16	262027 
2019 2 17	255486 
2019 2 18	218686 
2019 2 19	286492 
2019 2 20	278227 
2019 2 21	272826 
2019 2 22	264060 
2019 2 23	240651 
2019 2 24	215532 
2019 2 25	208362 
2019 2 26	271986 
2019 2 27	277037 
2019 2 28	198362 
2019 3 1	258931 
2019 3 2	232078 
2019 3 3	209951 
2019 3 4	200790 
2019 3 5	276746 
2019 3 6	241369 
2019 3 7	237206 
2019 3 8	204832 
2019 3 9	242381 
2019 3 10	218437 
2019 3 11	208121 
2019 3 12	282498 
2019 3 13	273145 
2019 3 14	272021 
2019 3 15	211762 
2019 3 16	226869 
2019 3 17	224149 
2019 3 18	196273 
2019 3 19	263050 
2019 3 20	198542 
2019 3 21	268066 
2019 3 22	252427 
2019 3 23	224344 
2019 3 24	220401 
2019 3 25	213132 
2019 3 26	266599 
2019 3 27	201970 
2019 3 28	254933 
2019 3 29	183707 
2019 3 30	212229 
2019 3 31	212625 
2019 4 1	193171 
2019 4 2	259917 
2019 4 3	194226 
2019 4 4	255704 
2019 4 5	255876 
2019 4 6	155887 
2019 4 7	228265 
2019 4 8	186951 
2019 4 9	206721 
2019 4 10	244614 
2019 4 11	211201 
2019 4 12	154564 
2019 4 13	186842 
2019 4 14	165301 
2019 4 15	125369 
2019 4 16	134532 
2019 4 17	191338 
2019 4 18	120163 
2019 4 19	172159 
2019 4 20	94991 
2019 4 21	145351 
2019 4 22	137551 
2019 4 23	137494 
2019 4 24	197732 
2019 4 25	165767 
2019 4 26	219576 
2019 4 27	156450 
2019 4 28	237211 
2019 4 29	233814 
2019 4 30	206919 
2019 5 1	244274 
2019 5 2	186174 
2019 5 3	227679 
2019 5 4	141990 
2019 5 5	127818 
2019 5 6	234328 
2019 5 7	190819 
2019 5 8	189198 
2019 5 9	254906 
2019 5 10	174627 
2019 5 11	140151 
2019 5 12	197793 
2019 5 13	169900 
2019 5 14	169853 
2019 5 15	174190 
2019 5 16	232618 
2019 5 17	150574 
2019 5 18	118422 
2019 5 19	192790 
2019 5 20	164316 
2019 5 21	172971 
2019 5 22	183241 
2019 5 23	239834 
2019 5 24	161698 
2019 5 25	121439 
2019 5 26	170987 
2019 5 27	170933 
2019 5 28	169848 
2019 5 29	171648 
2019 5 30	227466 
2019 5 31	166944 
2019 6 1	140970 
2019 6 2	175381 
2019 6 3	160616 
2019 6 4	169209 
2019 6 5	163637 
2019 6 6	210265 
2019 6 7	143921 
2019 6 8	113600 
2019 6 9	153836 
2019 6 10	149972 
2019 6 11	155114 
2019 6 12	165525 
2019 6 13	233603 
2019 6 14	167603 
2019 6 15	139051 
2019 6 16	110667 
2019 6 17	233672 
2019 6 18	158601 
2019 6 19	158372 
2019 6 20	165414 
2019 6 21	208066 
2019 6 22	130171 
2019 6 23	109560 
2019 6 24	153087 
2019 6 25	214864 
2019 6 26	161762 
2019 6 27	152603 
2019 6 28	216551 
2019 6 29	130809 
2019 6 30	145707 
