year month date insu_sum
2018 01 01 231266
2018 01 02 224223
2018 01 03 319288
2018 01 04 292681
2018 01 05 299349
2018 01 06 226615
2018 01 07 270770
2018 01 08 223826
2018 01 09 286594
2018 01 10 289508
2018 01 11 299201
2018 01 12 302973
2018 01 13 260014
2018 01 14 271476
2018 01 15 216269
2018 01 16 330605
2018 01 17 272341
2018 01 18 274028
2018 01 19 291931
2018 01 20 242344
2018 01 21 246390
2018 01 22 215780
2018 01 23 305800
2018 01 24 306235
2018 01 25 330058
2018 01 26 342454
2018 01 27 268039
2018 01 28 295364
2018 01 29 230428
2018 01 30 318354
2018 01 31 319101
2018 02 01 306681
2018 02 02 299783
2018 02 03 277966
2018 02 04 320455
2018 02 05 242695
2018 02 06 345653
2018 02 07 278279
2018 02 08 311314
2018 02 09 279650
2018 02 10 255324
2018 02 11 285603
2018 02 12 221524
2018 02 13 280886
2018 02 14 259550
2018 02 15 256089
2018 02 16 195849
2018 02 17 219127
2018 02 18 228260
2018 02 19 194818
2018 02 20 273517
2018 02 21 284629
2018 02 22 271415
2018 02 23 245196
2018 02 24 222439
2018 02 25 238296
2018 02 26 195270
2018 02 27 245086
2018 02 28 256424
2018 03 01 263840
2018 03 02 198962
2018 03 03 217036
2018 03 04 223178
2018 03 05 197585
2018 03 06 258173
2018 03 07 235555
2018 03 08 256098
2018 03 09 250630
2018 03 10 220989
2018 03 11 227418
2018 03 12 201796
2018 03 13 248228
2018 03 14 221067
2018 03 15 180038
2018 03 16 228752
2018 03 17 199145
2018 03 18 225950
2018 03 19 193797
2018 03 20 203797
2018 03 21 262633
2018 03 22 268460
2018 03 23 255230
2018 03 24 217030
2018 03 25 186187
2018 03 26 205132
2018 03 27 229076
2018 03 28 181641
2018 03 29 229641
2018 03 30 223323
2018 03 31 146000
2018 04 01 174105
2018 04 02 154944
2018 04 03 166441
2018 04 04 196602
2018 04 05 181173
2018 04 06 228711
2018 04 07 211407
2018 04 08 202767
2018 04 09 196991
2018 04 10 193441
2018 04 11 222226
2018 04 12 218985
2018 04 13 179636
2018 04 14 212901
2018 04 15 215715
2018 04 16 172292
2018 04 17 175410
2018 04 18 233196
2018 04 19 211700
2018 04 20 263194
2018 04 21 168014
2018 04 22 215246
2018 04 23 212794
2018 04 24 197236
2018 04 25 267752
2018 04 26 208856
2018 04 27 192345
2018 04 28 169973
2018 04 29 189451
2018 04 30 166459
2018 05 01 174599
2018 05 02 185163
2018 05 03 244287
2018 05 04 187846
2018 05 05 181965
2018 05 06 132847
2018 05 07 213478
2018 05 08 168204
2018 05 09 177103
2018 05 10 222303
2018 05 11 174515
2018 05 12 153220
2018 05 13 208310
2018 05 14 179325
2018 05 15 178850
2018 05 16 178275
2018 05 17 233654
2018 05 18 179141
2018 05 19 151284
2018 05 20 184126
2018 05 21 173774
2018 05 22 166118
2018 05 23 176070
2018 05 24 210141
2018 05 25 163777
2018 05 26 131802
2018 05 27 187916
2018 05 28 174964
2018 05 29 174675
2018 05 30 177242
2018 05 31 236799
2018 06 01 174967
2018 06 02 147798
2018 06 03 167000
2018 06 04 162088
2018 06 05 165463
2018 06 06 198849
2018 06 07 148915
2018 06 08 141206
2018 06 09 126041
2018 06 10 172119
2018 06 11 144019
2018 06 12 155850
2018 06 13 174508
2018 06 14 174749
2018 06 15 157270
2018 06 16 136609
2018 06 17 170406
2018 06 18 155180
2018 06 19 161436
2018 06 20 160037
2018 06 21 196202
2018 06 22 151860
2018 06 23 135367
2018 06 24 169024
2018 06 25 153339
2018 06 26 171004
2018 06 27 170772
2018 06 28 223897
2018 06 29 159895
2018 06 30 125005
2018 07 01 167508
2018 07 02 150045
2018 07 03 147918
2018 07 04 151751
2018 07 05 214422
2018 07 06 147260
2018 07 07 119923
2018 07 08 160076
2018 07 09 144020
2018 07 10 147111
2018 07 11 153988
2018 07 12 221590
2018 07 13 202173
2018 07 14 136128
2018 07 15 183642
2018 07 16 151268
2018 07 17 144308
2018 07 18 195559
2018 07 19 145606
2018 07 20 190912
2018 07 21 114508
2018 07 22 136057
2018 07 23 136563
2018 07 24 149164
2018 07 25 180060
2018 07 26 137224
2018 07 27 184703
2018 07 28 99876
2018 07 29 147007
2018 07 30 141107
2018 07 31 142743
2018 08 01 193209
2018 08 02 141240
2018 08 03 191836
2018 08 04 120378
2018 08 05 140708
2018 08 06 147451
2018 08 07 146210
2018 08 08 193529
2018 08 09 143739
2018 08 10 182064
2018 08 11 107341
2018 08 12 103515
2018 08 13 184943
2018 08 14 135456
2018 08 15 135629
2018 08 16 151129
2018 08 17 195565
2018 08 18 152249
2018 08 19 98227
2018 08 20 146173
2018 08 21 150488
2018 08 22 221924
2018 08 23 167947
2018 08 24 157153
2018 08 25 143421
2018 08 26 205482
2018 08 27 156557
2018 08 28 174433
2018 08 29 198529
2018 08 30 250917
2018 08 31 205784
2018 09 01 112640
2018 09 02 176883
2018 09 03 149545
2018 09 04 158674
2018 09 05 154642
2018 09 06 207309
2018 09 07 149590
2018 09 08 121045
2018 09 09 176178
2018 09 10 156617
2018 09 11 159706
2018 09 12 153909
2018 09 13 207650
2018 09 14 156232
2018 09 15 133260
2018 09 16 147556
2018 09 17 150137
2018 09 18 162480
2018 09 19 163261
2018 09 20 212128
2018 09 21 150790
2018 09 22 127686
2018 09 23 159469
2018 09 24 102277
2018 09 25 109003
2018 09 26 122837
2018 09 27 158552
2018 09 28 192741
2018 09 29 117305
2018 09 30 152969
2018 10 01 153622
2018 10 02 167357
2018 10 03 213353
2018 10 04 160533
2018 10 05 173237
2018 10 06 154962
2018 10 07 183054
2018 10 08 168067
2018 10 09 185771
2018 10 10 165853
2018 10 11 194368
2018 10 12 163584
2018 10 13 127531
2018 10 14 170817
2018 10 15 159373
2018 10 16 172772
2018 10 17 167617
2018 10 18 238519
2018 10 19 160886
2018 10 20 125706
2018 10 21 216938
2018 10 22 179324
2018 10 23 210377
2018 10 24 213581
2018 10 25 262613
2018 10 26 209018
2018 10 27 156384
2018 10 28 228992
2018 10 29 175942
2018 10 30 216201
2018 10 31 183160
2018 11 01 266405
2018 11 02 174558
2018 11 03 153424
2018 11 04 229984
2018 11 05 194890
2018 11 06 197468
2018 11 07 260906
2018 11 08 200872
2018 11 09 242415
2018 11 10 159013
2018 11 11 212211
2018 11 12 187591
2018 11 13 187453
2018 11 14 259686
2018 11 15 204594
2018 11 16 261604
2018 11 17 165234
2018 11 18 264236
2018 11 19 196630
2018 11 20 208806
2018 11 21 260654
2018 11 22 292690
2018 11 23 196954
2018 11 24 187079
2018 11 25 244771
2018 11 26 198417
2018 11 27 287828
2018 11 28 205614
2018 11 29 284058
2018 11 30 200073
2018 12 01 233605
2018 12 02 199212
2018 12 03 181088
2018 12 04 210703
2018 12 05 281982
2018 12 06 313935
2018 12 07 228108
2018 12 08 267514
2018 12 09 295391
2018 12 10 237022
2018 12 11 338742
2018 12 12 280943
2018 12 13 299429
2018 12 14 301391
2018 12 15 275380
2018 12 16 259624
2018 12 17 224414
2018 12 18 284490
2018 12 19 288609
2018 12 20 287329
2018 12 21 262002
2018 12 22 240497
2018 12 23 229030
2018 12 24 217861
2018 12 25 299993
2018 12 26 218393
2018 12 27 293821
2018 12 28 297008
2018 12 29 303339
2018 12 30 282199
2018 12 31 209097
