year month date avgTemp maxTemp minTemp humid cloud
2018 01 01 2.30 7.10 -1.00 52.60 0.40
2018 01 02 2.20 8.40 -2.90 67.00 2.60
2018 01 03 0.20 3.80 -2.50 52.60 2.10
2018 01 04 -0.60 2.10 -2.30 54.50 8.90
2018 01 05 1.40 5.20 -1.20 58.90 7.60
2018 01 06 2.30 7.20 -1.30 55.50 1.60
2018 01 07 2.60 6.90 -2.20 70.40 8.50
2018 01 08 3.60 5.40 2.20 91.90 10.00
2018 01 09 -0.10 2.90 -1.90 88.40 8.60
2018 01 10 -3.10 0.10 -5.00 95.50 8.60
2018 01 11 -6.00 -2.30 -8.60 81.80 7.40
2018 01 12 -6.40 -1.90 -10.20 70.30 4.00
2018 01 13 -1.90 4.70 -7.20 77.60 2.90
2018 01 14 1.30 8.50 -4.20 81.80 4.60
2018 01 15 5.30 11.40 1.30 84.80 1.50
2018 01 16 4.80 8.00 1.80 98.00 8.90
2018 01 17 5.60 8.50 4.30 91.30 8.50
2018 01 18 5.10 9.90 1.20 75.40 3.30
2018 01 19 2.40 9.10 -1.70 56.60 1.90
2018 01 20 2.90 9.70 -3.20 64.60 0.90
2018 01 21 3.70 9.80 -1.10 62.30 4.50
2018 01 22 5.30 10.60 1.40 60.10 8.80
2018 01 23 -4.10 1.40 -7.20 59.90 5.30
2018 01 24 -8.00 -4.10 -11.20 46.00 0.60
2018 01 25 -7.50 -3.10 -10.60 48.30 2.00
2018 01 26 -7.90 -3.60 -10.80 55.00 0.00
2018 01 27 -4.60 3.00 -11.50 37.90 3.10
2018 01 28 -1.10 3.20 -3.70 44.50 5.90
2018 01 29 -3.90 0.30 -6.50 58.50 4.60
2018 01 30 -2.80 2.60 -8.60 53.50 4.10
2018 01 31 -0.40 4.20 -5.00 61.10 5.40
2018 02 01 -0.10 5.30 -3.90 47.40 0.00
2018 02 02 -0.90 4.60 -5.00 38.80 3.00
2018 02 03 -3.40 -1.30 -5.50 69.30 7.80
2018 02 04 -5.90 -3.00 -8.30 73.60 6.80
2018 02 05 -5.60 -1.70 -8.50 66.30 5.90
2018 02 06 -6.50 -2.80 -9.80 67.60 5.10
2018 02 07 -4.20 1.40 -10.00 55.50 0.40
2018 02 08 -0.20 7.90 -7.20 42.90 1.50
2018 02 09 3.80 9.20 -1.00 55.80 6.40
2018 02 10 2.20 7.40 -2.30 59.90 6.10
2018 02 11 -1.90 1.30 -3.80 79.00 7.60
2018 02 12 -2.90 -0.10 -6.50 78.90 5.80
2018 02 13 1.30 6.60 -2.90 59.60 1.80
2018 02 14 5.90 14.20 -1.00 73.90 4.90
2018 02 15 3.00 8.70 -0.10 47.00 7.60
2018 02 16 2.50 8.40 -1.60 39.90 5.40
2018 02 17 1.20 6.50 -1.80 37.90 1.30
2018 02 18 3.70 9.50 -2.50 26.90 7.10
2018 02 19 6.10 11.50 2.00 36.40 7.60
2018 02 20 4.80 10.80 -0.80 49.40 5.60
2018 02 21 1.80 5.10 -1.10 28.60 7.40
2018 02 22 2.30 9.00 -3.90 39.60 2.30
2018 02 23 6.30 12.80 0.90 63.00 5.30
2018 02 24 6.60 12.00 1.70 72.40 4.80
2018 02 25 6.50 12.80 2.10 41.80 4.60
2018 02 26 6.30 15.70 -1.80 33.00 0.00
2018 02 27 8.30 15.90 0.10 49.10 3.40
2018 02 28 8.00 11.30 4.00 82.00 10.00
2018 03 01 3.10 6.10 -0.90 68.50 6.10
2018 03 02 3.40 12.70 -3.10 45.10 2.00
2018 03 03 9.90 19.20 1.20 57.80 5.50
2018 03 04 14.80 20.20 9.90 88.10 9.30
2018 03 05 10.70 16.30 7.20 90.00 9.40
2018 03 06 8.90 15.50 3.30 59.50 3.50
2018 03 07 6.80 11.90 4.00 75.50 10.00
2018 03 08 3.80 6.10 1.60 90.00 9.90
2018 03 09 4.80 10.00 1.40 71.30 4.90
2018 03 10 5.20 13.30 0.90 71.40 2.50
2018 03 11 7.70 16.10 1.00 67.30 2.40
2018 03 12 10.10 19.30 2.80 62.10 0.00
2018 03 13 13.70 21.20 5.80 57.30 3.90
2018 03 14 16.70 24.80 9.60 63.80 4.00
2018 03 15 14.20 17.00 9.20 97.30 10.00
2018 03 16 8.10 11.90 6.30 90.00 8.60
2018 03 17 8.90 15.90 3.70 71.90 2.80
2018 03 18 9.80 15.40 3.60 88.60 8.60
2018 03 19 11.80 14.60 8.60 96.50 10.00
2018 03 20 7.70 13.60 1.30 60.60 9.50
2018 03 21 2.30 4.60 0.50 96.10 10.00
2018 03 22 5.80 12.10 1.70 67.10 2.00
2018 03 23 6.90 15.20 0.60 63.40 0.00
2018 03 24 9.80 17.80 2.00 65.00 4.80
2018 03 25 12.00 20.10 5.10 75.10 2.50
2018 03 26 12.90 21.60 7.00 74.00 2.90
2018 03 27 14.50 22.60 7.60 63.10 0.80
2018 03 28 15.60 23.40 8.60 70.10 0.00
2018 03 29 17.00 24.10 13.40 71.80 6.50
2018 03 30 16.60 23.80 12.30 63.50 0.40
2018 03 31 17.10 24.80 10.50 49.80 0.00
2018 05 01 19.70 24.20 16.00 88.60 8.10
2018 05 02 16.30 20.90 10.70 91.60 7.50
2018 05 03 12.40 17.20 9.30 66.80 3.10
2018 05 04 14.80 21.80 7.80 46.90 0.00
2018 05 05 18.40 25.70 10.10 50.00 5.30
2018 05 06 17.20 19.10 15.60 97.60 10.00
2018 05 07 18.40 22.40 16.30 92.10 7.50
2018 05 08 18.10 23.90 14.80 77.50 6.90
2018 05 09 16.80 22.60 13.80 71.60 6.90
2018 05 10 17.00 24.80 12.70 75.30 3.50
2018 05 11 17.80 24.60 11.00 59.90 5.00
2018 05 12 18.20 21.00 16.30 90.60 10.00
2018 05 13 18.50 23.30 15.40 84.40 4.40
2018 05 14 20.90 28.50 13.30 69.00 0.80
2018 05 15 23.90 31.10 16.90 72.90 6.60
2018 05 16 24.60 26.30 23.00 94.00 9.90
2018 05 17 24.40 25.70 23.30 93.90 9.90
2018 05 18 20.70 23.80 17.70 98.60 10.00
2018 05 19 18.20 24.20 14.60 80.90 7.00
2018 05 20 18.50 25.90 11.90 46.90 4.90
2018 05 21 18.60 24.50 11.00 69.90 3.90
2018 05 22 19.40 25.60 14.90 81.00 7.30
2018 05 23 19.10 24.90 14.00 58.10 2.60
2018 05 24 19.60 28.40 10.80 52.60 2.50
2018 05 25 21.00 28.10 13.40 51.90 3.40
2018 05 26 22.30 30.30 15.00 57.10 0.00
2018 05 27 21.80 27.80 16.80 66.50 7.40
2018 05 28 21.70 27.30 18.30 77.50 8.50
2018 05 29 23.60 29.90 18.90 79.50 8.40
2018 05 30 21.60 25.90 18.30 88.90 7.60
2018 05 31 20.10 26.30 16.20 69.80 5.10
