insu_sum
231266
224223
319288
292681
299349
226615
270770
223826
286594
289508
299201
302973
260014
271476
216269
330605
272341
274028
291931
242344
246390
215780
305800
306235
330058
342454
268039
295364
230428
318354
319101
306681
299783
277966
320455
242695
345653
278279
311314
279650
255324
285603
221524
280886
259550
256089
195849
219127
228260
194818
273517
284629
271415
245196
222439
238296
195270
245086
256424
263840
198962
217036
223178
197585
258173
235555
256098
250630
220989
227418
201796
248228
221067
180038
228752
199145
225950
193797
203797
262633
268460
255230
217030
186187
205132
229076
181641
229641
223323
146000
174105
154944
166441
196602
181173
228711
211407
202767
196991
193441
222226
218985
179636
212901
215715
172292
175410
233196
211700
263194
168014
215246
212794
197236
267752
208856
192345
169973
189451
166459
174599
185163
244287
187846
181965
132847
213478
168204
177103
222303
174515
153220
208310
179325
178850
178275
233654
179141
151284
184126
173774
166118
176070
210141
163777
131802
187916
174964
174675
177242
236799
174967
147798
167000
162088
165463
198849
148915
141206
126041
172119
144019
155850
174508
174749
157270
136609
170406
155180
161436
160037
196202
151860
135367
169024
153339
171004
170772
223897
159895
125005
167508
150045
147918
151751
214422
147260
119923
160076
144020
147111
153988
221590
202173
136128
183642
151268
144308
195559
145606
190912
114508
136057
136563
149164
180060
137224
184703
99876
147007
141107
142743
193209
141240
191836
120378
140708
147451
146210
193529
143739
182064
107341
103515
184943
135456
135629
151129
195565
152249
98227
146173
150488
221924
167947
157153
143421
205482
156557
174433
198529
250917
205784
112640
176883
149545
158674
154642
207309
149590
121045
176178
156617
159706
153909
207650
156232
133260
147556
150137
162480
163261
212128
150790
127686
159469
102277
109003
122837
158552
192741
117305
152969
153622
167357
213353
160533
173237
154962
183054
168067
185771
165853
194368
163584
127531
170817
159373
172772
167617
238519
160886
125706
216938
179324
210377
213581
262613
209018
156384
228992
175942
216201
183160
266405
174558
153424
229984
194890
197468
260906
200872
242415
159013
212211
187591
187453
259686
204594
261604
165234
264236
196630
208806
260654
292690
196954
187079
244771
198417
287828
205614
284058
200073
233605
199212
181088
210703
281982
313935
228108
267514
295391
237022
338742
280943
299429
301391
275380
259624
224414
284490
288609
287329
262002
240497
229030
217861
299993
218393
293821
297008
303339
282199
209097
