insu_sum
119661
157900
163054
137908
123537
159659
171492
168530
181465
171998
132736
134038
181602
190346
182483
170968
158439
151156
123271
154034
165005
162312
158528
151804
129766
122070
155856
153654
130909
86993
78136
82692
89922
138902
147871
153959
164982
160748
131457
117540
148912
147971
143821
150512
159501
142517
120623
157945
161314
146878
151018
152229
138347
118779
162137
165450
158447
155750
149893
125015
101256
138622
141463
169716
171291
170436
146191
123434
162083
160047
163562
167998
157840
132972
101984
128321
138244
140274
146208
136576
126866
108926
141925
131345
133386
132340
124819
103872
76422
115393
115045
132535
152524
160147
149434
135020
189271
191855
167500
154234
142845
118264
89516
129320
120167
118082
126264
118709
103177
94899
126383
124785
124648
114769
114359
102158
85534
122606
129724
133856
118698
120781
96481
80688
78090
90483
112369
113271
114092
96974
71083
114926
113804
130585
132524
123173
106557
83640
122778
123024
123936
120294
115151
97962
71728
116868
118380
123521
118435
121528
102333
73696
119744
118799
112774
110096
105565
77121
72779
112356
108072
117460
114860
115244
97423
74851
116074
114400
103847
109829
88096
74446
62550
107456
112481
104422
113390
112170
101338
90832
112936
109681
110904
106972
103781
91399
83154
112783
119393
118448
123096
109939
93385
89905
115003
114380
112488
118200
122290
112287
97156
123538
122682
110399
111763
113730
97690
86156
109782
108959
108538
118839
112323
99842
92887
115896
121012
122721
125846
114946
120140
97532
127894
111846
109009
116302
113275
94912
91504
124666
114282
103890
103023
105299
91745
86794
110946
115518
112957
119137
109516
87327
84485
116250
113771
111089
108729
92226
64397
55564
52957
58060
68908
105996
113211
94526
86920
113048
113249
115915
107686
105896
78756
65539
114059
117777
116408
109952
107374
79452
71041
119066
113805
109880
99301
93668
79341
81232
126751
123646
114842
92943
100604
77594
67614
102035
101968
96545
102950
103633
94171
89229
125701
116285
122209
113640
97448
83354
63621
85067
88164
95402
99533
101270
83924
94067
136974
152195
146502
173887
158006
107273
98905
132716
139472
149926
144372
124404
99964
92585
145543
147363
138723
141737
132484
93649
83978
134807
136203
132018
138398
134684
101332
92281
165408
176131
166683
168112
169446
130390
122630
169245
169444
166409
169753
162131
125760
122654
170547
169565
173436
166268
159166
131252
113084
162845
157037
151467
130254
135796
131052
115373
171844
161104
149105
