year month date avgTemp maxTemp minTemp
2021 01 01 2.89 2.89 2.89
2021 01 02 4.82 4.82 4.82
2021 01 03 4.01 4.01 4.01
2021 01 04 3.59 3.59 3.59
2021 01 05 3.64 3.64 3.64
2021 01 06 4.47 4.47 4.47
2021 01 07 3.63 3.63 3.63
2021 01 08 4.20 4.20 4.20
2021 01 09 2.47 2.47 2.47
2021 01 10 1.25 1.25 1.25
2021 01 11 -1.32 -1.32 -1.32
2021 01 12 -1.38 -1.38 -1.38
2021 01 13 -0.10 -0.10 -0.10
2021 01 14 0.21 0.21 0.21
2021 01 15 1.75 1.75 1.75
2021 01 16 2.85 2.85 2.85
2021 01 17 3.01 3.01 3.01
2021 01 18 2.08 2.08 2.08
2021 01 19 0.24 0.24 0.24
2021 01 20 -0.43 -0.43 -0.43
2021 01 21 0.33 0.33 0.33
2021 01 22 0.47 0.47 0.47
2021 01 23 -4.05 -4.05 -4.05
2021 01 24 -5.86 -5.86 -5.86
2021 01 25 -4.06 -4.06 -4.06
2021 01 26 -1.86 -1.86 -1.86
2021 01 27 -0.15 -0.15 -0.15
2021 01 28 1.44 1.44 1.44
2021 01 29 1.65 1.65 1.65
2021 01 30 0.22 0.22 0.22
2021 01 31 -0.74 -0.74 -0.74
2021 02 01 -0.80 -0.80 -0.80
2021 02 02 -0.78 -0.78 -0.78
2021 02 03 -0.06 -0.06 -0.06
2021 02 04 0.56 0.56 0.56
2021 02 05 0.33 0.33 0.33
2021 02 06 -1.45 -1.45 -1.45
2021 02 07 -0.75 -0.75 -0.75
2021 02 08 1.15 1.15 1.15
2021 02 09 1.81 1.81 1.81
2021 02 10 1.38 1.38 1.38
2021 02 11 2.63 2.63 2.63
2021 02 12 3.81 3.81 3.81
2021 02 13 5.69 5.69 5.69
2021 02 14 3.36 3.36 3.36
2021 02 15 2.11 2.11 2.11
2021 02 16 4.20 4.20 4.20
2021 02 17 3.27 3.27 3.27
2021 02 18 3.00 3.00 3.00
2021 02 19 6.10 6.10 6.10
2021 02 20 4.39 4.39 4.39
2021 02 21 2.81 2.81 2.81
2021 02 22 4.05 4.05 4.05
2021 02 23 3.98 3.98 3.98
2021 02 24 2.67 2.67 2.67
2021 02 25 4.26 4.26 4.26
2021 02 26 4.67 4.67 4.67
2021 02 27 7.01 7.01 7.01
2021 02 28 6.74 6.74 6.74
2021 03 01 3.52 3.52 3.52
2021 03 02 3.62 3.62 3.62
2021 03 03 8.10 8.10 8.10
2021 03 04 10.65 10.65 10.65
2021 03 05 10.45 10.45 10.45
2021 03 06 7.94 7.94 7.94
2021 03 07 6.38 6.38 6.38
2021 03 08 4.48 4.48 4.48
2021 03 09 4.77 4.77 4.77
2021 03 10 4.34 4.34 4.34
2021 03 11 5.80 5.80 5.80
2021 03 12 7.85 7.85 7.85
2021 03 13 8.96 8.96 8.96
2021 03 14 8.96 8.96 8.96
2021 03 15 9.05 9.05 9.05
2021 03 16 8.39 8.39 8.39
2021 03 17 10.01 10.01 10.01
2021 03 18 10.66 10.66 10.66
2021 03 19 11.71 11.71 11.71
2021 03 20 8.85 8.85 8.85
2021 03 21 6.98 6.98 6.98
2021 03 22 7.85 7.85 7.85
2021 03 23 8.24 8.24 8.24
2021 03 24 8.61 8.61 8.61
2021 03 25 8.44 8.44 8.44
2021 03 26 8.37 8.37 8.37
2021 03 27 9.71 9.71 9.71
2021 03 28 11.21 11.21 11.21
2021 03 29 12.39 12.39 12.39
2021 03 30 14.65 14.65 14.65
2021 03 31 14.39 14.39 14.39
2021 04 01 14.47 14.47 14.47
2021 04 02 15.00 15.00 15.00
2021 04 03 15.12 15.12 15.12
2021 04 04 14.61 14.61 14.61
2021 04 05 13.38 13.38 13.38
2021 04 06 11.97 11.97 11.97
2021 04 07 10.92 10.92 10.92
2021 04 08 13.61 13.61 13.61
2021 04 09 15.36 15.36 15.36
2021 04 10 16.69 16.69 16.69
2021 04 11 14.47 14.47 14.47
2021 04 12 13.99 13.99 13.99
2021 04 13 14.91 14.91 14.91
2021 04 14 14.14 14.14 14.14
2021 04 15 14.78 14.78 14.78
2021 04 16 15.64 15.64 15.64
2021 04 17 14.07 14.07 14.07
2021 04 18 13.79 13.79 13.79
2021 04 19 14.70 14.70 14.70
2021 04 20 15.81 15.81 15.81
2021 04 21 16.33 16.33 16.33
2021 04 22 17.05 17.05 17.05
2021 04 23 15.84 15.84 15.84
2021 04 24 15.98 15.98 15.98
2021 04 25 17.60 17.60 17.60
2021 04 26 16.84 16.84 16.84
2021 04 27 14.72 14.72 14.72
2021 04 28 16.09 16.09 16.09
2021 04 29 17.36 17.36 17.36
2021 04 30 18.91 18.91 18.91
2021 05 01 19.61 19.61 19.61
2021 05 02 18.64 18.64 18.64
2021 05 03 16.48 16.48 16.48
2021 05 04 17.07 17.07 17.07
2021 05 05 18.32 18.32 18.32
2021 05 06 17.91 17.91 17.91
2021 05 07 17.75 17.75 17.75
2021 05 08 18.38 18.38 18.38
2021 05 09 16.22 16.22 16.22
2021 05 10 15.99 15.99 15.99
2021 05 11 18.66 18.66 18.66
2021 05 12 18.83 18.83 18.83
2021 05 13 18.76 18.76 18.76
2021 05 14 19.45 19.45 19.45
2021 05 15 20.02 20.02 20.02
2021 05 16 19.29 19.29 19.29
2021 05 17 20.76 20.76 20.76
2021 05 18 21.04 21.04 21.04
2021 05 19 20.61 20.61 20.61
2021 05 20 20.64 20.64 20.64
2021 05 21 20.99 20.99 20.99
2021 05 22 21.89 21.89 21.89
2021 05 23 21.46 21.46 21.46
2021 05 24 20.16 20.16 20.16
2021 05 25 20.48 20.48 20.48
2021 05 26 20.54 20.54 20.54
2021 05 27 21.54 21.54 21.54
2021 05 28 21.92 21.92 21.92
2021 05 29 22.93 22.93 22.93
2021 05 30 22.45 22.45 22.45
2021 05 31 21.58 21.58 21.58
2021 06 01 22.82 22.82 22.82
2021 06 02 22.44 22.44 22.44
2021 06 03 22.37 22.37 22.37
2021 06 04 21.08 21.08 21.08
2021 06 05 21.86 21.86 21.86
2021 06 06 21.09 21.09 21.09
2021 06 07 21.54 21.54 21.54
2021 06 08 21.74 21.74 21.74
2021 06 09 23.10 23.10 23.10
2021 06 10 23.05 23.05 23.05
2021 06 11 22.98 22.98 22.98
2021 06 12 22.57 22.57 22.57
2021 06 13 22.86 22.86 22.86
2021 06 14 22.61 22.61 22.61
2021 06 15 22.71 22.71 22.71
2021 06 16 23.14 23.14 23.14
2021 06 17 23.61 23.61 23.61
2021 06 18 24.63 24.63 24.63
2021 06 19 24.48 24.48 24.48
2021 06 20 22.68 22.68 22.68
2021 06 21 24.39 24.39 24.39
2021 06 22 24.35 24.35 24.35
2021 06 23 25.05 25.05 25.05
2021 06 24 24.33 24.33 24.33
2021 06 25 24.92 24.92 24.92
2021 06 26 24.27 24.27 24.27
2021 06 27 23.45 23.45 23.45
2021 06 28 23.62 23.62 23.62
2021 06 29 24.38 24.38 24.38
2021 06 30 23.92 23.92 23.92
2021 07 01 25.03 25.03 25.03
2021 07 02 24.99 24.99 24.99
2021 07 03 25.02 25.02 25.02
2021 07 04 26.26 26.26 26.26
2021 07 05 26.41 26.41 26.41
2021 07 06 25.25 25.25 25.25
2021 07 07 25.79 25.79 25.79
2021 07 08 25.49 25.49 25.49
2021 07 09 26.24 26.24 26.24
2021 07 10 27.31 27.31 27.31
2021 07 11 26.89 26.89 26.89
2021 07 12 27.05 27.05 27.05
2021 07 13 27.59 27.59 27.59
2021 07 14 27.05 27.05 27.05
2021 07 15 26.95 26.95 26.95
2021 07 16 26.94 26.94 26.94
2021 07 17 26.70 26.70 26.70
2021 07 18 26.69 26.69 26.69
2021 07 19 28.27 28.27 28.27
2021 07 20 29.08 29.08 29.08
2021 07 21 29.31 29.31 29.31
2021 07 22 28.75 28.75 28.75
2021 07 23 28.71 28.71 28.71
2021 07 24 29.65 29.65 29.65
2021 07 25 29.59 29.59 29.59
2021 07 26 29.59 29.59 29.59
2021 07 27 29.31 29.31 29.31
2021 07 28 29.40 29.40 29.40
2021 07 29 30.25 30.25 30.25
2021 07 30 29.30 29.30 29.30
2021 07 31 29.09 29.09 29.09
2021 08 01 29.69 29.69 29.69
2021 08 02 29.55 29.55 29.55
2021 08 03 28.59 28.59 28.59
2021 08 04 29.79 29.79 29.79
2021 08 05 30.36 30.36 30.36
2021 08 06 30.30 30.30 30.30
2021 08 07 29.25 29.25 29.25
2021 08 08 29.20 29.20 29.20
2021 08 09 28.49 28.49 28.49
2021 08 10 28.76 28.76 28.76
2021 08 11 28.82 28.82 28.82
2021 08 12 28.71 28.71 28.71
2021 08 13 28.15 28.15 28.15
2021 08 14 28.14 28.14 28.14
2021 08 15 28.11 28.11 28.11
2021 08 16 27.96 27.96 27.96
2021 08 17 27.16 27.16 27.16
2021 08 18 26.90 26.90 26.90
2021 08 19 27.79 27.79 27.79
2021 08 20 27.59 27.59 27.59
2021 08 21 27.72 27.72 27.72
2021 08 22 28.71 28.71 28.71
2021 08 23 27.78 27.78 27.78
2021 08 24 27.73 27.73 27.73
2021 08 25 26.81 26.81 26.81
2021 08 26 24.24 24.24 24.24
2021 08 27 24.02 24.02 24.02
2021 08 28 24.56 24.56 24.56
2021 08 29 24.28 24.28 24.28
2021 08 30 23.24 23.24 23.24
2021 08 31 24.19 24.19 24.19
2021 09 01 24.98 24.98 24.98
2021 09 02 22.85 22.85 22.85
2021 09 03 24.94 24.94 24.94
2021 09 04 24.73 24.73 24.73
2021 09 05 23.80 23.80 23.80
2021 09 06 23.15 23.15 23.15
2021 09 07 22.28 22.28 22.28
2021 09 08 22.34 22.34 22.34
2021 09 09 23.08 23.08 23.08
2021 09 10 23.09 23.09 23.09
2021 09 11 21.68 21.68 21.68
2021 09 12 22.66 22.66 22.66
2021 09 13 22.87 22.87 22.87
2021 09 14 23.11 23.11 23.11
2021 09 15 22.98 22.98 22.98
2021 09 16 22.06 22.06 22.06
2021 09 17 22.32 22.32 22.32
2021 09 18 21.69 21.69 21.69
2021 09 19 21.90 21.90 21.90
2021 09 20 21.25 21.25 21.25
2021 09 21 20.45 20.45 20.45
2021 09 22 21.55 21.55 21.55
2021 09 23 20.91 20.91 20.91
2021 09 24 21.30 21.30 21.30
2021 09 25 21.89 21.89 21.89
2021 09 26 22.79 22.79 22.79
2021 09 27 21.72 21.72 21.72
2021 09 28 21.11 21.11 21.11
2021 09 29 20.15 20.15 20.15
2021 09 30 19.18 19.18 19.18
2021 10 01 18.77 18.77 18.77
2021 10 02 20.44 20.44 20.44
2021 10 03 20.13 20.13 20.13
2021 10 04 20.48 20.48 20.48
2021 10 05 18.84 18.84 18.84
2021 10 06 18.46 18.46 18.46
2021 10 07 19.08 19.08 19.08
2021 10 08 18.82 18.82 18.82
2021 10 09 17.69 17.69 17.69
2021 10 10 17.39 17.39 17.39
2021 10 11 15.44 15.44 15.44
2021 10 12 14.10 14.10 14.10
2021 10 13 14.45 14.45 14.45
2021 10 14 16.31 16.31 16.31
2021 10 15 16.66 16.66 16.66
2021 10 16 15.99 15.99 15.99
2021 10 17 16.62 16.62 16.62
2021 10 18 15.92 15.92 15.92
2021 10 19 16.49 16.49 16.49
2021 10 20 16.35 16.35 16.35
2021 10 21 16.79 16.79 16.79
2021 10 22 17.14 17.14 17.14
2021 10 23 15.63 15.63 15.63
2021 10 24 14.90 14.90 14.90
2021 10 25 15.09 15.09 15.09
2021 10 26 14.55 14.55 14.55
2021 10 27 14.45 14.45 14.45
2021 10 28 14.94 14.94 14.94
2021 10 29 12.47 12.47 12.47
2021 10 30 9.85 9.85 9.85
2021 10 31 9.75 9.75 9.75
2021 11 01 9.35 9.35 9.35
2021 11 02 10.74 10.74 10.74
2021 11 03 11.07 11.07 11.07
2021 11 04 11.08 11.08 11.08
2021 11 05 12.44 12.44 12.44
2021 11 06 12.88 12.88 12.88
2021 11 07 14.97 14.97 14.97
2021 11 08 13.19 13.19 13.19
2021 11 09 10.44 10.44 10.44
2021 11 10 11.22 11.22 11.22
2021 11 11 10.27 10.27 10.27
2021 11 12 10.68 10.68 10.68
2021 11 13 11.45 11.45 11.45
2021 11 14 12.34 12.34 12.34
2021 11 15 10.07 10.07 10.07
2021 11 16 8.95 8.95 8.95
2021 11 17 10.80 10.80 10.80
2021 11 18 7.86 7.86 7.86
2021 11 19 9.07 9.07 9.07
2021 11 20 9.78 9.78 9.78
2021 11 21 9.44 9.44 9.44
2021 11 22 7.35 7.35 7.35
2021 11 23 5.07 5.07 5.07
2021 11 24 5.45 5.45 5.45
2021 11 25 6.59 6.59 6.59
2021 11 26 6.43 6.43 6.43
2021 11 27 7.04 7.04 7.04
2021 11 28 7.73 7.73 7.73
2021 11 29 7.39 7.39 7.39
2021 11 30 5.75 5.75 5.75
2021 12 01 5.75 5.75 5.75
2021 12 02 6.61 6.61 6.61
2021 12 03 8.48 8.48 8.48
2021 12 04 6.58 6.58 6.58
2021 12 05 4.67 4.67 4.67
2021 12 06 3.84 3.84 3.84
2021 12 07 1.76 1.76 1.76
2021 12 08 1.23 1.23 1.23
2021 12 09 2.34 2.34 2.34
2021 12 10 3.16 3.16 3.16
2021 12 11 2.01 2.01 2.01
2021 12 12 2.09 2.09 2.09
2021 12 13 2.80 2.80 2.80
2021 12 14 1.34 1.34 1.34
2021 12 15 1.48 1.48 1.48
2021 12 16 0.96 0.96 0.96
2021 12 17 2.02 2.02 2.02
2021 12 18 4.00 4.00 4.00
2021 12 19 5.64 5.64 5.64
2021 12 20 6.56 6.56 6.56
2021 12 21 7.71 7.71 7.71
2021 12 22 6.91 6.91 6.91
2021 12 23 5.13 5.13 5.13
2021 12 24 3.75 3.75 3.75
2021 12 25 3.31 3.31 3.31
2021 12 26 3.73 3.73 3.73
2021 12 27 -0.67 -0.67 -0.67
2021 12 28 -1.31 -1.31 -1.31
2021 12 29 0.31 0.31 0.31
2021 12 30 1.38 1.38 1.38
2021 12 31 1.55 1.55 1.55

