insu_sum
131692
215030
125636
163386
286602
184351
183131
264222
149268
123233
267492
171795
173509
245417
263229
149583
134325
248836
189668
282712
186230
284398
167735
237490
195983
281650
182404
268574
183726
148449
239550
190892
269667
193764
294859
189918
177932
240233
137505
138549
241349
175210
232553
140312
142076
272326
232199
226945
185794
236669
149402
125603
280973
184198
180322
296098
182580
140654
213673
163543
153888
281591
166109
161480
131666
199448
152876
168461
195010
243442
182186
190867
138866
178357
226107
233102
173414
158996
168788
159677
168523
177033
160561
161836
208298
163894
197343
165501
169990
194735
137106
130751
109455
182153
150968
156971
154667
155393
136019
150441
163530
135634
165317
119745
142498
123380
88848
143263
97690
94416
87445
90566
79743
56035
118194
110489
118715
182089
122696
119596
103635
206560
177108
165813
152204
125649
129343
116195
190197
145468
152790
148803
141117
134547
108346
165751
143409
147929
166695
144177
142096
105841
172592
136087
142062
141599
150995
155021
131329
179700
145243
169462
134377
134236
127480
101766
164691
120151
146540
138880
135779
157224
87376
73948
124122
175482
125325
129400
108293
99145
154560
120138
121779
125015
113399
111498
115212
153938
123651
145017
119458
122098
118002
97744
163332
113725
128358
120246
162200
117913
95759
142687
120598
148171
123425
128588
125317
107381
167068
132292
135431
128095
137464
133559
99383
152666
122603
154041
133854
120863
115306
90181
156553
109509
111957
110084
146178
96825
93182
127967
106952
138824
110152
132722
105842
101254
120873
91472
104901
120776
106780
114788
94170
131661
114527
120358
153468
122701
132508
113564
129798
126320
130291
138697
139324
144146
100774
135164
128241
153554
124485
133177
143100
105164
149384
115266
107581
80290
78633
80308
101067
149133
131597
141302
132894
123901
117743
98057
158104
119116
139483
129924
132124
150772
99528
121436
105956
125622
137292
129680
134268
135585
159274
137851
137912
163092
125806
128259
94901
178874
123628
140950
133605
135663
135924
129896
172031
131615
162093
134764
131486
137852
150196
205935
160085
166081
157224
238047
184936
203279
187919
170173
198364
211471
244827
254156
146117
236296
169939
174982
179539
230731
170034
177252
188787
164271
178352
205532
249683
171267
207156
224180
181779
178985
247185
246798
180775
209089
221276
175797
190434
258073
256445
190066
206224
217669
161243
195159
232095
239724
236802
181821
198657
180499
235068
197194
219160
227661
144035
248860
180547
209886
249630
235615
244197
202720
