year month date house_pred house_true houseCooking_pred houseCooking_true houseJHeating_pred houseJHeating_true salesOne_pred salesOne_true salesTwo_pred salesTwo_true bizHeating_pred bizHeating_true bizCooling_pred bizCooling_true industry_pred industry_true heatFacility_pred heatFacility_true heatCombined_pred heatCombined_true CNG_pred CNG_true pred_sum true_sum
2018 9 1 417.8 281.0 1334.3 747.0 5172.9 2285.0 7138.7 2631.0 275.7 233.0 1000.2 405.0 2155.6 815.0 95116.8 78884.0 14203.2 12570.0 6086.3 33.0 13764.8 13756.0 146666.3 112640.0
2018 9 2 555.6 441.0 1324.9 1194.0 6209.5 3586.0 6421.8 4118.0 573.3 366.0 898.4 635.0 1971.9 1278.0 95900.2 123874.0 15598.3 19739.0 6622.7 52.0 14544.2 21601.0 150620.8 176884.0
2018 9 3 667.0 370.0 1517.4 1013.0 7062.1 3067.0 8585.3 3464.0 449.8 306.0 1197.4 531.0 2336.9 1070.0 111854.9 104729.0 15133.5 16688.0 6594.0 44.0 15536.7 18263.0 170935.1 149545.0
2018 9 4 605.8 387.0 1530.5 1077.0 6570.6 3343.0 8746.1 3620.0 448.1 320.0 1274.0 555.0 2007.5 1118.0 111854.9 111122.0 13239.4 17707.0 6037.8 46.0 14842.8 19377.0 167157.7 158672.0
2018 9 5 621.6 378.0 1435.9 1050.0 6993.5 3282.0 8345.7 3513.0 453.6 310.0 1216.3 539.0 1901.6 1085.0 111854.9 108298.0 12200.2 17257.0 4819.7 45.0 7945.3 18885.0 157788.3 154642.0
2018 9 6 646.6 502.0 1396.2 1408.0 6943.8 4479.0 8071.7 4662.0 431.6 412.0 1169.6 715.0 1864.5 1439.0 111854.9 145182.0 11838.1 23134.0 6303.8 61.0 20362.3 25317.0 170883.1 207311.0
2018 9 7 582.4 356.0 1457.4 1036.0 6561.1 3316.0 8105.7 3299.0 422.6 292.0 1174.3 507.0 1882.5 1020.0 111547.2 104760.0 12942.0 16693.0 5576.7 44.0 12045.2 18268.0 162296.9 149591.0
2018 9 8 474.2 285.0 1344.9 840.0 5615.1 2734.0 7307.6 2638.0 281.2 233.0 1059.1 405.0 1698.2 815.0 95116.8 84770.0 12227.4 13508.0 5823.1 35.0 15681.3 14782.0 146628.9 121045.0
2018 9 9 474.2 405.0 1268.5 1253.0 5615.1 4085.0 6300.7 3758.0 281.2 332.0 915.3 577.0 1458.0 1161.0 95900.2 123380.0 12635.1 19660.0 5807.4 52.0 14577.5 21515.0 145233.2 176178.0
2018 9 10 667.0 367.0 1413.2 1181.0 7062.1 3607.0 7936.8 3308.0 423.2 292.0 1146.4 508.0 1782.0 1022.0 111854.9 109681.0 12144.8 17477.0 6479.8 46.0 20894.8 19126.0 171805.2 156615.0
2018 9 11 746.2 369.0 1444.3 1229.0 7606.7 3737.0 8174.6 3323.0 714.7 294.0 1239.2 510.0 1534.3 1027.0 111854.9 111845.0 10729.8 17822.0 5766.2 47.0 19370.0 19503.0 169180.9 159706.0
2018 9 12 700.8 352.0 1344.2 1184.0 7538.2 3692.0 7799.3 3147.0 521.1 278.0 1182.8 483.0 1453.0 972.0 111854.9 107785.0 9935.3 17175.0 4677.5 45.0 12749.7 18795.0 159756.7 153908.0
2018 9 13 738.6 535.0 1405.6 1597.0 7538.2 5376.0 7843.2 3975.0 714.7 345.0 1185.5 601.0 1483.2 1208.0 111854.9 145421.0 11001.6 23172.0 6177.5 61.0 21940.0 25358.0 171883.0 207649.0
2018 9 14 663.8 439.0 1514.0 1203.0 7155.5 4007.0 7948.5 2954.0 714.7 256.0 1202.1 446.0 1535.7 896.0 111547.2 109471.0 12800.8 17434.0 5768.2 46.0 14398.8 19079.0 165249.2 156231.0
2018 9 15 555.6 447.0 1394.5 1026.0 6209.5 3400.0 7166.4 2486.0 573.3 215.0 1080.5 375.0 1394.2 751.0 95116.8 93375.0 12042.2 14871.0 6249.6 39.0 20000.2 16274.0 151782.6 133259.0
2018 9 16 555.6 498.0 1293.6 1136.0 6101.2 3780.0 6189.1 2741.0 292.6 237.0 928.8 414.0 1235.6 829.0 95900.2 103392.0 12065.6 16466.0 6224.4 43.0 19747.3 18020.0 150534.1 147556.0
2018 9 17 746.2 508.0 1396.7 1156.0 7606.7 3855.0 7555.7 2785.0 605.4 240.0 1137.8 419.0 1426.6 840.0 111854.9 105201.0 11018.4 16754.0 6026.2 44.0 20713.0 18335.0 170087.6 150137.0
2018 9 18 746.2 728.0 1435.9 1252.0 7498.4 4148.0 7796.1 2928.0 382.0 254.0 1175.5 432.0 1470.7 867.0 111854.9 113849.0 11210.2 18132.0 6479.2 48.0 23801.3 19842.0 173850.5 162480.0
2018 9 19 700.8 732.0 1322.1 1257.0 7538.2 4169.0 7466.8 2942.0 521.1 255.0 1126.9 434.0 1380.5 871.0 111854.9 114397.0 9639.2 18219.0 4990.9 48.0 15922.3 19938.0 162463.6 163262.0
2018 9 20 738.6 952.0 1421.9 1633.0 7429.9 5418.0 7611.7 3823.0 382.0 331.0 1147.5 564.0 1443.9 1131.0 111854.9 148638.0 11314.7 23672.0 6668.0 62.0 25030.2 25905.0 175043.2 212129.0
2018 9 21 663.8 677.0 1522.6 1160.0 7047.2 3854.0 7560.2 2716.0 376.7 235.0 1137.8 400.0 1472.9 804.0 111547.2 105658.0 13387.8 16827.0 6153.6 44.0 16003.5 18415.0 166873.2 150790.0
2018 9 22 555.6 574.0 1325.6 983.0 6209.5 3264.0 6421.7 2298.0 497.8 199.0 962.9 339.0 1262.7 680.0 95116.8 89469.0 11979.2 14249.0 6092.1 37.0 18917.7 15593.0 149341.6 127685.0
2018 9 23 312.4 716.0 1239.6 1227.0 5041.6 4080.0 6040.9 2869.0 229.2 249.0 1022.5 423.0 1049.0 849.0 72499.0 111740.0 11384.2 17796.0 5387.7 47.0 15389.1 19474.0 119595.1 159470.0
2018 9 24 503.0 459.0 1230.1 787.0 6503.3 2617.0 6154.1 1840.0 524.6 159.0 1176.4 271.0 900.8 544.0 84118.7 71665.0 11197.8 11413.0 4496.1 30.0 14407.8 12490.0 131212.7 102275.0
2018 9 25 503.0 489.0 1230.1 839.0 6503.3 2789.0 6154.1 1961.0 619.9 170.0 1176.4 289.0 900.8 580.0 84118.7 76378.0 11197.8 12164.0 4496.1 32.0 14407.8 13312.0 131308.0 109003.0
2018 9 26 442.4 552.0 1230.1 945.0 6153.2 3143.0 6154.1 2210.0 358.8 192.0 1176.4 326.0 900.8 654.0 84118.7 86072.0 11197.8 13708.0 4496.1 36.0 14407.8 15001.0 130636.3 122839.0
2018 9 27 738.6 711.0 1336.7 1220.0 7538.2 4061.0 7949.9 2850.0 714.7 247.0 1685.6 420.0 879.2 843.0 111854.9 111097.0 10757.2 17693.0 4644.2 46.0 21765.2 19362.0 169864.4 158550.0
2018 9 28 663.8 855.0 1429.5 1483.0 7155.5 4938.0 7836.8 3458.0 714.7 296.0 1653.0 756.0 903.3 776.0 111547.2 135052.0 12712.3 21509.0 4626.2 81.0 16928.0 23538.0 166170.2 192742.0
2018 9 29 555.6 616.0 1209.8 902.0 6101.2 3490.0 6436.7 2483.0 252.3 216.0 1371.0 543.0 753.2 450.0 95116.8 81140.0 11225.4 13090.0 4518.7 49.0 19100.0 14325.0 146640.8 117304.0
2018 9 30 903.1 802.0 1214.4 1175.0 9184.2 4550.0 6206.0 3235.0 600.0 281.0 1350.6 715.0 720.9 586.0 95900.2 105809.0 12065.8 17070.0 4486.7 64.0 16042.0 18681.0 148673.9 152968.0
2018 10 1 938.7 1507.0 1379.8 1183.0 11614.9 8697.0 7661.4 6080.0 476.6 523.0 1637.8 2175.0 785.7 0.0 112549.3 100873.0 12032.8 17912.0 5680.2 45.0 15401.0 14629.0 170158.1 153624.0
2018 10 2 713.8 1642.0 1463.8 1253.0 6844.9 9506.0 8106.2 6626.0 457.6 570.0 1714.6 2371.0 842.8 0.0 112549.3 109891.0 12458.4 19513.0 6332.4 49.0 18843.2 15937.0 170326.9 167358.0
2018 10 3 842.7 2092.0 1286.8 1590.0 9517.9 12129.0 6651.1 8446.0 476.6 726.0 1401.2 3021.0 750.6 0.0 89483.2 140094.0 11781.9 24876.0 5294.8 62.0 15301.0 20317.0 142787.7 213353.0
2018 10 4 938.7 1580.0 1382.6 1197.0 11351.0 9215.0 8928.7 6289.0 476.6 541.0 2303.1 2250.0 557.4 0.0 112549.3 105411.0 11561.0 18717.0 3855.7 47.0 18441.5 15287.0 172345.5 160534.0
2018 10 5 1398.4 1687.0 1378.7 1280.0 13356.6 10092.0 8279.0 6705.0 476.6 576.0 2198.8 2399.0 462.4 0.0 113316.1 113752.0 13022.1 20199.0 3768.0 50.0 17665.7 16497.0 175322.4 173237.0
2018 10 6 1347.8 1503.0 1212.6 1053.0 9692.9 9161.0 6999.2 5978.0 470.2 513.0 1910.7 2133.0 363.7 0.0 96469.2 101752.0 12013.2 18068.0 3336.6 45.0 19300.0 14757.0 153116.2 154963.0
2018 10 7 1347.8 1773.0 1160.4 1243.0 11919.8 10837.0 6556.6 7052.0 470.2 605.0 1804.5 2517.0 339.0 0.0 98602.4 120198.0 11985.5 21343.0 3187.1 53.0 15253.0 17432.0 152626.4 183053.0
2018 10 8 1432.0 1593.0 1419.6 1134.0 14163.4 10257.0 8428.5 6291.0 476.6 540.0 2301.8 2246.0 350.8 0.0 114150.7 110358.0 13328.5 19596.0 3319.4 49.0 15527.8 16005.0 174899.0 168069.0
2018 10 9 1336.0 1714.0 1334.8 1298.0 10025.6 11608.0 7882.0 6768.0 476.6 581.0 2103.8 2416.0 429.0 0.0 89483.2 121983.0 12672.5 21660.0 3907.3 54.0 18748.3 17690.0 148399.0 185772.0
2018 10 10 1432.0 1514.0 1395.8 1153.0 11594.7 10471.0 8559.7 5984.0 476.6 513.0 2266.3 2135.0 436.8 0.0 114150.7 108904.0 11914.3 19338.0 3031.6 48.0 15061.0 15794.0 170319.4 165854.0
2018 10 11 1432.0 1777.0 1444.5 1351.0 11423.8 12249.0 9080.2 7027.0 476.6 602.0 2674.8 2506.0 0.0 0.0 114150.7 127628.0 11990.0 22662.0 1679.9 56.0 21899.0 18509.0 176251.5 194367.0
2018 10 12 1588.1 1481.0 1589.7 1138.0 12728.2 10406.0 9236.0 5857.0 476.6 502.0 2750.0 2088.0 0.0 0.0 107703.2 107414.0 14962.1 19073.0 1721.9 47.0 17358.5 15578.0 170114.3 163584.0
2018 10 13 1537.5 1235.0 1355.4 887.0 12579.4 8268.0 7572.4 4389.0 470.2 381.0 2298.1 1579.0 0.0 0.0 97959.3 83740.0 13030.4 14869.0 1744.2 37.0 21629.7 12144.0 160176.7 127529.0
2018 10 14 1508.9 1650.0 1286.5 1188.0 11107.9 11101.0 6880.1 5863.0 470.2 509.0 2107.8 2110.0 0.0 0.0 100456.8 112163.0 13151.1 19916.0 1649.3 50.0 18879.2 16266.0 157497.9 170816.0
2018 10 15 1593.1 1494.0 1553.7 1108.0 12893.2 10704.0 8955.2 5262.0 476.6 457.0 2653.7 1894.0 0.0 0.0 108537.7 104649.0 13764.2 18582.0 1690.7 46.0 18805.5 15177.0 170923.6 159373.0
2018 10 16 1621.7 1530.0 1552.5 1200.0 13759.1 12662.0 8770.4 5029.0 476.6 437.0 2616.2 1819.0 0.0 0.0 108537.7 113447.0 13445.8 20144.0 1861.8 50.0 23965.3 16453.0 176607.2 172771.0
2018 10 17 1593.1 1772.0 1460.8 1165.0 12629.2 12167.0 8410.9 4753.0 476.6 415.0 2489.7 1729.0 0.0 0.0 114150.7 110062.0 12259.0 19543.0 1506.2 49.0 16763.7 15962.0 171740.0 167617.0
2018 10 18 1432.0 2779.0 1572.5 1659.0 11423.8 17155.0 8796.5 6675.0 476.6 584.0 2625.3 2457.0 0.0 0.0 114150.7 156618.0 12855.8 27810.0 1966.8 69.0 27886.2 22714.0 183186.2 238520.0
2018 10 19 1398.4 2095.0 1671.8 1119.0 10353.6 11592.0 8971.5 4281.0 476.6 375.0 2708.9 1655.0 0.0 0.0 113316.1 105642.0 15605.7 18758.0 1809.0 47.0 18457.5 15321.0 174769.1 160885.0
2018 10 20 1347.8 1636.0 1376.3 874.0 9692.9 9063.0 7166.7 3342.0 470.2 293.0 2197.8 1292.0 0.0 0.0 96469.2 82542.0 12921.9 14657.0 1760.0 36.0 22250.5 11971.0 155653.3 125706.0
2018 10 21 1347.8 2823.0 1399.9 1507.0 11919.8 15648.0 6877.6 5765.0 470.2 505.0 2145.3 2229.0 0.0 0.0 98602.4 142448.0 14403.1 25294.0 1824.1 63.0 21143.2 20658.0 160133.3 216940.0
2018 10 22 1432.0 2326.0 1531.2 1246.0 11401.3 12940.0 8282.6 4772.0 476.6 416.0 2485.1 1839.0 0.0 0.0 114150.7 117749.0 13092.8 20908.0 1710.9 52.0 20622.2 17077.0 175185.4 179325.0
2018 10 23 1593.1 2727.0 1570.4 1461.0 12893.2 15205.0 8429.8 5578.0 476.6 488.0 2537.2 2155.0 0.0 0.0 108537.7 138140.0 13406.6 24529.0 1808.4 61.0 22624.0 20034.0 173877.1 210378.0
2018 10 24 1621.7 2764.0 1433.4 1484.0 12228.1 15447.0 7796.8 5660.0 476.6 495.0 2356.9 2185.0 0.0 0.0 108537.7 140243.0 12019.2 24902.0 1369.8 62.0 13523.0 20339.0 161363.3 213581.0
2018 10 25 1621.7 3400.0 1717.4 1825.0 13271.0 19010.0 8363.3 6944.0 476.6 608.0 2613.5 2684.0 0.0 0.0 108537.7 172439.0 10463.6 30619.0 2137.1 76.0 28402.8 25008.0 177604.6 262613.0
2018 10 26 1588.1 2697.0 1702.4 1452.0 12728.2 15165.0 8355.4 5510.0 476.6 482.0 2613.8 2129.0 0.0 0.0 107703.2 137247.0 10957.3 24370.0 1641.9 61.0 13708.5 19904.0 161475.5 209017.0
2018 10 27 1537.5 2020.0 1395.3 1087.0 11312.3 11369.0 7022.9 4101.0 462.6 360.0 2304.5 1590.0 0.0 0.0 103827.0 102686.0 9022.8 18234.0 1494.5 45.0 15070.3 14892.0 153450.0 156384.0
2018 10 28 2012.3 2950.0 1459.6 1590.0 14316.9 16658.0 7493.8 6004.0 462.6 527.0 3109.1 2328.0 0.0 0.0 105847.5 150363.0 11998.2 26699.0 2899.6 66.0 19436.7 21806.0 169036.3 228991.0
2018 10 29 2814.3 2266.0 1381.4 1223.0 22448.0 12812.0 8408.6 4605.0 476.6 404.0 3298.5 1785.0 0.0 0.0 119071.3 115529.0 10705.3 20514.0 2469.3 51.0 16282.3 16754.0 187355.6 175943.0
2018 10 30 2814.3 2763.0 1528.8 1501.0 18342.6 15647.0 9379.9 5641.0 476.6 493.0 3815.2 2334.0 0.0 0.0 119071.3 141964.0 12751.4 25208.0 2485.8 63.0 15500.0 20588.0 186165.9 216202.0
2018 10 31 2814.3 2301.0 1323.4 1271.0 19848.3 13061.0 8335.8 4726.0 476.6 410.0 3341.2 2299.0 0.0 0.0 119071.3 120268.0 10407.7 21355.0 1866.9 27.0 8006.5 17442.0 175492.0 183160.0
