year month date insu_house insu_houseCooking insu_houseJHeating insu_salesOne insu_salesTwo insu_bizHeating insu_bizCooling insu_industry insu_heatFacility insu_heatCombined insu_CNG insu_sum
2021 1 1 9376.0 2004.9 40753.9 13000.2 1074.6 9986.2 0.0 157769.8 49120.7 13.9 25680.7 308781.0
2021 1 2 8458.1 1862.3 36040.3 12174.2 931.5 9330.1 0.0 157769.8 45877.6 15.6 29364.1 301823.7
2021 1 3 8120.5 2152.0 36892.0 13954.3 984.6 10690.9 0.0 157769.8 52373.2 15.3 25020.1 307972.7
2021 1 4 7586.6 1926.3 34629.1 12477.7 921.7 9571.6 0.0 155930.8 46630.3 14.6 23444.2 293133.0
2021 1 5 8602.2 2019.4 38493.3 13212.2 1085.6 10123.2 0.0 157769.8 49349.0 15.5 24998.5 305668.6
2021 1 6 8927.0 2087.9 38533.8 13571.6 1130.5 10436.5 0.0 157769.8 51408.6 15.4 33651.0 317532.2
2021 1 7 8602.2 2094.6 37976.1 13362.9 1076.8 10271.8 0.0 157769.8 50395.2 14.3 28951.2 310514.9
2021 1 8 8832.3 2071.3 37976.1 13197.0 1095.1 10156.8 0.0 157769.8 50023.5 14.7 26650.5 307787.1
2021 1 9 8540.3 1967.6 37675.4 12574.2 944.2 9665.9 0.0 157769.8 47736.5 15.7 29139.0 306028.7
2021 1 10 9121.6 2188.5 40121.1 13909.0 1113.5 10681.2 0.0 159168.2 52319.4 15.4 24200.8 312838.8
2021 1 11 9027.7 1984.0 38308.1 12694.0 1042.6 9755.1 0.0 157375.0 47439.4 15.1 22128.6 299769.6
2021 1 12 10353.5 2128.5 45399.5 13622.9 1094.7 10498.1 0.0 159168.2 51429.9 16.0 26005.0 319716.1
2021 1 13 10353.5 2102.1 45250.7 13423.6 1110.0 10362.7 0.0 159168.2 51034.8 15.5 33154.1 325975.1
2021 1 14 9968.8 2134.5 43086.6 13436.1 1104.8 10367.1 0.0 159168.2 50725.9 14.8 28197.4 318204.3
2021 1 15 9586.3 2108.7 42485.6 13218.6 1050.9 10245.8 0.0 157769.8 50588.7 15.2 27222.7 314292.2
2021 1 16 8540.3 2020.1 37675.4 12687.8 963.6 9824.1 0.0 157769.8 48531.8 16.2 28920.6 306949.8
2021 1 17 8120.5 2203.4 37366.9 13798.8 1007.3 10663.6 0.0 157769.8 52222.8 15.9 24076.1 307245.0
2021 1 18 7881.3 2084.4 36736.8 13055.2 924.4 10107.8 0.0 155930.8 49126.8 16.8 20920.5 296784.7
2021 1 19 9968.8 2275.0 43086.6 14024.1 1097.6 10935.5 0.0 159168.2 54012.5 18.4 29049.0 323635.7
2021 1 20 10353.5 2187.6 45250.7 13449.6 1112.1 10486.3 0.0 159168.2 51674.1 17.5 31705.7 325405.2
2021 1 21 9731.2 2244.2 42480.8 13733.2 1104.8 10702.0 0.0 159168.2 52526.6 17.3 27594.7 319302.9
2021 1 22 9616.8 2213.8 42334.5 13520.1 1107.9 10581.3 0.0 159168.2 52626.4 18.2 28191.5 319378.9
2021 1 23 10683.8 2149.8 45112.3 13150.8 1098.7 10276.5 0.0 159168.2 50898.9 18.8 28462.4 321020.2
2021 1 24 10993.3 2274.9 45880.2 13878.8 1120.9 10821.4 0.0 159168.2 53433.2 18.5 23656.1 321245.3
2021 1 25 10267.9 2145.4 39523.9 13086.5 1043.9 10221.4 0.0 157375.0 50276.6 20.2 20475.6 304436.5
2021 1 26 10581.2 2340.0 45896.4 14152.0 1094.7 11125.9 0.0 159168.2 55667.8 22.6 32218.6 332267.4
2021 1 27 10353.5 2259.0 45250.7 13661.5 1109.6 10693.6 0.0 159168.2 53426.6 21.3 29987.4 325931.2
2021 1 28 9586.3 2266.1 42573.9 13674.5 1143.3 10683.4 0.0 159168.2 54056.7 20.7 28766.4 321939.5
2021 1 29 9586.3 2227.6 42485.6 13388.0 1050.9 10496.0 0.0 157769.8 53898.1 21.6 29271.4 320195.2
2021 1 30 9156.8 2219.3 39685.4 13383.5 1102.7 10465.8 0.0 159168.2 53296.8 22.7 29531.2 318032.5
2021 1 31 9837.0 2315.7 41854.1 13865.7 1125.0 10806.0 0.0 159168.2 55716.1 27.5 24118.5 318833.8
2021 1 1 9380.2 2004.9 40912.4 13000.2 1074.3 9986.2 0.0 159298.5 49120.7 13.9 25680.7 310472.1
2021 1 2 8312.0 1862.3 35676.1 12174.2 929.6 9330.1 0.0 145290.5 45877.6 15.6 29364.1 288832.2
2021 1 3 8410.2 2152.0 35821.1 13954.3 996.1 10690.9 0.0 150415.6 52373.2 15.3 25020.1 299848.9
2021 1 4 7928.6 1926.3 32932.7 12477.7 911.9 9571.6 0.0 137047.3 46630.3 14.6 23444.2 272885.4
2021 1 5 8427.8 2019.4 38367.4 13212.2 1085.0 10123.2 0.0 159299.4 49349.0 15.5 24998.5 306897.2
2021 1 6 8777.8 2087.9 38416.3 13571.6 1136.1 10436.5 0.0 160958.7 51408.6 15.4 33651.0 320460.1
2021 1 7 8239.9 2094.6 37952.4 13362.9 1082.8 10271.8 0.0 158330.8 50395.2 14.3 28951.2 310695.9
2021 1 8 8635.4 2071.3 38497.5 13197.0 1098.7 10156.8 0.0 159993.5 50023.5 14.7 26650.5 310339.0
2021 1 9 8676.1 1967.6 36597.2 12574.2 942.6 9665.9 0.0 146213.6 47736.5 15.7 29139.0 293528.5
2021 1 10 8968.1 2188.5 41370.2 13909.0 1124.8 10681.2 0.0 162067.1 52319.4 15.4 24200.8 316844.7
2021 1 11 9308.6 1984.0 37335.6 12694.0 1037.6 9755.1 0.0 151416.5 47439.4 15.1 22128.6 293114.5
2021 1 12 10510.5 2128.5 44817.1 13622.9 1087.4 10498.1 0.0 172999.0 51429.9 16.0 26005.0 333114.2
2021 1 13 10632.0 2102.1 45533.1 13423.6 1107.2 10362.7 0.0 171729.9 51034.8 15.5 33154.1 339095.0
2021 1 14 10019.0 2134.5 43663.2 13436.1 1108.8 10367.1 0.0 167138.7 50725.9 14.8 28197.4 326805.5
2021 1 15 9694.8 2108.7 42337.1 13218.6 1044.9 10245.8 0.0 161954.9 50588.7 15.2 27222.7 318431.4
2021 1 16 8604.6 2020.1 36597.2 12687.8 963.1 9824.1 0.0 146213.6 48531.8 16.2 28920.6 294379.1
2021 1 17 8431.1 2203.4 36061.7 13798.8 994.5 10663.6 0.0 150920.3 52222.8 15.9 24076.1 299388.0
2021 1 18 7917.2 2084.4 35958.9 13055.2 918.6 10107.8 0.0 145841.7 49126.8 16.8 20920.5 285947.9
2021 1 19 9983.2 2275.0 44078.2 14024.1 1094.8 10935.5 0.0 167572.6 54012.5 18.4 29049.0 333043.3
2021 1 20 10607.1 2187.6 45399.6 13449.6 1107.2 10486.3 0.0 171729.9 51674.1 17.5 31705.7 338364.6
2021 1 21 9954.1 2244.2 42900.1 13733.2 1108.8 10702.0 0.0 167138.7 52526.6 17.3 27594.7 327919.6
2021 1 22 9694.1 2213.8 42147.4 13520.1 1115.6 10581.3 0.0 166419.9 52626.4 18.2 28191.5 326528.3
2021 1 23 10913.5 2149.8 44323.1 13150.8 1109.0 10276.5 0.0 168015.6 50898.9 18.8 28462.4 329318.5
2021 1 24 10954.9 2274.9 47491.1 13878.8 1127.1 10821.4 0.0 173266.6 53433.2 18.5 23656.1 336922.5
2021 1 25 10437.6 2145.4 41966.6 13086.5 1037.6 10221.4 0.0 152561.5 50276.6 20.2 20475.6 302228.9
2021 1 26 10717.3 2340.0 45889.0 14152.0 1087.4 11125.9 0.0 172999.0 55667.8 22.6 32218.6 346219.5
2021 1 27 10632.0 2259.0 45533.1 13661.5 1107.2 10693.6 0.0 171729.9 53426.6 21.3 29987.4 339051.5
2021 1 28 9646.8 2266.1 43312.5 13674.5 1154.9 10683.4 0.0 167518.2 54056.7 20.7 28766.4 331100.3
2021 1 29 9694.8 2227.6 42337.1 13388.0 1044.9 10496.0 0.0 161954.9 53898.1 21.6 29271.4 324334.4
2021 1 30 9072.5 2219.3 39754.0 13383.5 1100.6 10465.8 0.0 156816.2 53296.8 22.7 29531.2 315662.7
2021 1 31 9720.5 2315.7 43843.6 13865.7 1119.2 10806.0 0.0 164678.5 55716.1 27.5 24118.5 326211.4
2021 1 1 9310.9 2004.9 40932.6 13000.2 1070.1 9986.2 0.0 158027.3 49120.7 13.9 25680.7 309147.7
2021 1 2 8738.7 1862.3 35610.8 12174.2 931.4 9330.1 0.0 146978.8 45877.6 15.6 29364.1 290883.8
2021 1 3 8204.8 2152.0 36069.5 13954.3 977.5 10690.9 0.0 152410.1 52373.2 15.3 25020.1 301867.7
2021 1 4 7806.5 1926.3 33344.0 12477.7 929.6 9571.6 0.0 138582.2 46630.3 14.6 23444.2 274727.1
2021 1 5 8544.3 2019.4 38655.9 13212.2 1095.5 10123.2 0.0 158357.2 49349.0 15.5 24998.5 306370.7
2021 1 6 8794.0 2087.9 38316.3 13571.6 1133.6 10436.5 0.0 159850.4 51408.6 15.4 33651.0 319265.3
2021 1 7 8419.5 2094.6 37944.0 13362.9 1092.0 10271.8 0.0 156450.6 50395.2 14.3 28951.2 308996.2
2021 1 8 8688.6 2071.3 38541.6 13197.0 1082.2 10156.8 0.0 159199.3 50023.5 14.7 26650.5 309625.6
2021 1 9 8609.0 1967.6 36666.8 12574.2 927.8 9665.9 0.0 147888.4 47736.5 15.7 29139.0 295190.9
2021 1 10 9040.8 2188.5 41604.4 13909.0 1117.6 10681.2 0.0 162088.2 52319.4 15.4 24200.8 317165.4
2021 1 11 9294.5 1984.0 38282.2 12694.0 992.8 9755.1 0.0 151520.9 47439.4 15.1 22128.6 294106.6
2021 1 12 10554.1 2128.5 45530.0 13622.9 1062.1 10498.1 0.0 174404.1 51429.9 16.0 26005.0 335250.6
2021 1 13 10591.1 2102.1 45768.1 13423.6 1100.8 10362.7 0.0 170506.4 51034.8 15.5 33154.1 338059.3
2021 1 14 9952.9 2134.5 43796.7 13436.1 1118.5 10367.1 0.0 166429.3 50725.9 14.8 28197.4 326173.2
2021 1 15 9577.1 2108.7 42483.7 13218.6 1042.0 10245.8 0.0 162570.7 50588.7 15.2 27222.7 319073.1
2021 1 16 8609.0 2020.1 36666.8 12687.8 951.7 9824.1 0.0 147888.4 48531.8 16.2 28920.6 296116.6
2021 1 17 8207.2 2203.4 36221.7 13798.8 1001.6 10663.6 0.0 152355.2 52222.8 15.9 24076.1 300766.2
2021 1 18 7960.0 2084.4 35974.2 13055.2 911.4 10107.8 0.0 145507.8 49126.8 16.8 20920.5 285665.0
2021 1 19 9935.5 2275.0 43810.2 14024.1 1108.2 10935.5 0.0 166809.5 54012.5 18.4 29049.0 331977.9
2021 1 20 10677.9 2187.6 45706.3 13449.6 1100.8 10486.3 0.0 170506.4 51674.1 17.5 31705.7 337512.2
2021 1 21 9790.5 2244.2 42990.9 13733.2 1122.3 10702.0 0.0 166429.3 52526.6 17.3 27594.7 327151.0
2021 1 22 9584.3 2213.8 42404.7 13520.1 1125.1 10581.3 0.0 166248.9 52626.4 18.2 28191.5 326514.4
2021 1 23 10853.3 2149.8 44621.5 13150.8 1098.1 10276.5 0.0 166938.9 50898.9 18.8 28462.4 328469.0
2021 1 24 11009.4 2274.9 46826.9 13878.8 1148.6 10821.4 0.0 171942.9 53433.2 18.5 23656.1 335010.6
2021 1 25 10051.2 2145.4 41655.0 13086.5 1000.4 10221.4 0.0 151615.4 50276.6 20.2 20475.6 300547.6
2021 1 26 10743.5 2340.0 46327.9 14152.0 1062.1 11125.9 0.0 174404.1 55667.8 22.6 32218.6 348064.5
2021 1 27 10591.1 2259.0 45768.1 13661.5 1100.8 10693.6 0.0 170506.4 53426.6 21.3 29987.4 338015.8
2021 1 28 9577.1 2266.1 43122.4 13674.5 1172.9 10683.4 0.0 166967.8 54056.7 20.7 28766.4 330308.1
2021 1 29 9577.1 2227.6 42483.7 13388.0 1042.0 10496.0 0.0 162570.7 53898.1 21.6 29271.4 324976.1
2021 1 30 9101.7 2219.3 39003.0 13383.5 1095.0 10465.8 0.0 156580.6 53296.8 22.7 29531.2 314699.8
2021 1 31 9694.7 2315.7 43001.9 13865.7 1144.9 10806.0 0.0 163996.9 55716.1 27.5 24118.5 324687.9
2021 2 1 9503.5 2156.9 39328.6 13013.1 1058.2 10334.5 0.0 152033.3 51683.4 31.0 21459.7 300602.1
2021 2 2 10783.2 2365.4 46848.1 14156.9 1074.4 11271.9 0.0 159440.8 57477.2 33.2 33652.6 337103.7
2021 2 3 10783.2 2297.9 46848.1 13867.6 1087.7 11002.2 0.0 159440.8 55332.3 27.0 28845.8 329532.6
2021 2 4 10004.8 2272.6 43642.6 13654.4 1092.7 10812.4 0.0 159440.8 55712.7 28.5 29882.8 326544.3
2021 2 5 10057.1 2216.5 43434.7 13184.9 1092.7 10435.6 0.0 159440.8 54266.1 29.0 29386.7 323544.2
2021 2 6 10014.3 2245.2 41841.3 13425.4 1082.1 10586.9 0.0 156128.1 54463.5 30.0 30826.1 320642.9
2021 2 7 10192.6 2339.0 43086.2 13875.1 1082.1 10909.0 0.0 156128.1 57161.7 38.7 24997.4 319809.9
2021 2 8 8285.0 2147.1 37537.6 12721.4 1108.3 9979.5 0.0 152033.3 52031.0 41.5 21910.1 297794.7
2021 2 9 9981.8 2335.1 43860.6 13769.4 1073.2 10798.1 0.0 157075.3 57181.3 42.0 32929.2 329046.0
2021 2 10 9981.8 2266.0 43506.9 13508.9 1121.4 10539.9 0.0 159440.8 55004.1 36.1 28978.3 324384.1
2021 2 11 9777.8 2201.5 41957.0 13096.0 1073.2 10165.7 0.0 154928.1 54414.6 57.3 30061.1 317732.2
2021 2 12 9066.2 2065.9 38615.4 12160.0 1070.3 9432.0 0.0 154928.1 50843.0 55.3 29435.9 307672.1
2021 2 13 8763.3 2170.8 36836.4 12845.2 971.6 9932.7 0.0 148241.4 53112.4 59.5 30963.8 303897.1
2021 2 14 8524.6 2276.3 37230.3 13386.1 1002.9 10301.1 0.0 151693.3 55728.6 72.2 25520.5 305735.8
2021 2 15 8288.9 2070.5 37537.6 12194.0 983.2 9324.1 0.0 146094.9 50150.9 76.2 21327.2 288047.6
2021 2 16 9283.7 2278.7 40003.5 13403.6 1075.3 10222.6 0.0 155091.5 55637.5 74.3 30703.5 317774.2
2021 2 17 9066.2 2216.1 38604.2 13183.4 1073.2 10020.8 0.0 154928.1 53797.9 65.8 28692.8 311648.6
2021 2 18 9777.8 2167.7 41957.0 12897.4 1073.2 9747.7 0.0 154928.1 52684.1 69.1 27461.1 312763.2
2021 2 19 9471.4 1995.0 40352.4 11753.8 1025.9 8875.1 0.0 154928.1 48303.1 64.6 27480.7 304250.1
2021 2 20 8628.3 2081.7 34724.1 12310.1 1000.4 9267.5 0.0 150368.5 50124.0 70.0 28492.9 297067.4
2021 2 21 9233.9 2234.0 39752.5 13233.6 1002.9 9912.1 0.0 151693.3 53304.3 75.5 24399.3 304841.4
2021 2 22 8054.1 2023.3 34841.8 11933.0 985.4 8869.7 0.0 146094.9 47235.7 70.7 23830.6 283939.2
2021 2 23 9066.2 2161.7 39806.6 12805.2 1075.3 9504.4 0.0 155091.5 50854.4 65.6 28894.1 309325.0
2021 2 24 9777.8 2182.6 41821.3 13039.5 1073.2 9614.0 0.0 154928.1 51267.4 66.2 28051.9 311822.0
2021 2 25 9348.2 2120.1 38812.2 12369.7 1075.3 8981.6 0.0 154928.1 48286.1 53.6 26219.7 302194.6
2021 2 26 9348.2 1893.0 39364.0 11127.0 1070.3 8100.5 0.0 154928.1 43789.8 44.8 25839.5 295505.3
2021 2 27 8440.1 2054.6 33681.7 12115.9 982.1 8786.8 0.0 148241.4 47066.0 50.4 24770.5 286189.5
2021 2 28 8929.8 2158.9 38543.3 12716.1 982.9 9179.1 0.0 149566.2 48863.8 51.3 24197.7 295189.2
2021 3 1 7730.1 1959.5 31749.4 11407.5 833.9 7903.9 0.0 156185.0 42867.6 45.6 29233.4 289916.0
2021 3 2 7730.1 2150.2 34385.0 12539.8 862.0 8678.9 0.0 164152.6 46958.4 44.3 26156.6 303657.9
2021 3 3 6410.0 2152.7 32604.8 12474.5 848.6 8602.9 0.0 154786.8 46606.1 42.0 27094.0 291622.4
2021 3 4 5329.3 2112.8 27869.8 11849.4 808.2 8053.3 0.0 151043.1 44062.4 52.7 25639.8 276820.7
2021 3 5 5329.3 1998.7 27398.5 11246.0 774.0 7654.3 0.0 150315.2 42112.2 44.2 23103.4 269975.8
2021 3 6 5987.8 2124.4 26222.5 12100.1 735.1 8215.0 0.0 138385.1 44307.3 49.9 21820.1 259947.3
2021 3 7 6666.2 2157.4 29168.9 12165.2 760.7 8212.2 0.0 148709.6 44145.4 53.0 26723.7 278762.3
2021 3 8 7730.1 2003.7 31749.4 11174.1 833.9 7518.1 0.0 156185.0 39873.5 48.2 26959.7 284075.6
2021 3 9 7730.1 2213.0 34385.0 12369.9 862.0 8280.6 0.0 164152.6 43568.6 50.0 26337.5 299949.2
2021 3 10 7734.7 2131.2 34391.5 11937.2 868.0 7961.3 0.0 164959.9 41659.0 46.8 29665.5 301355.0
2021 3 11 7734.7 2058.4 33737.1 11137.3 845.0 7300.7 0.0 163744.2 38702.7 55.8 28903.2 294219.2
2021 3 12 6728.9 2048.0 30579.3 11135.8 798.5 7277.5 0.0 150650.9 38515.0 51.2 24775.4 272560.5
2021 3 13 5987.8 2127.7 23361.0 11743.7 658.6 7683.9 0.0 139151.4 39987.4 53.9 22208.1 252963.4
2021 3 14 5987.8 2173.5 23941.8 11974.9 658.6 7780.4 0.0 142959.6 40386.3 57.5 26210.2 262130.5
2021 3 15 5675.4 2095.0 24903.5 11504.7 749.3 7427.7 0.0 137713.5 37926.0 56.0 24339.0 252389.9
2021 3 16 6345.0 2225.7 32226.2 12206.3 809.6 7846.3 0.0 150783.1 39966.5 57.7 27555.9 280022.3
2021 3 17 5386.0 2201.3 27968.4 12007.4 816.4 7681.5 0.0 154852.1 39035.0 56.5 29819.2 279823.8
2021 3 18 5329.3 2125.4 27869.8 11585.7 808.2 7353.9 0.0 151043.1 37504.0 54.8 28085.2 271759.4
2021 3 19 4344.4 2174.8 23032.2 11843.9 709.8 7476.0 0.0 147688.6 38286.3 55.7 26918.7 262530.5
2021 3 20 5987.8 2150.9 23361.0 11861.0 702.3 7503.8 0.0 138385.1 37818.4 55.9 22684.1 250510.3
2021 3 21 6492.0 2180.3 28564.2 12088.2 760.7 7612.5 0.0 148709.6 38161.0 58.8 25057.3 269684.7
2021 3 22 6888.0 2160.9 30145.1 11998.2 781.5 7481.9 0.0 136831.1 37250.4 58.9 23378.0 256974.0
2021 3 23 6345.0 2210.3 32842.3 12248.4 809.6 7575.9 0.0 150783.1 37929.0 58.7 26589.2 277391.7
2021 3 24 6410.0 2130.6 29743.3 11824.5 835.3 7262.9 0.0 154877.4 36366.8 57.1 29377.3 278885.2
2021 3 25 6410.0 2105.2 29863.7 11654.2 819.1 6977.9 0.0 152975.3 35602.2 63.7 26867.9 273339.2
2021 3 26 6297.6 2128.5 29844.1 11727.1 792.0 6981.9 0.0 150650.9 35969.6 64.2 28760.6 273216.5
2021 3 27 5318.2 2050.8 21283.3 11381.5 658.6 6734.4 0.0 140529.1 34184.6 59.9 22874.9 245075.3
2021 3 28 5004.4 2105.5 25369.3 11457.1 683.1 6695.8 0.0 139796.7 34357.9 66.0 25256.3 250792.2
2021 3 29 4051.4 2064.8 17244.4 11268.5 658.5 6509.8 0.0 136550.8 33524.1 65.3 24214.2 236151.7
2021 3 30 3517.5 2099.1 19162.4 11444.6 628.6 6549.1 0.0 143131.4 33869.0 65.1 23988.6 244455.4
2021 3 31 3517.5 2056.9 17291.5 10914.7 628.6 6118.1 0.0 140540.8 32639.1 64.9 26852.7 240624.9
2021 4 1 3555.9 2075.0 19151.7 11067.3 622.9 5840.5 0.0 143864.6 32677.0 72.8 24684.0 243611.7
2021 4 2 3562.7 2088.5 19384.2 10988.0 629.1 5725.2 0.0 143772.4 32637.6 74.2 27430.9 246292.8
2021 4 3 3509.0 2049.7 19316.2 10785.9 669.6 5535.2 0.0 127510.8 31084.4 69.4 20677.9 221208.1
2021 4 4 3569.6 2039.0 20538.3 10439.3 669.9 5268.7 0.0 140366.6 30259.6 74.4 24190.1 237415.5
2021 4 5 4269.3 2021.7 19810.5 10359.1 659.4 5163.9 0.0 135972.3 29907.4 75.3 23621.4 231860.3
2021 4 6 4370.2 2041.2 24151.9 10498.6 681.7 5181.1 0.0 144852.8 30109.4 74.2 20364.2 242325.3
2021 4 7 5312.6 2002.7 28670.3 9953.6 804.3 4723.7 0.0 150352.4 28627.9 74.8 26064.1 256586.3
2021 4 8 4041.1 1997.9 21414.7 9814.0 618.1 4480.2 0.0 148993.9 28159.5 82.5 24451.3 244053.0
2021 4 9 3397.2 1970.3 19227.5 9622.6 642.3 4357.3 0.0 143474.0 27672.6 81.1 27983.2 238428.3
2021 4 10 3499.6 2021.7 17329.9 9855.3 646.8 4334.7 0.0 131101.8 27307.1 79.3 21079.5 217255.7
2021 4 11 3562.0 2049.8 20538.3 9679.3 669.9 4170.1 0.0 140366.6 27250.0 85.1 24379.2 232750.3
2021 4 12 3574.5 1963.2 17941.4 9373.9 614.3 3993.5 0.0 135972.3 25854.3 81.7 25479.3 224848.3
2021 4 13 3494.8 1955.8 18935.8 9399.8 635.1 3969.8 0.0 140791.0 25750.3 81.4 20909.2 225923.0
2021 4 14 3539.7 2063.9 18390.6 9685.8 635.0 3987.5 0.0 146553.2 26881.3 87.2 28024.7 239849.0
2021 4 15 3563.5 1983.8 19151.7 9264.5 622.9 3709.9 0.0 143864.6 25412.3 84.7 25872.5 233530.5
2021 4 16 3351.7 1989.7 18503.4 9299.6 644.5 3705.2 0.0 147111.1 25682.7 86.1 28128.2 238502.3
2021 4 17 3453.4 2031.0 18550.6 9554.0 665.1 3782.3 0.0 130855.3 25493.5 83.5 24175.7 218644.3
2021 4 18 4071.2 2074.9 22396.8 9689.6 681.3 3821.0 0.0 142580.0 26364.2 89.4 27241.3 239009.7
2021 4 19 3564.9 2019.1 17833.0 9595.3 637.7 3761.4 0.0 136151.5 25475.6 86.0 27669.8 226794.3
2021 4 20 3269.7 1972.2 17969.1 9429.5 636.0 3633.8 24.9 144428.0 24631.3 82.9 20930.8 227008.1
2021 4 21 3421.5 2118.1 17818.6 10070.7 580.1 3883.3 25.4 150509.7 26919.8 92.1 31260.7 246699.9
2021 4 22 2726.8 2018.3 14170.1 9610.8 577.6 3671.4 29.6 143961.5 25357.5 87.0 27904.2 230114.9
2021 4 23 3351.7 1928.3 18503.4 9191.3 644.5 3438.2 49.5 147111.1 24215.7 81.7 30181.2 238696.8
2021 4 24 3453.7 1955.7 17492.7 9164.0 653.5 3360.2 51.5 130323.7 23603.2 78.5 27591.1 217727.8
2021 4 25 2439.3 2043.9 13198.4 9558.8 531.9 3498.3 58.7 143115.4 25188.9 86.5 29490.6 229210.6
2021 4 26 3085.9 1954.9 14929.9 9341.8 585.1 3387.6 58.0 139368.3 23902.9 80.6 32045.5 228740.6
2021 4 27 3564.9 1940.1 18935.8 9133.1 637.7 3134.4 103.2 140791.0 22730.1 77.6 22329.2 223377.0
2021 4 28 3421.5 1990.0 17818.6 9336.0 580.1 3224.6 103.4 150509.7 24005.5 84.1 33558.1 244631.5
2021 4 29 2430.9 2011.0 12622.3 9402.3 577.6 3191.3 127.8 143961.5 23991.8 83.3 29197.2 227597.1
2021 4 30 2033.4 1911.1 12025.6 8960.2 564.8 2962.2 131.1 147907.4 22785.5 78.7 29589.6 228949.6
2021 5 1 2242.9 1817.9 12171.5 8267.2 603.0 2628.7 181.2 128656.7 20582.4 70.7 28442.0 205664.1
2021 5 2 2258.0 1892.7 13346.6 8678.9 656.9 2763.1 187.4 148614.2 21724.6 76.8 29126.7 229325.8
2021 5 3 3570.0 1974.2 16836.2 9079.5 739.4 2854.5 201.5 139608.5 22602.4 78.6 32185.3 229730.2
2021 5 4 2857.9 1878.4 13680.7 8554.4 686.0 2517.0 246.7 140742.8 20513.2 71.2 23941.8 215690.1
2021 5 5 2173.1 1860.7 12234.1 8486.4 654.6 2495.5 247.4 145349.6 20877.1 74.8 31529.4 225982.7
2021 5 6 2514.9 1986.8 12482.6 8925.5 649.0 2539.2 296.6 145349.6 21933.5 78.2 30263.6 227019.4
2021 5 7 2446.6 1801.8 12482.6 8205.0 650.6 2246.0 289.7 143919.4 19604.9 68.7 28674.9 220390.3
2021 5 8 2125.2 1740.7 12078.7 7461.2 590.4 1839.3 334.3 127500.0 18011.8 64.5 26728.5 198474.7
2021 5 9 3657.6 1874.7 18950.6 8070.6 825.2 1961.9 370.4 142407.8 19372.9 70.4 25269.0 222831.2
2021 5 10 3415.8 1941.6 16836.2 8404.0 715.9 2047.7 380.2 139225.5 20052.0 72.7 32240.8 225332.4
2021 5 11 2177.1 1831.1 12116.9 7897.0 632.5 1748.1 421.3 137528.4 18090.2 65.6 24134.5 206642.7
2021 5 12 2171.9 1753.5 12234.1 7591.6 650.1 1646.3 420.4 147885.1 17493.9 64.8 28989.0 220900.6
2021 5 13 2173.2 2010.0 12234.1 8632.8 674.5 1840.5 496.3 148947.8 20133.0 74.8 30321.1 227538.3
2021 5 14 2184.4 1796.3 12326.9 7874.5 678.3 1658.3 453.3 150574.8 17822.2 67.4 26517.9 221954.1
2021 5 15 2242.9 1706.0 12171.5 7198.3 669.6 1355.6 468.5 128656.7 16252.8 62.0 23918.1 194702.0
2021 5 16 2424.7 1862.4 13439.3 7821.8 683.9 1459.0 515.8 149753.2 17709.6 68.3 23444.8 219182.8
2021 5 17 1692.2 1961.1 9778.9 8239.5 617.6 1588.3 525.3 140552.1 18791.6 73.0 31476.6 215296.1
2021 5 18 1748.4 1809.3 10197.1 7758.2 640.8 1464.2 497.0 144657.1 17043.3 64.1 21878.9 207758.5
2021 5 19 1739.9 1780.4 12073.7 7670.8 719.5 1445.8 498.4 149803.4 16944.2 64.7 26813.0 219553.7
2021 5 20 1711.2 2018.2 10440.3 8657.7 669.8 1616.8 578.9 150036.2 19304.8 73.9 31255.6 226363.5
2021 5 21 1688.6 1805.3 10314.4 7859.0 668.8 1477.8 519.1 150250.4 17169.8 66.5 24990.6 216810.2
2021 5 22 1569.3 1739.1 10043.8 7497.5 654.0 1371.5 507.6 160711.9 16066.4 61.2 21497.7 221719.9
2021 5 23 1870.4 1970.9 11384.9 8349.5 710.4 1507.3 604.4 152727.6 18567.3 71.2 22481.5 220245.4
2021 5 24 2074.5 1942.3 11695.0 8315.5 656.8 1497.5 644.9 134154.5 18155.0 70.8 31343.7 210550.4
2021 5 25 1765.4 1833.1 11956.4 7993.1 670.6 1435.4 622.1 137528.4 16921.9 63.4 18879.1 199668.9
2021 5 26 1739.9 1811.3 12073.7 7860.1 719.5 1400.7 635.2 149803.4 16837.8 60.8 26967.1 219909.5
2021 5 27 1736.0 2060.5 10314.4 8938.0 706.0 1562.0 852.5 152512.8 19388.2 69.7 29267.3 227407.4
2021 5 28 1569.3 1820.6 10199.2 7776.0 720.3 1372.9 744.0 166429.1 16886.0 62.8 24056.1 231636.2
2021 5 29 1569.3 1783.3 10043.8 7632.4 654.0 1345.5 728.4 160711.9 16110.6 57.4 22133.8 222770.4
2021 5 30 1738.1 1930.5 11269.6 8130.0 726.3 1410.6 825.7 165997.2 17853.6 65.0 23412.8 233359.4
2021 5 31 1703.9 1927.2 9778.9 8219.7 649.4 1416.2 921.8 142347.9 17622.3 64.8 29757.5 214409.6
2021 6 1 1023.8 1826.3 8337.4 7830.6 620.5 1311.9 888.7 122083.4 16299.8 50.0 19245.7 179518.3
2021 6 2 1139.8 1858.7 8460.9 7836.7 620.5 1294.0 959.2 125526.7 16709.6 68.2 28777.3 193251.7
2021 6 3 1301.1 2032.8 8672.3 8513.2 620.5 1390.7 1104.3 131657.1 18082.6 74.5 27521.5 200970.6
2021 6 4 1554.7 1846.1 9515.0 7478.6 650.8 1232.3 990.0 124311.6 16016.7 67.9 25253.8 188917.3
2021 6 5 1041.5 1815.6 7676.8 7338.0 572.8 1205.6 975.4 109836.2 15400.1 181.4 26285.6 172329.0
2021 6 6 1462.4 1991.9 9225.5 7883.2 615.3 1271.9 1104.1 126142.0 17145.3 315.9 23793.5 190951.0
2021 6 7 1381.6 2001.1 9237.9 8003.3 652.2 1280.2 1202.1 121268.6 16799.1 317.0 29224.2 191367.2
2021 6 8 1106.1 1867.6 8395.2 7514.2 620.5 1193.5 1172.8 122083.4 15571.5 290.4 22369.1 182184.5
2021 6 9 1281.3 1923.6 9138.2 7606.4 682.3 1188.3 1260.2 125526.7 16153.0 337.6 30564.8 195662.5
2021 6 10 1354.3 2056.8 9138.2 8130.4 682.3 1255.8 1405.4 131657.1 16998.0 367.2 24900.4 197945.9
2021 6 11 1280.2 1901.7 8743.0 7270.8 672.7 1130.0 1282.0 124311.6 15325.2 368.2 26149.8 188435.3
2021 6 12 903.5 1858.5 7619.0 7029.3 572.8 1090.4 1239.2 109836.2 14704.5 573.2 27423.1 172849.7
2021 6 13 971.2 2030.8 7619.0 7509.2 583.7 1150.0 1369.0 126142.0 16140.0 830.4 25889.0 190234.4
2021 6 14 1060.8 2049.5 8337.4 7659.8 620.5 1169.1 1415.2 121268.6 15845.9 879.2 28444.5 188750.8
2021 6 15 1023.8 1953.6 8337.4 7305.8 620.5 1108.2 1386.4 122083.4 15011.0 850.7 23689.5 183370.4
2021 6 16 1307.2 1988.4 9138.2 7345.7 682.3 1104.2 1447.3 125526.7 15486.4 882.1 31311.0 196219.6
2021 6 17 1275.9 2089.6 8696.2 7673.9 660.4 1155.1 1479.8 131743.2 15854.2 922.2 25701.0 197251.4
2021 6 18 957.4 1965.9 7467.4 7189.3 634.3 1081.0 1378.8 124397.8 14709.8 948.8 27450.1 188180.4
2021 6 19 776.6 1927.9 6689.2 6960.9 582.2 1045.6 1334.8 109836.2 14161.7 1125.7 25655.6 170096.3
2021 6 20 971.2 2133.7 7619.0 7503.4 583.7 1118.0 1482.7 126142.0 15871.4 1540.4 28935.2 193900.8
2021 6 21 939.8 2130.3 7487.6 7546.0 657.1 1122.0 1485.4 117745.8 15456.4 1666.8 28720.1 184957.2
2021 6 22 1097.2 2082.6 8600.4 7372.1 660.4 1091.2 1490.1 120158.5 15043.4 1636.7 22761.9 181994.5
2021 6 23 951.0 2058.2 6864.7 7172.2 576.8 1051.1 1496.6 125612.9 15171.3 1919.3 30340.9 193214.9
2021 6 24 1165.6 2247.8 8759.5 7707.0 660.4 1116.9 1707.2 131743.2 16855.0 2293.1 28165.7 202421.5
2021 6 25 944.4 2042.0 6726.2 7105.2 572.2 1028.7 1541.4 124397.8 15170.0 2407.4 27546.3 189481.4
2021 6 26 950.1 1985.7 7286.1 6937.3 582.2 996.9 1532.8 109836.2 14523.0 2371.6 22081.9 169083.6
2021 6 27 890.4 2175.2 7060.7 7255.9 595.2 1024.3 1694.7 126142.0 16903.1 2705.1 31150.7 197597.3
2021 6 28 1170.1 2129.4 8537.1 7259.9 657.1 1021.3 1705.6 117745.8 16443.6 3001.3 28351.2 188022.5
2021 6 29 1097.2 2089.1 8600.4 7153.7 660.4 999.9 1718.7 120158.5 16069.3 3173.3 20168.5 181889.0
2021 6 30 1231.1 2037.3 8696.2 6800.6 660.4 931.7 1717.2 125612.9 16136.9 3498.4 29558.0 196880.7
2021 7 1 1010.9 2274.4 7018.1 7614.7 559.6 1020.8 2138.7 130538.5 18732.8 5151.3 32841.7 208901.6
2021 7 2 984.1 2000.7 6997.2 6849.0 559.6 919.8 1870.3 128547.6 16232.9 5535.9 28578.3 199075.4
2021 7 3 850.8 1973.1 6435.8 6857.8 559.6 914.9 1890.9 105762.8 15749.9 5354.9 21137.2 167487.7
2021 7 4 785.9 2150.9 5923.2 7111.9 608.5 924.1 2103.6 120481.3 18387.3 5722.0 31951.7 196150.2
2021 7 5 788.6 2126.2 5713.7 7164.8 547.8 925.8 2145.4 112732.9 18111.9 6418.2 29305.0 185980.3
2021 7 6 928.9 2058.4 6846.3 6976.5 559.6 894.9 2127.0 122471.7 17401.5 6610.1 19396.7 186271.6
2021 7 7 930.6 2021.7 6741.8 6695.4 608.5 838.7 2144.2 129396.3 17558.3 6561.4 29639.5 203136.3
2021 7 8 930.6 2278.2 6741.8 7242.3 608.5 885.7 2525.8 130538.5 20812.5 7515.1 34984.5 215063.5
2021 7 9 830.6 2029.0 6404.4 6560.1 608.5 800.0 2270.1 126460.4 18427.3 8339.3 29351.0 202080.7
2021 7 10 709.3 1948.6 5689.3 6439.3 595.3 783.1 2215.9 96177.1 17349.8 8060.9 19892.5 159861.3
2021 7 11 736.6 2136.4 5619.4 6749.0 568.6 798.1 2473.7 112705.3 20248.3 8261.8 30099.4 190396.4
2021 7 12 734.8 2114.1 5713.7 6814.0 547.8 806.0 2508.5 114564.5 19972.3 9196.3 29768.5 192740.4
2021 7 13 763.2 2001.1 5819.6 6507.4 595.3 765.3 2412.0 115937.1 18779.7 9528.0 20177.5 183286.3
2021 7 14 757.5 2022.7 5885.5 6499.1 547.8 751.4 2476.5 124003.9 19333.1 8643.3 29846.5 200767.2
2021 7 15 757.5 2142.4 5885.5 6737.8 547.8 770.9 2656.8 124003.9 21100.1 9123.2 33892.2 207618.1
2021 7 16 757.5 2049.5 5885.5 6529.5 568.6 743.8 2588.9 124003.9 20189.8 10334.3 30899.3 204550.7
2021 7 17 697.2 1924.8 5583.4 6237.0 568.6 716.4 2396.0 94345.4 18468.2 9963.3 19610.3 160510.7
2021 7 18 752.9 2043.2 5619.4 6501.5 568.6 741.7 2583.6 111055.2 20109.6 9732.5 29199.7 188907.8
2021 7 19 763.2 2107.6 5830.4 6763.3 605.6 775.8 2688.7 115935.7 20566.2 11106.8 29665.9 196809.3
2021 7 20 716.6 2016.3 5613.8 6496.8 582.5 742.9 2582.0 118276.9 19553.3 11321.1 20879.9 188782.1
2021 7 21 739.3 2042.9 5732.9 6564.3 582.5 744.6 2632.4 124971.3 20002.4 9961.3 30170.4 204144.3
2021 7 22 739.3 2064.7 6002.2 6596.6 595.9 746.4 2684.3 126343.7 20335.7 10513.0 28415.0 205036.8
2021 7 23 739.3 2155.7 6002.2 6905.9 595.9 775.9 2846.3 125375.1 21421.5 12168.0 31611.3 210597.2
2021 7 24 557.4 1933.5 5150.7 6218.9 563.8 701.2 2511.9 95613.2 18628.0 12020.6 19199.1 163098.3
2021 7 25 613.0 2019.6 5186.6 6422.3 563.8 713.7 2679.2 112141.4 19899.1 12203.9 26300.2 188742.9
2021 7 26 649.4 2081.5 5531.3 6677.6 563.8 747.7 2784.8 117001.1 20432.5 13633.0 28399.1 198501.9
2021 7 27 716.6 2023.3 5613.8 6517.8 582.5 729.4 2710.2 116904.5 19773.9 13812.2 20722.6 190106.9
2021 7 28 721.3 2077.1 5732.9 6533.9 582.5 720.2 2768.5 124971.3 20394.9 15728.8 30633.5 210864.8
2021 7 29 600.2 1927.4 4452.0 6120.3 507.5 678.4 2592.1 122853.1 18805.7 14911.0 23361.5 196809.3
2021 7 30 739.3 2146.5 5732.9 6743.4 582.5 739.3 2904.9 123440.1 21209.1 17653.7 32134.7 214026.3
2021 7 31 606.5 1936.1 5233.2 6069.3 582.5 668.6 2586.1 98516.8 18528.3 17395.4 16898.8 169021.6
2021 8 1 614.2 1946.3 5910.0 6096.1 684.1 671.6 2672.9 111765.2 19103.1 18585.9 22857.3 190906.9
2021 8 2 650.6 2015.5 6018.0 6366.1 684.1 705.5 2787.3 116568.4 19799.9 19668.0 28091.2 203354.5
2021 8 3 773.0 1991.7 6145.7 6297.6 715.7 697.7 2748.6 117451.5 19495.3 19364.6 19838.8 195520.3
2021 8 4 650.7 2013.4 5588.5 6207.0 684.1 674.9 2770.2 124850.4 19750.8 21688.0 31458.8 216336.8
2021 8 5 611.2 1842.5 5180.0 5740.1 611.3 626.3 2562.3 123467.2 18104.2 19997.0 21550.3 200292.4
2021 8 6 611.2 2073.1 5180.0 6375.7 611.3 687.7 2882.9 123467.2 20593.3 23522.6 32397.0 218402.0
2021 8 7 585.0 1860.0 5948.4 5720.3 700.2 622.3 2571.9 95045.0 17897.8 22285.8 15740.4 168977.3
2021 8 8 675.2 1877.9 5948.4 5701.7 700.2 606.8 2634.3 111765.2 18376.2 24484.1 19092.0 191862.1
2021 8 9 773.0 2007.6 6145.7 6120.9 715.7 649.2 2843.5 116206.3 19820.0 26354.1 28143.9 209779.8
2021 8 10 716.1 1917.9 6145.7 5866.1 711.8 625.8 2707.3 118446.1 18756.9 24786.3 19723.0 200403.1
2021 8 11 740.1 1864.0 6056.4 5546.7 700.2 582.1 2617.4 126594.4 18244.0 26443.7 33482.6 222871.5
2021 8 12 762.9 1761.8 6145.7 5294.6 711.8 556.6 2503.4 125599.8 17356.1 23736.9 22683.7 207113.2
2021 8 13 819.8 1990.2 6145.7 5873.4 715.7 611.1 2816.1 125599.8 19797.2 27605.4 31220.1 223194.5
2021 8 14 679.4 1841.6 6134.9 5507.0 715.7 585.6 2608.4 97177.6 17894.0 25633.1 17013.8 175790.9
2021 8 15 769.5 1762.9 6134.9 5202.8 715.7 550.0 2497.1 113897.8 17190.1 26448.2 17970.5 193139.3
2021 8 16 773.0 1945.6 6145.7 5723.3 715.7 601.0 2777.1 116206.3 19204.6 28716.2 29638.8 212447.3
2021 8 17 748.3 1884.3 6145.7 5571.1 679.2 589.9 2681.3 116205.4 18371.7 27139.4 19230.6 199247.1
2021 8 18 776.9 1862.3 6145.7 5434.4 679.2 569.0 2660.9 124353.7 18418.5 26961.8 32533.5 220395.9
2021 8 19 819.8 1761.3 6145.7 5199.3 715.7 547.2 2533.2 125599.8 17441.6 24150.6 25181.9 210096.0
2021 8 20 819.8 1905.4 6145.7 5566.3 715.7 580.8 2723.6 124353.7 19008.0 26647.8 30579.2 219046.1
2021 8 21 679.4 1803.3 6134.9 5348.3 715.7 569.5 2589.5 95931.5 17698.3 24796.7 20655.0 176921.8
2021 8 22 712.6 1819.8 6134.9 5315.0 711.8 566.1 2570.4 113897.8 17933.3 25893.8 18625.9 194181.5
2021 8 23 773.0 1938.5 6145.7 5670.0 715.7 602.9 2715.5 116206.3 19190.1 27386.5 29497.2 210841.4
2021 8 24 773.0 1896.9 6145.7 5620.5 715.7 605.7 2633.2 116205.4 18408.3 25548.4 20036.5 198589.2
2021 8 25 776.9 1885.9 6145.7 5519.1 679.2 592.8 2608.3 124353.7 18488.3 25300.6 32972.2 219322.7
2021 8 26 1232.5 1919.7 8150.5 5717.8 773.3 632.3 2540.7 130441.9 18794.6 24101.6 26255.3 220560.1
2021 8 27 1176.1 1929.3 8030.7 5716.4 773.3 625.4 2527.4 128421.3 18947.2 24765.7 28156.8 221069.7
2021 8 28 887.6 1801.6 6886.5 5445.2 689.5 610.6 2364.2 105051.3 17120.1 20592.9 21962.0 183411.6
2021 8 29 1101.6 1953.4 7165.5 5874.3 689.5 667.7 2459.2 126925.9 18673.0 21396.8 22513.7 209420.7
2021 8 30 1318.1 1926.8 8287.2 5819.3 794.5 663.2 2374.4 119597.3 18295.8 21694.8 29519.4 210290.8
2021 8 31 1176.9 1913.3 8121.1 5871.3 773.3 677.0 2319.2 122293.6 17769.4 19956.0 20953.2 201824.2
2021 9 1 894.2 1955.9 6559.6 6008.4 810.5 704.6 2376.6 130127.0 18364.4 20072.7 32199.5 220073.4
2021 9 2 1118.3 2052.3 7853.1 6376.7 825.4 770.5 2312.4 130127.0 19157.9 19871.7 30001.9 220466.9
2021 9 3 838.9 1887.6 5780.6 5829.0 729.5 697.1 2099.9 130127.0 17532.1 19544.7 29409.4 214475.8
2021 9 4 763.4 1768.6 4721.1 5567.9 697.1 677.6 1951.6 116549.0 15763.7 15654.3 23096.6 187210.7
2021 9 5 899.8 2081.5 5941.7 6402.7 728.6 783.0 2205.3 124913.0 18919.3 17399.3 26535.6 206809.8
2021 9 6 1255.6 1980.6 8705.0 6110.3 845.5 751.8 1994.2 128721.7 17617.2 17029.5 29852.8 214864.4
2021 9 7 1255.6 1932.3 8201.4 6032.3 1033.4 749.3 1885.3 128721.7 16764.9 15568.4 22089.1 204233.7
2021 9 8 1190.2 1898.1 7945.8 5838.0 1033.4 729.9 1808.1 130127.0 16286.7 13948.8 32652.2 213458.2
2021 9 9 1118.3 2173.1 7853.1 6615.5 834.7 841.4 1898.8 130127.0 18727.1 15283.0 33206.9 218678.7
2021 9 10 1053.0 1916.6 7166.8 5826.6 764.5 737.8 1633.8 130127.0 16314.3 14648.2 29764.8 209953.4
2021 9 11 1049.3 1807.0 6107.3 5652.9 750.1 729.3 1493.9 116549.0 14528.4 10912.5 24024.8 183604.5
2021 9 12 1125.0 2058.4 7453.6 6264.9 763.6 810.6 1648.4 124913.0 16955.3 11346.4 31064.9 204404.0
2021 9 13 1255.6 2021.5 8705.0 6113.4 836.2 791.2 1560.0 128721.7 16382.1 11764.4 30307.2 208458.3
2021 9 14 1255.6 1949.7 8201.4 5910.3 845.5 768.7 1441.6 128721.7 15477.8 10940.4 21197.1 196709.9
2021 9 15 1118.3 1879.1 7945.8 5593.2 836.2 733.0 1337.9 130127.0 14758.5 9220.1 30333.9 203882.9
2021 9 16 1190.2 2169.8 7853.1 6293.4 1033.4 824.6 1499.8 130127.0 17219.3 9852.2 34596.3 212658.9
2021 9 17 1134.3 1894.3 7166.8 5518.0 1033.4 723.0 1300.0 130127.0 14706.9 10123.2 29646.9 203373.7
2021 9 18 1049.3 1881.3 6107.3 5609.4 750.1 736.8 1294.1 116549.0 14219.2 9801.8 23395.2 181393.4
2021 9 19 1206.3 2057.3 7453.6 5913.8 1016.0 780.6 1379.3 124913.0 15915.4 9760.7 29914.6 200310.5
2021 9 20 1258.3 1981.9 8705.0 5720.1 835.5 774.2 1297.1 128721.7 15117.2 9866.4 30685.9 204963.3
2021 9 21 1241.0 1937.3 8201.4 5601.3 818.6 764.5 1238.3 127198.9 14616.4 10197.5 20081.3 191896.6
2021 9 22 1184.9 1875.4 7945.8 5314.7 855.5 733.4 1156.9 130127.0 14142.3 8899.9 28998.6 201234.2
2021 9 23 1166.3 2109.9 7853.1 5953.3 797.0 873.5 1245.3 128604.1 16144.0 8681.3 32392.9 205820.6
2021 9 24 1143.4 1966.3 7166.8 5711.1 754.9 937.9 1077.8 130127.0 14946.2 8802.8 26397.4 199031.6
2021 9 25 1057.2 1903.6 6107.3 5876.8 984.6 984.0 1046.4 116549.0 14142.9 8495.7 23820.5 180968.0
2021 9 26 1125.0 2014.5 7453.6 5945.0 763.6 976.8 1097.9 124913.0 15262.1 8373.0 27705.5 195629.9
2021 9 27 1258.3 1970.5 8705.0 6392.2 1052.7 1238.3 959.4 128721.7 14972.8 8296.6 28694.3 202261.8
2021 9 28 1241.0 1947.5 8201.4 6453.4 818.6 1282.6 907.0 127198.9 14759.4 8545.9 19070.1 190425.8
2021 9 29 1289.7 1988.9 8401.9 6980.1 850.4 1546.2 788.0 128604.1 15457.9 7105.0 27821.3 200833.5
2021 9 30 2013.4 2028.7 11502.4 6857.0 925.3 1448.0 882.6 128604.1 15762.1 6627.2 29555.3 206206.2
2021 1 1 9351.5 2004.9 40826.1 13000.2 1060.5 9986.2 0.0 158080.1 49120.7 13.9 25680.7 309124.8
2021 1 2 8518.6 1862.3 35542.7 12174.2 970.1 9330.1 0.0 156730.7 45877.6 15.6 29364.1 300386.0
2021 1 3 8101.9 2152.0 36132.3 13954.3 1008.1 10690.9 0.0 157669.1 52373.2 15.3 25020.1 307117.2
2021 1 4 7447.6 1926.3 33775.0 12477.7 976.0 9571.6 0.0 155930.8 46630.3 14.6 23444.2 292194.1
2021 1 5 8553.2 2019.4 38898.8 13212.2 1072.2 10123.2 0.0 158080.1 49349.0 15.5 24998.5 306322.0
2021 1 6 8875.5 2087.9 38550.5 13571.6 1107.6 10436.5 0.0 158080.1 51408.6 15.4 33651.0 317784.7
2021 1 7 8448.7 2094.6 38321.8 13362.9 1072.3 10271.8 0.0 158080.1 50395.2 14.3 28951.2 311012.9
2021 1 8 8795.4 2071.3 38550.5 13197.0 1095.5 10156.8 0.0 158080.1 50023.5 14.7 26650.5 308635.3
2021 1 9 8425.9 1967.6 37054.9 12574.2 984.0 9665.9 0.0 156730.7 47736.5 15.7 29139.0 304294.4
2021 1 10 9154.7 2188.5 41129.9 13909.0 1120.1 10681.2 0.0 158242.3 52319.4 15.4 24200.8 312961.4
2021 1 11 8898.4 1984.0 38747.5 12694.0 1047.7 9755.1 0.0 157375.0 47439.4 15.1 22128.6 300084.8
2021 1 12 10492.5 2128.5 45590.1 13622.9 1058.7 10498.1 0.0 159179.6 51429.9 16.0 26005.0 320021.2
2021 1 13 10517.6 2102.1 45613.0 13423.6 1106.9 10362.7 0.0 159179.6 51034.8 15.5 33154.1 326509.9
2021 1 14 9948.4 2134.5 43635.8 13436.1 1095.1 10367.1 0.0 159179.6 50725.9 14.8 28197.4 318734.8
2021 1 15 9628.1 2108.7 42372.0 13218.6 1054.2 10245.8 0.0 158603.7 50588.7 15.2 27222.7 315057.7
2021 1 16 8425.9 2020.1 37054.9 12687.8 985.3 9824.1 0.0 156730.7 48531.8 16.2 28920.6 305197.5
2021 1 17 8103.5 2203.4 36122.9 13798.8 1008.0 10663.6 0.0 157669.1 52222.8 15.9 24076.1 305884.0
2021 1 18 7850.1 2084.4 36029.9 13055.2 970.7 10107.8 0.0 155930.8 49126.8 16.8 20920.5 296093.0
2021 1 19 10027.2 2275.0 43731.8 14024.1 1068.7 10935.5 0.0 159179.6 54012.5 18.4 29049.0 324321.8
2021 1 20 10517.6 2187.6 45613.0 13449.6 1089.7 10486.3 0.0 159179.6 51674.1 17.5 31705.7 325920.7
2021 1 21 9718.3 2244.2 42843.9 13733.2 1095.1 10702.0 0.0 159179.6 52526.6 17.3 27594.7 319654.9
2021 1 22 9628.1 2213.8 42435.8 13520.1 1094.5 10581.3 0.0 159179.6 52626.4 18.2 28191.5 319489.4
2021 1 23 10601.7 2149.8 44853.4 13150.8 1088.2 10276.5 0.0 160134.0 50898.9 18.8 28462.4 321634.4
2021 1 24 11050.7 2274.9 46553.2 13878.8 1088.2 10821.4 0.0 160134.0 53433.2 18.5 23656.1 322908.9
2021 1 25 10309.0 2145.4 41557.1 13086.5 1047.7 10221.4 0.0 157375.0 50276.6 20.2 20475.6 306514.5
2021 1 26 10763.1 2340.0 46370.2 14152.0 1058.7 11125.9 0.0 159179.6 55667.8 22.6 32218.6 332898.5
2021 1 27 10517.6 2259.0 45613.0 13661.5 1096.9 10693.6 0.0 159179.6 53426.6 21.3 29987.4 326456.4
2021 1 28 9628.1 2266.1 42843.9 13674.5 1121.6 10683.4 0.0 159179.6 54056.7 20.7 28766.4 322241.1
2021 1 29 9628.1 2227.6 42372.0 13388.0 1054.2 10496.0 0.0 158603.7 53898.1 21.6 29271.4 320960.7
2021 1 30 9009.0 2219.3 39237.2 13383.5 1092.1 10465.8 0.0 158242.3 53296.8 22.7 29531.2 316500.1
2021 1 31 9902.9 2315.7 42683.8 13865.7 1100.9 10806.0 0.0 158242.3 55716.1 27.5 24118.5 318779.3
2021 2 1 9516.2 2156.9 38525.5 13013.1 1055.7 10334.5 0.0 146976.4 51683.4 31.0 21459.7 294752.4
2021 2 2 11175.7 2365.4 46987.5 14156.9 1104.0 11271.9 0.0 166982.8 57477.2 33.2 33652.6 345207.3
2021 2 3 11174.6 2297.9 46980.0 13867.6 1109.2 11002.2 0.0 167252.6 55332.3 27.0 28845.8 337889.2
2021 2 4 10154.8 2272.6 43642.7 13654.4 1109.1 10812.4 0.0 165945.5 55712.7 28.5 29882.8 333215.7
2021 2 5 10113.5 2216.5 43052.2 13184.9 1109.8 10435.6 0.0 164642.9 54266.1 29.0 29386.7 328437.4
2021 2 6 9673.2 2245.2 41263.9 13425.4 1094.9 10586.9 0.0 155555.4 54463.5 30.0 30826.1 319164.5
2021 2 7 10368.0 2339.0 43257.6 13875.1 1110.9 10909.0 0.0 161187.1 57161.7 38.7 24997.4 325244.5
2021 2 8 8105.2 2147.1 38102.9 12721.4 1111.0 9979.5 0.0 147184.2 52031.0 41.5 21910.1 293333.9
2021 2 9 10030.0 2335.1 43779.2 13769.4 1088.9 10798.1 0.0 160365.7 57181.3 42.0 32929.2 332319.0
2021 2 10 10025.9 2266.0 43459.2 13508.9 1142.8 10539.9 0.0 165921.5 55004.1 36.1 28978.3 330882.6
2021 2 11 9728.9 2201.5 41838.3 13096.0 1080.7 10165.7 0.0 157557.3 54414.6 57.3 30061.1 320201.4
2021 2 12 8916.9 2065.9 38451.9 12160.0 1075.8 9432.0 0.0 154432.6 50843.0 55.3 29435.9 306869.3
2021 2 13 8941.9 2170.8 36398.8 12845.2 927.5 9932.7 0.0 139904.4 53112.4 59.5 30963.8 295257.1
2021 2 14 8428.7 2276.3 37528.1 13386.1 982.5 10301.1 0.0 146892.5 55728.6 72.2 25520.5 301116.6
2021 2 15 8249.1 2070.5 37289.7 12194.0 937.5 9324.1 0.0 140380.5 50150.9 76.2 21327.2 281999.8
2021 2 16 9273.8 2278.7 40060.3 13403.6 1123.5 10222.6 0.0 157812.4 55637.5 74.3 30703.5 320590.3
2021 2 17 8757.0 2216.1 38088.4 13183.4 1080.7 10020.8 0.0 157473.7 53797.9 65.8 28692.8 313376.7
2021 2 18 9728.9 2167.7 41846.9 12897.4 1080.7 9747.7 0.0 157557.3 52684.1 69.1 27461.1 315240.9
2021 2 19 9424.3 1995.0 40494.9 11753.8 1007.7 8875.1 0.0 152606.8 48303.1 64.6 27480.7 302006.0
2021 2 20 8382.6 2081.7 34693.4 12310.1 974.4 9267.5 0.0 143241.4 50124.0 70.0 28492.9 289638.0
2021 2 21 9215.5 2234.0 40198.6 13233.6 984.5 9912.1 0.0 148814.6 53304.3 75.5 24399.3 302372.1
2021 2 22 7854.1 2023.3 35093.3 11933.0 972.2 8869.7 0.0 135414.9 47235.7 70.7 23830.6 273297.4
2021 2 23 8985.5 2161.7 39999.1 12805.2 1123.5 9504.4 0.0 157151.8 50854.4 65.6 28894.1 311545.3
2021 2 24 9702.0 2182.6 41406.4 13039.5 1080.7 9614.0 0.0 157473.7 51267.4 66.2 28051.9 313884.5
2021 2 25 9256.0 2120.1 38811.0 12369.7 1115.4 8981.6 0.0 157558.0 48286.1 53.6 26219.7 304771.3
2021 2 26 9266.5 1893.0 39774.5 11127.0 1075.8 8100.5 0.0 156366.1 43789.8 44.8 25839.5 297277.5
2021 2 27 8144.5 2054.6 33762.7 12115.9 948.5 8786.8 0.0 135005.8 47066.0 50.4 24770.5 272705.8
2021 2 28 8970.2 2158.9 38481.2 12716.1 951.9 9179.1 0.0 144955.2 48863.8 51.3 24197.7 290525.5
2021 3 1 7520.7 1959.5 32328.5 11407.5 820.1 7903.9 0.0 151256.7 42867.6 45.6 29233.4 285343.6
2021 3 2 7520.7 2150.2 34813.0 12539.8 832.3 8678.9 0.0 160808.3 46958.4 44.3 26156.6 300502.7
2021 3 3 6124.6 2152.7 32256.3 12474.5 813.5 8602.9 0.0 151709.6 46606.1 42.0 27094.0 287876.1
2021 3 4 5195.6 2112.8 27642.5 11849.4 768.9 8053.3 0.0 151709.6 44062.4 52.7 25639.8 277086.9
2021 3 5 5195.6 1998.7 28068.0 11246.0 752.7 7654.3 0.0 149789.9 42112.2 44.2 23103.4 269965.1
2021 3 6 5793.7 2124.4 25975.7 12100.1 738.5 8215.0 0.0 138409.7 44307.3 49.9 21820.1 259534.4
2021 3 7 6386.9 2157.4 28732.2 12165.2 751.1 8212.2 0.0 149062.7 44145.4 53.0 26723.7 278389.8
2021 3 8 7520.7 2003.7 32328.5 11174.1 820.1 7518.1 0.0 151256.7 39873.5 48.2 26959.7 279503.2
2021 3 9 7520.7 2213.0 34813.0 12369.9 832.3 8280.6 0.0 160808.3 43568.6 50.0 26337.5 296794.0
2021 3 10 7520.7 2131.2 34799.9 11937.2 836.7 7961.3 0.0 160812.0 41659.0 46.8 29665.5 297370.3
2021 3 11 7520.7 2058.4 33749.0 11137.3 842.0 7300.7 0.0 160812.0 38702.7 55.8 28903.2 291081.9
2021 3 12 6379.4 2048.0 31397.1 11135.8 785.5 7277.5 0.0 149789.9 38515.0 51.2 24775.4 272154.9
2021 3 13 5793.7 2127.7 23724.6 11743.7 665.0 7683.9 0.0 138409.7 39987.4 53.9 22208.1 252397.6
2021 3 14 5793.7 2173.5 24108.0 11974.9 665.0 7780.4 0.0 144884.0 40386.3 57.5 26210.2 264033.5
2021 3 15 5433.8 2095.0 24900.1 11504.7 729.5 7427.7 0.0 140313.1 37926.0 56.0 24339.0 254724.8
2021 3 16 6024.3 2225.7 32080.5 12206.3 788.0 7846.3 0.0 149304.3 39966.5 57.7 27555.9 278055.5
2021 3 17 5284.6 2201.3 28362.8 12007.4 775.8 7681.5 0.0 151709.6 39035.0 56.5 29819.2 276933.7
2021 3 18 5195.6 2125.4 27683.3 11585.7 768.9 7353.9 0.0 151709.6 37504.0 54.8 28085.2 272066.4
2021 3 19 4249.7 2174.8 23567.0 11843.9 703.9 7476.0 0.0 149142.2 38286.3 55.7 26918.7 264418.2
2021 3 20 5793.7 2150.9 23911.0 11861.0 708.8 7503.8 0.0 138409.7 37818.4 55.9 22684.1 250897.3
2021 3 21 6306.6 2180.3 28668.1 12088.2 751.3 7612.5 0.0 149062.7 38161.0 58.8 25057.3 269946.8
2021 3 22 6546.5 2160.9 29891.3 11998.2 775.7 7481.9 0.0 140313.1 37250.4 58.9 23378.0 259855.0
2021 3 23 6085.9 2210.3 32633.6 12248.4 788.0 7575.9 0.0 149304.3 37929.0 58.7 26589.2 275423.5
2021 3 24 6062.9 2130.6 29294.3 11824.5 789.6 7262.9 0.0 151709.6 36366.8 57.1 29377.3 274875.6
2021 3 25 6062.9 2105.2 29714.0 11654.2 802.1 6977.9 0.0 151709.6 35602.2 63.7 26867.9 271559.8
2021 3 26 6101.6 2128.5 29273.3 11727.1 785.5 6981.9 0.0 149789.9 35969.6 64.2 28760.6 271582.2
2021 3 27 5190.0 2050.8 21638.8 11381.5 665.0 6734.4 0.0 138409.7 34184.6 59.9 22874.9 243189.6
2021 3 28 4966.1 2105.5 25623.5 11457.1 688.5 6695.8 0.0 144499.6 34357.9 66.0 25256.3 255716.3
2021 3 29 4223.7 2064.8 17762.3 11268.5 668.7 6509.8 0.0 137238.8 33524.1 65.3 24214.2 237540.1
2021 3 30 3447.2 2099.1 18901.5 11444.6 637.1 6549.1 0.0 142084.5 33869.0 65.1 23988.6 243085.8
2021 3 31 3611.7 2056.9 17825.9 10914.7 637.1 6118.1 0.0 147239.8 32639.1 64.9 26852.7 247960.9
2021 4 1 3499.8 2075.0 19167.6 11067.3 623.0 5840.5 0.0 141551.6 32677.0 72.8 24684.0 241258.5
2021 4 2 3499.8 2088.5 19167.6 10988.0 642.0 5725.2 0.0 142993.2 32637.6 74.2 27430.9 245247.0
2021 4 3 3441.2 2049.7 18967.7 10785.9 667.7 5535.2 0.0 132156.3 31084.4 69.4 20677.9 225435.4
2021 4 4 3548.5 2039.0 20464.1 10439.3 668.7 5268.7 0.0 138956.0 30259.6 74.4 24190.1 235908.4
2021 4 5 4111.8 2021.7 20319.2 10359.1 656.9 5163.9 0.0 136042.2 29907.4 75.3 23621.4 232278.8
2021 4 6 4362.5 2041.2 24316.7 10498.6 694.5 5181.1 0.0 146208.4 30109.4 74.2 20364.2 243851.0
2021 4 7 5282.3 2002.7 28856.5 9953.6 827.9 4723.7 0.0 150095.6 28627.9 74.8 26064.1 256509.1
2021 4 8 4108.7 1997.9 21414.3 9814.0 629.6 4480.2 0.0 149285.9 28159.5 82.5 24451.3 244423.9
2021 4 9 3410.3 1970.3 19167.6 9622.6 649.1 4357.3 0.0 143115.5 27672.6 81.1 27983.2 238029.8
2021 4 10 3404.9 2021.7 17498.7 9855.3 630.2 4334.7 0.0 130014.9 27307.1 79.3 21079.5 216226.3
2021 4 11 3548.5 2049.8 20309.2 9679.3 668.7 4170.1 0.0 138956.0 27250.0 85.1 24379.2 231096.0
2021 4 12 3528.0 1963.2 18266.5 9373.9 609.5 3993.5 0.0 136042.2 25854.3 81.7 25479.3 225192.0
2021 4 13 3513.7 1955.8 19265.2 9399.8 626.8 3969.8 0.0 142287.2 25750.3 81.4 20909.2 227759.3
2021 4 14 3509.2 2063.9 18563.3 9685.8 626.8 3987.5 0.0 144454.0 26881.3 87.2 28024.7 237883.9
2021 4 15 3499.8 1983.8 19167.6 9264.5 623.0 3709.9 0.0 141551.6 25412.3 84.7 25872.5 231169.6
2021 4 16 3410.3 1989.7 18100.8 9299.6 649.1 3705.2 0.0 147351.6 25682.7 86.1 28128.2 238403.3
2021 4 17 3499.8 2031.0 18163.2 9554.0 654.5 3782.3 0.0 136188.5 25493.5 83.5 24175.7 223625.9
2021 4 18 4157.5 2074.9 22860.5 9689.6 686.0 3821.0 0.0 141652.3 26364.2 89.4 27241.3 238636.7
2021 4 19 3502.8 2019.1 17842.0 9595.3 618.8 3761.4 0.0 136318.0 25475.6 86.0 27669.8 226888.8
2021 4 20 3424.3 1972.2 17821.0 9429.5 626.9 3633.8 24.9 144800.4 24631.3 82.9 20930.8 227377.8
2021 4 21 3419.8 2118.1 17695.5 10070.7 583.8 3883.3 25.4 150298.7 26919.8 92.1 31260.7 246368.0
2021 4 22 2683.7 2018.3 14152.5 9610.8 558.1 3671.4 29.6 144547.2 25357.5 87.0 27904.2 230620.4
2021 4 23 3410.3 1928.3 18100.8 9191.3 649.1 3438.2 49.5 147351.6 24215.7 81.7 30181.2 238597.8
2021 4 24 3410.3 1955.7 17154.1 9164.0 641.6 3360.2 51.5 129319.9 23603.2 78.5 27591.1 216330.1
2021 4 25 2422.8 2043.9 13200.5 9558.8 533.4 3498.3 58.7 144206.3 25188.9 86.5 29490.6 230288.8
2021 4 26 3165.4 1954.9 15220.3 9341.8 581.9 3387.6 58.0 140259.2 23902.9 80.6 32045.5 229998.2
2021 4 27 3513.7 1940.1 19265.2 9133.1 626.8 3134.4 103.2 140559.4 22730.1 77.6 22329.2 223412.7
2021 4 28 3419.8 1990.0 17695.5 9336.0 583.8 3224.6 103.4 150298.7 24005.5 84.1 33558.1 244299.5
2021 4 29 2318.0 2011.0 12778.2 9402.3 558.1 3191.3 127.8 144547.2 23991.8 83.3 29197.2 228206.3
2021 4 30 2122.9 1911.1 11804.8 8960.2 538.1 2962.2 131.1 146930.5 22785.5 78.7 29589.6 227814.7
2021 5 1 2247.3 1817.9 12238.5 8267.2 639.9 2628.7 181.2 127069.6 20582.4 70.7 28442.0 204185.3
2021 5 2 2327.2 1892.7 13542.6 8678.9 645.7 2763.1 187.4 148261.6 21724.6 76.8 29126.7 229227.2
2021 5 3 3495.7 1974.2 17134.9 9079.5 733.6 2854.5 201.5 140337.7 22602.4 78.6 32185.3 230678.0
2021 5 4 2830.4 1878.4 14194.1 8554.4 677.9 2517.0 246.7 140044.8 20513.2 71.2 23941.8 215469.9
2021 5 5 2213.5 1860.7 12205.3 8486.4 690.4 2495.5 247.4 144733.9 20877.1 74.8 31529.4 225414.4
2021 5 6 2453.4 1986.8 12581.5 8925.5 694.9 2539.2 296.6 144200.7 21933.5 78.2 30263.6 225953.9
2021 5 7 2527.1 1801.8 12526.0 8205.0 692.2 2246.0 289.7 140974.2 19604.9 68.7 28674.9 217610.6
2021 5 8 2269.8 1740.7 11646.0 7461.2 614.8 1839.3 334.3 125136.4 18011.8 64.5 26728.5 195847.4
2021 5 9 3625.4 1874.7 18938.9 8070.6 824.1 1961.9 370.4 142491.0 19372.9 70.4 25269.0 222869.3
2021 5 10 3437.2 1941.6 16488.0 8404.0 728.4 2047.7 380.2 139551.7 20052.0 72.7 32240.8 225344.3
2021 5 11 2213.5 1831.1 12061.7 7897.0 640.6 1748.1 421.3 136949.3 18090.2 65.6 24134.5 206052.8
2021 5 12 2213.5 1753.5 12131.4 7591.6 684.0 1646.3 420.4 148931.8 17493.9 64.8 28989.0 221920.2
2021 5 13 2213.5 2010.0 12287.5 8632.8 688.6 1840.5 496.3 148610.3 20133.0 74.8 30321.1 227308.4
2021 5 14 2236.4 1796.3 12571.6 7874.5 709.6 1658.3 453.3 151440.7 17822.2 67.4 26517.9 223148.2
2021 5 15 2247.3 1706.0 12238.5 7198.3 714.9 1355.6 468.5 126751.4 16252.8 62.0 23918.1 192913.4
2021 5 16 2355.6 1862.4 13882.3 7821.8 665.9 1459.0 515.8 151877.2 17709.6 68.3 23444.8 221662.6
2021 5 17 1768.5 1961.1 9665.8 8239.5 671.7 1588.3 525.3 138970.2 18791.6 73.0 31476.6 213731.5
2021 5 18 1783.7 1809.3 10118.0 7758.2 676.6 1464.2 497.0 143040.9 17043.3 64.1 21878.9 206134.2
2021 5 19 1829.4 1780.4 12043.0 7670.8 703.1 1445.8 498.4 150811.2 16944.2 64.7 26813.0 220604.0
2021 5 20 1779.4 2018.2 10402.7 8657.7 696.6 1616.8 578.9 151506.2 19304.8 73.9 31255.6 227890.9
2021 5 21 1774.2 1805.3 10332.8 7859.0 696.6 1477.8 519.1 150711.4 17169.8 66.5 24990.6 217403.2
2021 5 22 1645.1 1739.1 9757.8 7497.5 703.8 1371.5 507.6 160308.3 16066.4 61.2 21497.7 221156.0
2021 5 23 1882.5 1970.9 11561.5 8349.5 715.9 1507.3 604.4 153920.4 18567.3 71.2 22481.5 221632.4
2021 5 24 2175.8 1942.3 11672.7 8315.5 698.2 1497.5 644.9 132117.0 18155.0 70.8 31343.7 208633.4
2021 5 25 1829.4 1833.1 11899.3 7993.1 698.2 1435.4 622.1 135883.9 16921.9 63.4 18879.1 198058.9
2021 5 26 1829.4 1811.3 12043.0 7860.1 703.1 1400.7 635.2 150811.2 16837.8 60.8 26967.1 220959.8
2021 5 27 1779.4 2060.5 10240.1 8938.0 710.9 1562.0 852.5 153633.7 19388.2 69.7 29267.3 228502.3
2021 5 28 1645.1 1820.6 10091.0 7776.0 721.6 1372.9 744.0 167242.0 16886.0 62.8 24056.1 232418.0
2021 5 29 1645.1 1783.3 9757.8 7632.4 703.8 1345.5 728.4 160308.3 16110.6 57.4 22133.8 222206.5
2021 5 30 1753.4 1930.5 11319.7 8130.0 729.3 1410.6 825.7 168469.3 17853.6 65.0 23412.8 235899.9
2021 5 31 1768.5 1927.2 9665.8 8219.7 683.2 1416.2 921.8 140656.1 17622.3 64.8 29757.5 212703.1
2021 6 1 1015.4 1826.3 7750.8 7830.6 602.1 1311.9 888.7 121790.4 16299.8 50.0 19245.7 178611.8
2021 6 2 1129.7 1858.7 7771.9 7836.7 602.1 1294.0 959.2 128562.3 16709.6 68.2 28777.3 195569.8
2021 6 3 1397.3 2032.8 7900.4 8513.2 602.1 1390.7 1104.3 128562.3 18082.6 74.5 27521.5 197181.6
2021 6 4 1523.2 1846.1 8634.4 7478.6 610.7 1232.3 990.0 126928.6 16016.7 67.9 25253.8 190582.3
2021 6 5 1014.9 1815.6 7285.0 7338.0 599.1 1205.6 975.4 108576.3 15400.1 181.4 26285.6 170677.0
2021 6 6 1543.7 1991.9 8341.6 7883.2 607.7 1271.9 1104.1 124210.2 17145.3 315.9 23793.5 188208.9
2021 6 7 1347.6 2001.1 8484.9 8003.3 610.7 1280.2 1202.1 119391.5 16799.1 317.0 29224.2 188661.8
2021 6 8 1100.2 1867.6 7750.8 7514.2 602.1 1193.5 1172.8 121790.4 15571.5 290.4 22369.1 181222.7
2021 6 9 1326.4 1923.6 8429.5 7606.4 683.7 1188.3 1260.2 128562.3 16153.0 337.6 30564.8 198036.0
2021 6 10 1353.4 2056.8 8493.9 8130.4 683.7 1255.8 1405.4 128562.3 16998.0 367.2 24900.4 194207.3
2021 6 11 1222.3 1901.7 7939.6 7270.8 683.7 1130.0 1282.0 126928.6 15325.2 368.2 26149.8 190202.0
2021 6 12 900.7 1858.5 7285.0 7029.3 599.1 1090.4 1239.2 108576.3 14704.5 573.2 27423.1 171279.3
2021 6 13 962.5 2030.8 7285.0 7509.2 599.1 1150.0 1369.0 124210.2 16140.0 830.4 25889.0 187975.1
2021 6 14 1070.8 2049.5 7750.8 7659.8 602.1 1169.1 1415.2 119391.5 15845.9 879.2 28444.5 186278.5
2021 6 15 1019.7 1953.6 7750.8 7305.8 602.1 1108.2 1386.4 121790.4 15011.0 850.7 23689.5 182468.2
2021 6 16 1367.3 1988.4 8429.5 7345.7 683.7 1104.2 1447.3 128562.3 15486.4 882.1 31311.0 198608.1
2021 6 17 1265.9 2089.6 8114.5 7673.9 675.0 1155.1 1479.8 128562.3 15854.2 922.2 25701.0 193493.4
2021 6 18 946.4 1965.9 7144.2 7189.3 628.3 1081.0 1378.8 126928.6 14709.8 948.8 27450.1 190371.1
2021 6 19 721.0 1927.9 6724.6 6960.9 576.0 1045.6 1334.8 108576.3 14161.7 1125.7 25655.6 168810.1
2021 6 20 971.4 2133.7 7285.0 7503.4 599.1 1118.0 1482.7 124210.2 15871.4 1540.4 28935.2 191650.5
2021 6 21 913.1 2130.3 7331.0 7546.0 628.3 1122.0 1485.4 119391.5 15456.4 1666.8 28720.1 186390.8
2021 6 22 1095.7 2082.6 7991.1 7372.1 628.3 1091.2 1490.1 121790.4 15043.4 1636.7 22761.9 182983.4
2021 6 23 965.1 2058.2 6753.8 7172.2 557.4 1051.1 1496.6 128562.3 15171.3 1919.3 30340.9 196048.2
2021 6 24 1211.2 2247.8 8039.4 7707.0 628.3 1116.9 1707.2 128562.3 16855.0 2293.1 28165.7 198534.0
2021 6 25 957.1 2042.0 6524.0 7105.2 557.4 1028.7 1541.4 126928.6 15170.0 2407.4 27546.3 191808.1
2021 6 26 898.3 1985.7 6978.2 6937.3 576.0 996.9 1532.8 108576.3 14523.0 2371.6 22081.9 167457.9
2021 6 27 896.0 2175.2 6982.9 7255.9 572.1 1024.3 1694.7 124210.2 16903.1 2705.1 31150.7 195570.2
2021 6 28 1131.4 2129.4 8066.1 7259.9 675.0 1021.3 1705.6 119391.5 16443.6 3001.3 28351.2 189176.4
2021 6 29 1095.7 2089.1 7991.1 7153.7 628.3 999.9 1718.7 121790.4 16069.3 3173.3 20168.5 182877.9
2021 6 30 1265.4 2037.3 8029.8 6800.6 624.5 931.7 1717.2 128562.3 16136.9 3498.4 29558.0 199162.1
2021 7 1 1021.4 2274.4 7017.9 7614.7 585.1 1020.8 2138.7 129623.2 18732.8 5151.3 32841.7 208022.0
2021 7 2 975.4 2000.7 6721.2 6849.0 585.1 919.8 1870.3 129623.2 16232.9 5535.9 28578.3 199891.7
2021 7 3 833.8 1973.1 6555.0 6857.8 585.1 914.9 1890.9 106230.4 15749.9 5354.9 21137.2 168083.1
2021 7 4 823.0 2150.9 6221.3 7111.9 585.8 924.1 2103.6 119213.2 18387.3 5722.0 31951.7 195194.7
2021 7 5 762.5 2126.2 5649.6 7164.8 585.8 925.8 2145.4 117288.8 18111.9 6418.2 29305.0 190484.0
2021 7 6 911.8 2058.4 6799.8 6976.5 585.1 894.9 2127.0 120237.8 17401.5 6610.1 19396.7 183999.7
2021 7 7 967.8 2021.7 6889.2 6695.4 585.8 838.7 2144.2 125214.0 17558.3 6561.4 29639.5 199116.0
2021 7 8 984.4 2278.2 6889.2 7242.3 585.8 885.7 2525.8 129623.2 20812.5 7515.1 34984.5 214326.8
2021 7 9 863.6 2029.0 6386.8 6560.1 585.8 800.0 2270.1 125214.0 18427.3 8339.3 29351.0 200827.0
2021 7 10 679.6 1948.6 5897.3 6439.3 589.5 783.1 2215.9 97836.5 17349.8 8060.9 19892.5 161693.1
2021 7 11 750.5 2136.4 5702.5 6749.0 585.8 798.1 2473.7 113340.1 20248.3 8261.8 30099.4 191145.4
2021 7 12 728.9 2114.1 5649.6 6814.0 585.8 806.0 2508.5 115589.4 19972.3 9196.3 29768.5 193733.3
2021 7 13 768.6 2001.1 6082.3 6507.4 589.5 765.3 2412.0 116327.5 18779.7 9528.0 20177.5 183938.9
2021 7 14 747.6 2022.7 5722.9 6499.1 585.8 751.4 2476.5 123268.9 19333.1 8643.3 29846.5 199897.6
2021 7 15 747.6 2142.4 5722.9 6737.8 585.8 770.9 2656.8 123268.9 21100.1 9123.2 33892.2 206748.6
2021 7 16 754.3 2049.5 5722.9 6529.5 585.8 743.8 2588.9 123268.9 20189.8 10334.3 30899.3 203667.0
2021 7 17 655.5 1924.8 5530.0 6237.0 585.8 716.4 2396.0 97836.5 18468.2 9963.3 19610.3 163923.9
2021 7 18 764.2 2043.2 5702.5 6501.5 585.8 741.7 2583.6 113340.1 20109.6 9732.5 29199.7 191304.3
2021 7 19 764.3 2107.6 6078.2 6763.3 589.5 775.8 2688.7 116206.9 20566.2 11106.8 29665.9 197313.3
2021 7 20 699.2 2016.3 5769.2 6496.8 589.5 742.9 2582.0 116945.0 19553.3 11321.1 20879.9 187595.1
2021 7 21 738.0 2042.9 5844.0 6564.3 589.5 744.6 2632.4 124478.2 20002.4 9961.3 30170.4 203767.8
2021 7 22 728.4 2064.7 6095.3 6596.6 589.5 746.4 2684.3 124762.3 20335.7 10513.0 28415.0 203531.2
2021 7 23 735.9 2155.7 6095.3 6905.9 589.5 775.9 2846.3 124762.3 21421.5 12168.0 31611.3 210067.7
2021 7 24 540.6 1933.5 5246.3 6218.9 589.5 701.2 2511.9 97836.5 18628.0 12020.6 19199.1 165426.1
2021 7 25 591.3 2019.6 5323.0 6422.3 589.5 713.7 2679.2 113340.1 19899.1 12203.9 26300.2 190081.9
2021 7 26 635.3 2081.5 5751.7 6677.6 589.5 747.7 2784.8 115922.7 20432.5 13633.0 28399.1 197655.4
2021 7 27 699.2 2023.3 5769.2 6517.8 589.5 729.4 2710.2 116660.8 19773.9 13812.2 20722.6 190008.1
2021 7 28 726.0 2077.1 5844.0 6533.9 589.5 720.2 2768.5 124478.2 20394.9 15728.8 30633.5 210494.6
2021 7 29 586.8 1927.4 4588.4 6120.3 570.2 678.4 2592.1 124478.2 18805.7 14911.0 23361.5 198620.0
2021 7 30 745.1 2146.5 5799.9 6743.4 589.5 739.3 2904.9 124478.2 21209.1 17653.7 32134.7 215144.2
2021 7 31 581.3 1936.1 5275.3 6069.3 589.5 668.6 2586.1 97836.5 18528.3 17395.4 16898.8 168365.2
2021 8 1 594.2 1946.3 5224.7 6096.1 599.1 671.6 2672.9 115172.6 19103.1 18585.9 22857.3 193524.0
2021 8 2 653.0 2015.5 5549.8 6366.1 642.5 705.5 2787.3 116957.0 19799.9 19668.0 28091.2 203235.7
2021 8 3 765.8 1991.7 5925.1 6297.6 722.9 697.7 2748.6 117066.7 19495.3 19364.6 19838.8 194914.9
2021 8 4 652.2 2013.4 5269.5 6207.0 679.6 674.9 2770.2 122848.3 19750.8 21688.0 31458.8 214012.6
2021 8 5 602.4 1842.5 4453.9 5740.1 495.3 626.3 2562.3 122848.3 18104.2 19997.0 21550.3 198822.7
2021 8 6 602.4 2073.1 4453.9 6375.7 507.2 687.7 2882.9 122848.3 20593.3 23522.6 32397.0 216944.1
2021 8 7 596.3 1860.0 4966.1 5720.3 614.9 622.3 2571.9 103797.4 17897.8 22285.8 15740.4 176673.3
2021 8 8 665.9 1877.9 5224.7 5701.7 633.3 606.8 2634.3 115172.6 18376.2 24484.1 19092.0 194469.5
2021 8 9 761.7 2007.6 5925.1 6120.9 719.4 649.2 2843.5 116957.0 19820.0 26354.1 28143.9 210302.4
2021 8 10 716.0 1917.9 5925.1 5866.1 704.8 625.8 2707.3 117066.7 18756.9 24786.3 19723.0 198795.9
2021 8 11 727.2 1864.0 5794.7 5546.7 707.0 582.1 2617.4 122848.3 18244.0 26443.7 33482.6 218857.6
2021 8 12 744.9 1761.8 6170.0 5294.6 741.9 556.6 2503.4 122848.3 17356.1 23736.9 22683.7 204398.3
2021 8 13 807.4 1990.2 6170.0 5873.4 744.4 611.1 2816.1 122848.3 19797.2 27605.4 31220.1 220483.6
2021 8 14 700.2 1841.6 5610.6 5507.0 746.3 585.6 2608.4 103797.4 17894.0 25633.1 17013.8 181937.9
2021 8 15 793.1 1762.9 5869.1 5202.8 764.8 550.0 2497.1 115172.6 17190.1 26448.2 17970.5 194221.1
2021 8 16 767.0 1945.6 5925.1 5723.3 709.9 601.0 2777.1 116957.0 19204.6 28716.2 29638.8 212965.8
2021 8 17 731.2 1884.3 5623.6 5571.1 613.0 589.9 2681.3 117066.7 18371.7 27139.4 19230.6 199502.9
2021 8 18 755.8 1862.3 5903.2 5434.4 632.2 569.0 2660.9 122848.3 18418.5 26961.8 32533.5 218579.8
2021 8 19 808.2 1761.3 6170.0 5199.3 729.9 547.2 2533.2 122848.3 17441.6 24150.6 25181.9 207371.5
2021 8 20 812.6 1905.4 6089.4 5566.3 715.5 580.8 2723.6 122848.3 19008.0 26647.8 30579.2 217477.0
2021 8 21 700.2 1803.3 5610.6 5348.3 735.3 569.5 2589.5 103797.4 17698.3 24796.7 20655.0 184303.9
2021 8 22 679.0 1819.8 5869.1 5315.0 765.8 566.1 2570.4 115172.6 17933.3 25893.8 18625.9 195211.0
2021 8 23 767.0 1938.5 5925.1 5670.0 698.9 602.9 2715.5 116957.0 19190.1 27386.5 29497.2 211348.8
2021 8 24 771.1 1896.9 5925.1 5620.5 702.4 605.7 2633.2 117066.7 18408.3 25548.4 20036.5 199214.7
2021 8 25 755.8 1885.9 5903.2 5519.1 632.2 592.8 2608.3 122848.3 18488.3 25300.6 32972.2 217506.7
2021 8 26 1291.5 1919.7 9205.3 5717.8 872.4 632.3 2540.7 127294.6 18794.6 24101.6 26255.3 218625.8
2021 8 27 1194.5 1929.3 8820.4 5716.4 807.2 625.4 2527.4 127294.6 18947.2 24765.7 28156.8 220785.0
2021 8 28 916.6 1801.6 6677.2 5445.2 633.4 610.6 2364.2 109836.2 17120.1 20592.9 21962.0 187960.0
2021 8 29 1076.7 1953.4 8025.1 5874.3 730.9 667.7 2459.2 126142.0 18673.0 21396.8 22513.7 209513.0
2021 8 30 1399.5 1926.8 9535.5 5819.3 1004.6 663.2 2374.4 121221.4 18295.8 21694.8 29519.4 213454.7
2021 8 31 1182.8 1913.3 9020.0 5871.3 873.4 677.0 2319.2 118790.1 17769.4 19956.0 20953.2 199325.5
2021 1 1 9315.4 2004.9 41066.2 13000.2 1061.9 9986.2 0.0 156786.3 49120.7 13.9 25680.7 308036.5
2021 1 2 8637.6 1862.3 35416.1 12174.2 933.2 9330.1 0.0 156300.9 45877.6 15.6 29364.1 299911.8
2021 1 3 8215.8 2152.0 36247.1 13954.3 988.9 10690.9 0.0 156300.9 52373.2 15.3 25020.1 305958.6
2021 1 4 7804.9 1926.3 34071.1 12477.7 927.0 9571.6 0.0 149694.8 46630.3 14.6 23444.2 286562.5
2021 1 5 8523.7 2019.4 39074.8 13212.2 1090.7 10123.2 0.0 156786.3 49349.0 15.5 24998.5 305193.2
2021 1 6 8776.9 2087.9 38725.0 13571.6 1129.0 10436.5 0.0 156786.3 51408.6 15.4 33651.0 316588.3
2021 1 7 8396.8 2094.6 38725.0 13362.9 1081.2 10271.8 0.0 156786.3 50395.2 14.3 28951.2 310079.3
2021 1 8 8679.7 2071.3 38725.0 13197.0 1102.4 10156.8 0.0 156786.3 50023.5 14.7 26650.5 307407.1
2021 1 9 8564.3 1967.6 37319.8 12574.2 931.3 9665.9 0.0 156300.9 47736.5 15.7 29139.0 304215.2
2021 1 10 9151.3 2188.5 40756.4 13909.0 1094.6 10681.2 0.0 162609.1 52319.4 15.4 24200.8 316925.7
2021 1 11 9228.7 1984.0 38518.0 12694.0 1028.8 9755.1 0.0 155027.6 47439.4 15.1 22128.6 297819.2
2021 1 12 10626.9 2128.5 45115.6 13622.9 1080.6 10498.1 0.0 162609.1 51429.9 16.0 26005.0 323132.5
2021 1 13 10648.0 2102.1 44765.7 13423.6 1109.9 10362.7 0.0 162609.1 51034.8 15.5 33154.1 329225.6
2021 1 14 9959.6 2134.5 43456.5 13436.1 1101.3 10367.1 0.0 162609.1 50725.9 14.8 28197.4 322002.3
2021 1 15 9581.8 2108.7 42306.6 13218.6 1039.1 10245.8 0.0 157756.4 50588.7 15.2 27222.7 314083.6
2021 1 16 8554.6 2020.1 37319.8 12687.8 958.6 9824.1 0.0 156300.9 48531.8 16.2 28920.6 305134.6
2021 1 17 8214.9 2203.4 36247.1 13798.8 1006.9 10663.6 0.0 156300.9 52222.8 15.9 24076.1 304750.3
2021 1 18 7948.8 2084.4 36127.9 13055.2 925.0 10107.8 0.0 149975.3 49126.8 16.8 20920.5 290288.5
2021 1 19 9965.2 2275.0 43806.3 14024.1 1102.8 10935.5 0.0 162609.1 54012.5 18.4 29049.0 327797.8
2021 1 20 10736.6 2187.6 44765.7 13449.6 1097.9 10486.3 0.0 162609.1 51674.1 17.5 31705.7 328730.1
2021 1 21 9800.7 2244.2 42634.6 13733.2 1101.0 10702.0 0.0 162609.1 52526.6 17.3 27594.7 322963.4
2021 1 22 9587.7 2213.8 42463.0 13520.1 1114.6 10581.3 0.0 162609.1 52626.4 18.2 28191.5 322925.8
2021 1 23 10776.6 2149.8 44558.2 13150.8 1104.0 10276.5 0.0 162609.1 50898.9 18.8 28462.4 324005.1
2021 1 24 11122.7 2274.9 46368.4 13878.8 1120.6 10821.4 0.0 162609.1 53433.2 18.5 23656.1 325303.6
2021 1 25 10030.0 2145.4 41934.3 13086.5 1028.8 10221.4 0.0 155027.6 50276.6 20.2 20475.6 304246.4
2021 1 26 10817.6 2340.0 45875.7 14152.0 1080.6 11125.9 0.0 162609.1 55667.8 22.6 32218.6 335909.8
2021 1 27 10648.0 2259.0 44765.7 13661.5 1099.9 10693.6 0.0 162609.1 53426.6 21.3 29987.4 329172.1
2021 1 28 9581.8 2266.1 42634.6 13674.5 1141.1 10683.4 0.0 162609.1 54056.7 20.7 28766.4 325434.4
2021 1 29 9581.8 2227.6 42306.6 13388.0 1039.1 10496.0 0.0 157756.4 53898.1 21.6 29271.4 319986.6
2021 1 30 9006.3 2219.3 40103.4 13383.5 1106.1 10465.8 0.0 162609.1 53296.8 22.7 29531.2 321744.4
2021 1 31 9815.0 2315.7 42980.4 13865.7 1127.7 10806.0 0.0 162609.1 55716.1 27.5 24118.5 323381.7
2021 2 1 9653.6 2156.9 39374.2 13013.1 1059.6 10334.5 0.0 150107.9 51683.4 31.0 21459.7 298873.9
2021 2 2 11072.7 2365.4 46335.8 14156.9 1081.0 11271.9 0.0 163067.1 57477.2 33.2 33652.6 340514.0
2021 2 3 11072.7 2297.9 46335.8 13867.6 1088.7 11002.2 0.0 163067.1 55332.3 27.0 28845.8 332937.2
2021 2 4 10303.3 2272.6 43499.5 13654.4 1093.3 10812.4 0.0 161752.3 55712.7 28.5 29882.8 329011.9
2021 2 5 10056.4 2216.5 43349.8 13184.9 1093.3 10435.6 0.0 161752.3 54266.1 29.0 29386.7 325770.6
2021 2 6 9832.3 2245.2 42141.8 13425.4 1088.9 10586.9 0.0 156042.7 54463.5 30.0 30826.1 320682.8
2021 2 7 10180.4 2339.0 42857.8 13875.1 1088.9 10909.0 0.0 156956.3 57161.7 38.7 24997.4 320404.3
2021 2 8 8071.3 2147.1 38068.5 12721.4 1103.5 9979.5 0.0 150107.9 52031.0 41.5 21910.1 296181.7
2021 2 9 10016.3 2335.1 43686.1 13769.4 1072.0 10798.1 0.0 158349.0 57181.3 42.0 32929.2 330178.5
2021 2 10 10016.3 2266.0 43594.9 13508.9 1120.9 10539.9 0.0 161752.3 55004.1 36.1 28978.3 326817.7
2021 2 11 9709.1 2201.5 41870.8 13096.0 1072.0 10165.7 0.0 154431.0 54414.6 57.3 30061.1 317079.0
2021 2 12 8976.0 2065.9 38886.9 12160.0 1077.4 9432.0 0.0 153256.3 50843.0 55.3 29435.9 306188.6
2021 2 13 9032.6 2170.8 36904.6 12845.2 967.1 9932.7 0.0 144611.9 53112.4 59.5 30963.8 300600.8
2021 2 14 8531.4 2276.3 37776.7 13386.1 997.4 10301.1 0.0 150589.7 55728.6 72.2 25520.5 305180.1
2021 2 15 8182.8 2070.5 37617.8 12194.0 979.4 9324.1 0.0 143787.7 50150.9 76.2 21327.2 285710.7
2021 2 16 9231.6 2278.7 39416.5 13403.6 1077.4 10222.6 0.0 157101.9 55637.5 74.3 30703.5 319147.5
2021 2 17 8862.5 2216.1 38886.9 13183.4 1072.0 10020.8 0.0 154431.0 53797.9 65.8 28692.8 311229.2
2021 2 18 9709.1 2167.7 41870.8 12897.4 1072.0 9747.7 0.0 154431.0 52684.1 69.1 27461.1 312110.0
2021 2 19 9364.4 1995.0 40178.5 11753.8 1030.5 8875.1 0.0 154174.1 48303.1 64.6 27480.7 303219.7
2021 2 20 8566.1 2081.7 35264.8 12310.1 998.4 9267.5 0.0 146729.7 50124.0 70.0 28492.9 293905.2
2021 2 21 9202.1 2234.0 39943.3 13233.6 997.4 9912.1 0.0 151340.7 53304.3 75.5 24399.3 304642.3
2021 2 22 7961.7 2023.3 35459.5 11933.0 984.8 8869.7 0.0 142232.2 47235.7 70.7 23830.6 280601.2
2021 2 23 9031.8 2161.7 39416.5 12805.2 1077.4 9504.4 0.0 156299.9 50854.4 65.6 28894.1 310110.8
2021 2 24 9709.1 2182.6 41870.8 13039.5 1072.0 9614.0 0.0 154431.0 51267.4 66.2 28051.9 311304.5
2021 2 25 9226.6 2120.1 38886.9 12369.7 1077.4 8981.6 0.0 155495.9 48286.1 53.6 26219.7 302717.7
2021 2 26 9340.2 1893.0 39457.9 11127.0 1077.4 8100.5 0.0 155495.9 43789.8 44.8 25839.5 296166.1
2021 2 27 8271.3 2054.6 34522.0 12115.9 979.3 8786.8 0.0 143073.8 47066.0 50.4 24770.5 281690.6
2021 2 28 8919.8 2158.9 38497.5 12716.1 979.3 9179.1 0.0 146231.0 48863.8 51.3 24197.7 291794.6
2021 3 1 7643.8 1959.5 31718.1 11407.5 853.9 7903.9 0.0 151803.2 42867.6 45.6 29233.4 285436.6
2021 3 2 7643.8 2150.2 34476.7 12539.8 883.6 8678.9 0.0 164726.0 46958.4 44.3 26156.6 304258.3
2021 3 3 6239.5 2152.7 32599.9 12474.5 872.5 8602.9 0.0 153623.7 46606.1 42.0 27094.0 290307.7
2021 3 4 5288.7 2112.8 27960.4 11849.4 838.7 8053.3 0.0 152095.2 44062.4 52.7 25639.8 277953.4
2021 3 5 5288.7 1998.7 27588.3 11246.0 808.5 7654.3 0.0 150751.5 42112.2 44.2 23103.4 270595.9
2021 3 6 5827.6 2124.4 26134.5 12100.1 734.9 8215.0 0.0 138796.9 44307.3 49.9 21820.1 260110.7
2021 3 7 6655.2 2157.4 29395.7 12165.2 811.0 8212.2 0.0 148877.6 44145.4 53.0 26723.7 279196.3
2021 3 8 7643.8 2003.7 31718.1 11174.1 853.9 7518.1 0.0 151803.2 39873.5 48.2 26959.7 279596.3
2021 3 9 7643.8 2213.0 34476.7 12369.9 883.6 8280.6 0.0 164726.0 43568.6 50.0 26337.5 300549.6
2021 3 10 7643.8 2131.2 34393.3 11937.2 883.0 7961.3 0.0 165485.0 41659.0 46.8 29665.5 301806.1
2021 3 11 7643.8 2058.4 33892.4 11137.3 938.7 7300.7 0.0 164603.4 38702.7 55.8 28903.2 295236.5
2021 3 12 6502.6 2048.0 30483.8 11135.8 802.5 7277.5 0.0 150074.9 38515.0 51.2 24775.4 271666.7
2021 3 13 5827.6 2127.7 23435.6 11743.7 641.8 7683.9 0.0 138796.9 39987.4 53.9 22208.1 252506.6
2021 3 14 5827.6 2173.5 24151.9 11974.9 649.9 7780.4 0.0 142645.2 40386.3 57.5 26210.2 261857.3
2021 3 15 5679.8 2095.0 24639.5 11504.7 677.1 7427.7 0.0 137293.5 37926.0 56.0 24339.0 251638.1
2021 3 16 6239.5 2225.7 32128.3 12206.3 863.5 7846.3 0.0 150701.8 39966.5 57.7 27555.9 279791.6
2021 3 17 5310.6 2201.3 27988.4 12007.4 838.0 7681.5 0.0 152976.8 39035.0 56.5 29819.2 277914.7
2021 3 18 5288.7 2125.4 28019.7 11585.7 838.7 7353.9 0.0 152095.2 37504.0 54.8 28085.2 272951.4
2021 3 19 4316.0 2174.8 22944.3 11843.9 734.9 7476.0 0.0 147817.0 38286.3 55.7 26918.7 262567.6
2021 3 20 5827.6 2150.9 23435.6 11861.0 704.7 7503.8 0.0 138796.9 37818.4 55.9 22684.1 250839.0
2021 3 21 6529.9 2180.3 28527.2 12088.2 769.3 7612.5 0.0 148877.6 38161.0 58.8 25057.3 269862.0
2021 3 22 6689.4 2160.9 30135.4 11998.2 774.4 7481.9 0.0 137363.8 37250.4 58.9 23378.0 257291.2
2021 3 23 6239.5 2210.3 32866.0 12248.4 870.3 7575.9 0.0 150701.8 37929.0 58.7 26589.2 277289.3
2021 3 24 6239.5 2130.6 29617.1 11824.5 849.5 7262.9 0.0 153807.3 36366.8 57.1 29377.3 277532.6
2021 3 25 6239.5 2105.2 30077.4 11654.2 847.2 6977.9 0.0 152742.1 35602.2 63.7 26867.9 273177.3
2021 3 26 6179.1 2128.5 29860.4 11727.1 844.2 6981.9 0.0 150074.9 35969.6 64.2 28760.6 272590.4
2021 3 27 5267.8 2050.8 21070.2 11381.5 611.1 6734.4 0.0 140100.7 34184.6 59.9 22874.9 244336.1
2021 3 28 4997.6 2105.5 25406.7 11457.1 735.7 6695.8 0.0 140963.8 34357.9 66.0 25256.3 252042.5
2021 3 29 4107.8 2064.8 17213.8 11268.5 617.5 6509.8 0.0 137840.9 33524.1 65.3 24214.2 237426.7
2021 3 30 3486.0 2099.1 19276.0 11444.6 633.3 6549.1 0.0 140550.2 33869.0 65.1 23988.6 241961.0
2021 3 31 3486.0 2056.9 17243.8 10914.7 631.2 6118.1 0.0 141992.4 32639.1 64.9 26852.7 241999.8
2021 4 1 3520.4 2075.0 18889.6 11067.3 618.0 5840.5 0.0 141033.8 32677.0 72.8 24684.0 240478.4
2021 4 2 3520.4 2088.5 18912.3 10988.0 624.2 5725.2 0.0 141029.9 32637.6 74.2 27430.9 243031.3
2021 4 3 3473.8 2049.7 18789.3 10785.9 666.6 5535.2 0.0 132219.4 31084.4 69.4 20677.9 225351.7
2021 4 4 3535.1 2039.0 19564.2 10439.3 668.6 5268.7 0.0 140706.5 30259.6 74.4 24190.1 236745.5
2021 4 5 4119.2 2021.7 19585.5 10359.1 651.9 5163.9 0.0 136368.9 29907.4 75.3 23621.4 231874.3
2021 4 6 4309.5 2041.2 23425.3 10498.6 684.2 5181.1 0.0 146571.9 30109.4 74.2 20364.2 243259.6
2021 4 7 5227.1 2002.7 28316.7 9953.6 826.0 4723.7 0.0 150273.6 28627.9 74.8 26064.1 256090.2
2021 4 8 4123.7 1997.9 21339.6 9814.0 615.3 4480.2 0.0 149505.7 28159.5 82.5 24451.3 244569.7
2021 4 9 3445.6 1970.3 18912.3 9622.6 642.2 4357.3 0.0 142155.5 27672.6 81.1 27983.2 236842.9
2021 4 10 3437.8 2021.7 17579.7 9855.3 637.6 4334.7 0.0 129825.5 27307.1 79.3 21079.5 216158.2
2021 4 11 3535.1 2049.8 19564.2 9679.3 669.3 4170.1 0.0 140478.5 27250.0 85.1 24379.2 231860.7
2021 4 12 3539.6 1963.2 17785.8 9373.9 610.0 3993.5 0.0 136368.9 25854.3 81.7 25479.3 225050.2
2021 4 13 3520.4 1955.8 18934.7 9399.8 633.2 3969.8 0.0 141984.5 25750.3 81.4 20909.2 227139.1
2021 4 14 3520.4 2063.9 18934.7 9685.8 633.4 3987.5 0.0 143352.4 26881.3 87.2 28024.7 237171.4
2021 4 15 3520.4 1983.8 18889.6 9264.5 617.3 3709.9 0.0 141033.8 25412.3 84.7 25872.5 230388.8
2021 4 16 3445.6 1989.7 18235.2 9299.6 646.7 3705.2 0.0 148532.9 25682.7 86.1 28128.2 239752.0
2021 4 17 3520.4 2031.0 18789.3 9554.0 660.0 3782.3 0.0 135798.7 25493.5 83.5 24175.7 223888.3
2021 4 18 4138.4 2074.9 21841.6 9689.6 686.5 3821.0 0.0 140507.6 26364.2 89.4 27241.3 236454.5
2021 4 19 3516.0 2019.1 17513.5 9595.3 634.4 3761.4 0.0 137766.8 25475.6 86.0 27669.8 228037.9
2021 4 20 3445.6 1972.2 18257.5 9429.5 640.3 3633.8 24.9 146793.0 24631.3 82.9 20930.8 229841.7
2021 4 21 3445.6 2118.1 17725.1 10070.7 576.4 3883.3 25.4 151693.3 26919.8 92.1 31260.7 247810.5
2021 4 22 2752.3 2018.3 13501.6 9610.8 573.8 3671.4 29.6 144343.9 25357.5 87.0 27904.2 229850.4
2021 4 23 3445.6 1928.3 18235.2 9191.3 646.7 3438.2 49.5 148532.9 24215.7 81.7 30181.2 239946.4
2021 4 24 3445.6 1955.7 17953.4 9164.0 646.9 3360.2 51.5 129222.7 23603.2 78.5 27591.1 217072.8
2021 4 25 2443.6 2043.9 13319.2 9558.8 533.8 3498.3 58.7 143955.1 25188.9 86.5 29490.6 230177.5
2021 4 26 3258.1 1954.9 15256.9 9341.8 581.2 3387.6 58.0 138476.6 23902.9 80.6 32045.5 228344.2
2021 4 27 3520.4 1940.1 18934.7 9133.1 634.4 3134.4 103.2 142630.8 22730.1 77.6 22329.2 225168.0
2021 4 28 3445.6 1990.0 17725.1 9336.0 576.4 3224.6 103.4 151693.3 24005.5 84.1 33558.1 245742.1
2021 4 29 2396.3 2011.0 12276.9 9402.3 573.8 3191.3 127.8 144343.9 23991.8 83.3 29197.2 227595.6
2021 4 30 2239.0 1911.1 12093.1 8960.2 560.8 2962.2 131.1 146501.5 22785.5 78.7 29589.6 227812.8
2021 5 1 2234.3 1817.9 12201.4 8267.2 641.7 2628.7 181.2 129559.3 20582.4 70.7 28442.0 206626.8
2021 5 2 2234.3 1892.7 13766.3 8678.9 645.8 2763.1 187.4 144015.0 21724.6 76.8 29126.7 225111.6
2021 5 3 3610.8 1974.2 16924.9 9079.5 729.8 2854.5 201.5 139861.6 22602.4 78.6 32185.3 230103.3
2021 5 4 2842.1 1878.4 14109.5 8554.4 677.4 2517.0 246.7 140175.2 20513.2 71.2 23941.8 215527.0
2021 5 5 2234.3 1860.7 12306.8 8486.4 688.6 2495.5 247.4 144743.7 20877.1 74.8 31529.4 225544.7
2021 5 6 2470.4 1986.8 12584.9 8925.5 688.6 2539.2 296.6 144743.7 21933.5 78.2 30263.6 226511.0
2021 5 7 2470.4 1801.8 12700.7 8205.0 675.7 2246.0 289.7 142281.4 19604.9 68.7 28674.9 219019.2
2021 5 8 2234.3 1740.7 11180.5 7461.2 611.0 1839.3 334.3 127650.8 18011.8 64.5 26728.5 197857.0
2021 5 9 3610.8 1874.7 18559.5 8070.6 823.7 1961.9 370.4 141936.9 19372.9 70.4 25269.0 221920.7
2021 5 10 3610.8 1941.6 16254.4 8404.0 729.8 2047.7 380.2 139861.6 20052.0 72.7 32240.8 225595.6
2021 5 11 2234.3 1831.1 12639.3 7897.0 638.6 1748.1 421.3 138363.7 18090.2 65.6 24134.5 208063.6
2021 5 12 2234.3 1753.5 11972.5 7591.6 681.0 1646.3 420.4 144743.7 17493.9 64.8 28989.0 217591.0
2021 5 13 2234.3 2010.0 12545.4 8632.8 681.0 1840.5 496.3 144743.7 20133.0 74.8 30321.1 223713.0
2021 5 14 2234.3 1796.3 12722.4 7874.5 699.8 1658.3 453.3 146060.5 17822.2 67.4 26517.9 217906.8
2021 5 15 2234.3 1706.0 12201.4 7198.3 709.2 1355.6 468.5 129559.3 16252.8 62.0 23918.1 195665.5
2021 5 16 2234.3 1862.4 14295.7 7821.8 671.1 1459.0 515.8 145923.5 17709.6 68.3 23444.8 216006.3
2021 5 17 1825.7 1961.1 9371.6 8239.5 659.9 1588.3 525.3 141088.1 18791.6 73.0 31476.6 215600.7
2021 5 18 1825.7 1809.3 10153.8 7758.2 668.6 1464.2 497.0 146512.0 17043.3 64.1 21878.9 209675.1
2021 5 19 1863.1 1780.4 11640.8 7670.8 699.2 1445.8 498.4 148522.8 16944.2 64.7 26813.0 217943.3
2021 5 20 1825.7 2018.2 10292.7 8657.7 692.0 1616.8 578.9 152249.7 19304.8 73.9 31255.6 228566.1
2021 5 21 1825.7 1805.3 10198.4 7859.0 689.0 1477.8 519.1 149787.4 17169.8 66.5 24990.6 216388.6
2021 5 22 1825.7 1739.1 9546.3 7497.5 699.3 1371.5 507.6 155477.6 16066.4 61.2 21497.7 216289.9
2021 5 23 1825.7 1970.9 11762.3 8349.5 716.2 1507.3 604.4 152897.8 18567.3 71.2 22481.5 220754.1
2021 5 24 2234.3 1942.3 11561.3 8315.5 684.2 1497.5 644.9 136065.3 18155.0 70.8 31343.7 212514.8
2021 5 25 1863.1 1833.1 11586.0 7993.1 684.2 1435.4 622.1 140272.2 16921.9 63.4 18879.1 202153.5
2021 5 26 1863.1 1811.3 11640.8 7860.1 699.2 1400.7 635.2 148522.8 16837.8 60.8 26967.1 218299.1
2021 5 27 1825.7 2060.5 10395.6 8938.0 713.8 1562.0 852.5 153466.7 19388.2 69.7 29267.3 228540.0
2021 5 28 1825.7 1820.6 10174.0 7776.0 717.6 1372.9 744.0 167825.8 16886.0 62.8 24056.1 233261.4
2021 5 29 1825.7 1783.3 9546.3 7632.4 699.3 1345.5 728.4 155477.6 16110.6 57.4 22133.8 217340.4
2021 5 30 1825.7 1930.5 11532.0 8130.0 728.4 1410.6 825.7 171841.8 17853.6 65.0 23412.8 239556.0
2021 5 31 1825.7 1927.2 9872.4 8219.7 676.3 1416.2 921.8 142305.1 17622.3 64.8 29757.5 214609.0
2021 6 1 1090.2 1826.3 7759.9 7830.6 596.9 1311.9 888.7 123787.8 16299.8 50.0 19245.7 180687.8
2021 6 2 1135.1 1858.7 8312.9 7836.7 596.9 1294.0 959.2 130124.0 16709.6 68.2 28777.3 197672.7
2021 6 3 1230.7 2032.8 8847.1 8513.2 596.9 1390.7 1104.3 130124.0 18082.6 74.5 27521.5 199518.3
2021 6 4 1479.8 1846.1 10255.4 7478.6 596.9 1232.3 990.0 130124.0 16016.7 67.9 25253.8 195341.4
2021 6 5 1089.3 1815.6 7849.1 7338.0 596.9 1205.6 975.4 105814.0 15400.1 181.4 26285.6 168551.0
2021 6 6 1479.9 1991.9 9382.9 7883.2 596.9 1271.9 1104.1 128882.1 17145.3 315.9 23793.5 193847.5
2021 6 7 1351.2 2001.1 9408.2 8003.3 596.9 1280.2 1202.1 120694.3 16799.1 317.0 29224.2 190877.6
2021 6 8 1134.9 1867.6 8271.7 7514.2 596.9 1193.5 1172.8 123787.8 15571.5 290.4 22369.1 183770.4
2021 6 9 1248.5 1923.6 9447.2 7606.4 596.9 1188.3 1260.2 130124.0 16153.0 337.6 30564.8 200450.6
2021 6 10 1265.5 2056.8 9809.0 8130.4 596.9 1255.8 1405.4 130124.0 16998.0 367.2 24900.4 196909.4
2021 6 11 1240.6 1901.7 9447.2 7270.8 596.9 1130.0 1282.0 130124.0 15325.2 368.2 26149.8 194836.5
2021 6 12 975.1 1858.5 6822.6 7029.3 596.9 1090.4 1239.2 105814.0 14704.5 573.2 27423.1 168126.7
2021 6 13 1017.8 2030.8 7139.5 7509.2 596.9 1150.0 1369.0 128882.1 16140.0 830.4 25889.0 192554.7
2021 6 14 1090.2 2049.5 7789.2 7659.8 596.9 1169.1 1415.2 120694.3 15845.9 879.2 28444.5 187633.9
2021 6 15 1090.2 1953.6 7789.2 7305.8 596.9 1108.2 1386.4 123787.8 15011.0 850.7 23689.5 184569.2
2021 6 16 1282.3 1988.4 9664.6 7345.7 596.9 1104.2 1447.3 130124.0 15486.4 882.1 31311.0 201232.9
2021 6 17 1203.6 2089.6 9172.1 7673.9 596.9 1155.1 1479.8 130124.0 15854.2 922.2 25701.0 195972.3
2021 6 18 939.0 1965.9 7666.1 7189.3 596.9 1081.0 1378.8 130124.0 14709.8 948.8 27450.1 194049.6
2021 6 19 835.2 1927.9 6210.6 6960.9 596.9 1045.6 1334.8 105814.0 14161.7 1125.7 25655.6 165668.7
2021 6 20 1017.8 2133.7 7168.8 7503.4 596.9 1118.0 1482.7 128882.1 15871.4 1540.4 28935.2 196250.4
2021 6 21 922.6 2130.3 7211.5 7546.0 596.9 1122.0 1485.4 117631.2 15456.4 1666.8 28720.1 184489.1
2021 6 22 1058.2 2082.6 8987.5 7372.1 596.9 1091.2 1490.1 120724.6 15043.4 1636.7 22761.9 182845.1
2021 6 23 952.9 2058.2 6937.3 7172.2 587.8 1051.1 1496.6 130124.0 15171.3 1919.3 30340.9 197811.6
2021 6 24 1180.6 2247.8 9203.0 7707.0 596.9 1116.9 1707.2 130124.0 16855.0 2293.1 28165.7 201197.2
2021 6 25 939.0 2042.0 6833.5 7105.2 587.8 1028.7 1541.4 130124.0 15170.0 2407.4 27546.3 195325.2
2021 6 26 968.1 1985.7 7694.5 6937.3 596.9 996.9 1532.8 105814.0 14523.0 2371.6 22081.9 165502.5
2021 6 27 994.9 2175.2 6446.2 7255.9 596.9 1024.3 1694.7 128882.1 16903.1 2705.1 31150.7 199829.0
2021 6 28 1070.2 2129.4 8921.4 7259.9 596.9 1021.3 1705.6 117631.2 16443.6 3001.3 28351.2 188132.1
2021 6 29 1058.2 2089.1 8987.5 7153.7 596.9 999.9 1718.7 120724.6 16069.3 3173.3 20168.5 182739.7
2021 6 30 1186.7 2037.3 9055.3 6800.6 596.9 931.7 1717.2 130124.0 16136.9 3498.4 29558.0 201643.0
2021 7 1 1000.5 2274.4 6820.0 7614.7 559.6 1020.8 2138.7 129263.1 18732.8 5151.3 32841.7 207417.6
2021 7 2 995.2 2000.7 6597.1 6849.0 559.6 919.8 1870.3 127501.0 16232.9 5535.9 28578.3 197639.8
2021 7 3 827.7 1973.1 6544.6 6857.8 559.6 914.9 1890.9 107644.1 15749.9 5354.9 21137.2 169454.7
2021 7 4 801.3 2150.9 6260.9 7111.9 608.5 924.1 2103.6 118580.7 18387.3 5722.0 31951.7 194602.7
2021 7 5 754.1 2126.2 5884.1 7164.8 547.8 925.8 2145.4 114427.7 18111.9 6418.2 29305.0 187811.0
2021 7 6 935.6 2058.4 6820.0 6976.5 559.6 894.9 2127.0 122235.4 17401.5 6610.1 19396.7 186015.6
2021 7 7 945.7 2021.7 6933.7 6695.4 608.5 838.7 2144.2 128223.4 17558.3 6561.4 29639.5 202170.4
2021 7 8 952.2 2278.2 6933.7 7242.3 608.5 885.7 2525.8 129263.1 20812.5 7515.1 34984.5 214001.7
2021 7 9 857.5 2029.0 6484.9 6560.1 608.5 800.0 2270.1 125277.9 18427.3 8339.3 29351.0 201005.6
2021 7 10 670.0 1948.6 6109.2 6439.3 595.3 783.1 2215.9 98712.5 17349.8 8060.9 19892.5 162777.2
2021 7 11 756.5 2136.4 5844.0 6749.0 568.6 798.1 2473.7 113745.4 20248.3 8261.8 30099.4 191681.1
2021 7 12 728.2 2114.1 5796.8 6814.0 547.8 806.0 2508.5 116123.5 19972.3 9196.3 29768.5 194375.9
2021 7 13 750.0 2001.1 6296.1 6507.4 595.3 765.3 2412.0 116486.1 18779.7 9528.0 20177.5 184298.6
2021 7 14 778.5 2022.7 5796.8 6499.1 547.8 751.4 2476.5 123513.8 19333.1 8643.3 29846.5 200209.4
2021 7 15 785.1 2142.4 5796.8 6737.8 547.8 770.9 2656.8 123513.8 21100.1 9123.2 33892.2 207066.9
2021 7 16 785.1 2049.5 5796.8 6529.5 568.6 743.8 2588.9 123513.8 20189.8 10334.3 30899.3 203999.5
2021 7 17 648.2 1924.8 5831.6 6237.0 568.6 716.4 2396.0 97016.8 18468.2 9963.3 19610.3 163381.3
2021 7 18 756.5 2043.2 5931.2 6501.5 568.6 741.7 2583.6 112049.7 20109.6 9732.5 29199.7 190217.8
2021 7 19 750.0 2107.6 6296.1 6763.3 605.6 775.8 2688.7 117141.3 20566.2 11106.8 29665.9 198467.4
2021 7 20 693.2 2016.3 6006.8 6496.8 582.5 742.9 2582.0 118045.5 19553.3 11321.1 20879.9 188920.2
2021 7 21 736.3 2042.9 6022.5 6564.3 582.5 744.6 2632.4 124501.3 20002.4 9961.3 30170.4 203960.8
2021 7 22 736.5 2064.7 6296.1 6596.6 595.9 746.4 2684.3 125073.2 20335.7 10513.0 28415.0 204057.3
2021 7 23 736.5 2155.7 6296.1 6905.9 595.9 775.9 2846.3 124531.7 21421.5 12168.0 31611.3 210044.9
2021 7 24 522.3 1933.5 5782.8 6218.9 563.8 701.2 2511.9 98713.6 18628.0 12020.6 19199.1 166795.7
2021 7 25 604.5 2019.6 5882.4 6422.3 563.8 713.7 2679.2 113746.5 19899.1 12203.9 26300.2 191035.3
2021 7 26 632.6 2081.5 6022.5 6677.6 563.8 747.7 2784.8 117473.6 20432.5 13633.0 28399.1 199448.7
2021 7 27 693.2 2023.3 6022.5 6517.8 582.5 729.4 2710.2 117473.6 19773.9 13812.2 20722.6 191061.2
2021 7 28 736.3 2077.1 6022.5 6533.9 582.5 720.2 2768.5 124501.3 20394.9 15728.8 30633.5 210699.4
2021 7 29 604.3 1927.4 5036.9 6120.3 507.5 678.4 2592.1 123514.9 18805.7 14911.0 23361.5 198060.1
2021 7 30 742.8 2146.5 5954.0 6743.4 582.5 739.3 2904.9 123514.9 21209.1 17653.7 32134.7 214325.7
2021 7 31 582.9 1936.1 5767.1 6069.3 582.5 668.6 2586.1 100271.8 18528.3 17395.4 16898.8 171287.0
2021 8 1 609.2 1946.3 5128.3 6096.1 615.2 671.6 2672.9 111484.4 19103.1 18585.9 22857.3 189770.4
2021 8 2 649.6 2015.5 5621.1 6366.1 638.4 705.5 2787.3 115920.6 19799.9 19668.0 28091.2 202263.1
2021 8 3 773.7 1991.7 5936.5 6297.6 718.2 697.7 2748.6 119919.9 19495.3 19364.6 19838.8 197782.8
2021 8 4 660.9 2013.4 5224.4 6207.0 670.1 674.9 2770.2 129294.7 19750.8 21688.0 31458.8 220413.1
2021 8 5 613.0 1842.5 4301.8 5740.1 503.6 626.3 2562.3 121490.6 18104.2 19997.0 21550.3 197331.6
2021 8 6 616.5 2073.1 4464.2 6375.7 503.6 687.7 2882.9 124747.2 20593.3 23522.6 32397.0 218863.8
2021 8 7 586.4 1860.0 4877.9 5720.3 630.6 622.3 2571.9 94894.5 17897.8 22285.8 15740.4 167688.0
2021 8 8 667.6 1877.9 5114.2 5701.7 647.1 606.8 2634.3 111484.4 18376.2 24484.1 19092.0 190686.3
2021 8 9 773.7 2007.6 5958.2 6120.9 718.2 649.2 2843.5 116107.7 19820.0 26354.1 28143.9 209496.9
2021 8 10 706.4 1917.9 5936.5 5866.1 710.2 625.8 2707.3 120349.7 18756.9 24786.3 19723.0 202086.1
2021 8 11 720.8 1864.0 5667.9 5546.7 721.0 582.1 2617.4 130040.9 18244.0 26443.7 33482.6 225930.9
2021 8 12 758.5 1761.8 6110.1 5294.6 741.9 556.6 2503.4 122783.4 17356.1 23736.9 22683.7 204287.0
2021 8 13 819.0 1990.2 6203.0 5873.4 731.0 611.1 2816.1 127781.5 19797.2 27605.4 31220.1 225448.0
2021 8 14 677.0 1841.6 5827.8 5507.0 692.3 585.6 2608.4 97517.1 17894.0 25633.1 17013.8 175797.7
2021 8 15 773.9 1762.9 6093.9 5202.8 708.9 550.0 2497.1 114106.9 17190.1 26448.2 17970.5 193305.1
2021 8 16 765.1 1945.6 6051.0 5723.3 699.2 601.0 2777.1 116107.7 19204.6 28716.2 29638.8 212229.7
2021 8 17 734.2 1884.3 5324.9 5571.1 636.5 589.9 2681.3 117163.7 18371.7 27139.4 19230.6 199327.7
2021 8 18 782.6 1862.3 5569.7 5434.4 672.5 569.0 2660.9 118870.1 18418.5 26961.8 32533.5 214335.2
2021 8 19 821.9 1761.3 6203.0 5199.3 731.0 547.2 2533.2 124524.9 17441.6 24150.6 25181.9 209095.7
2021 8 20 819.0 1905.4 6058.8 5566.3 715.8 580.8 2723.6 122519.2 19008.0 26647.8 30579.2 217124.0
2021 8 21 677.0 1803.3 5827.8 5348.3 692.3 569.5 2589.5 96537.3 17698.3 24796.7 20655.0 177194.9
2021 8 22 694.7 1819.8 6014.7 5315.0 719.9 566.1 2570.4 112365.5 17933.3 25893.8 18625.9 192519.1
2021 8 23 765.1 1938.5 6051.0 5670.0 699.2 602.9 2715.5 116107.7 19190.1 27386.5 29497.2 210623.8
2021 8 24 765.1 1896.9 6029.3 5620.5 699.2 605.7 2633.2 118218.1 18408.3 25548.4 20036.5 200461.2
2021 8 25 782.6 1885.9 5569.7 5519.1 672.5 592.8 2608.3 118870.1 18488.3 25300.6 32972.2 213262.1
2021 8 26 1230.1 1919.7 9372.0 5717.8 829.8 632.3 2540.7 136463.4 18794.6 24101.6 26255.3 227857.3
2021 8 27 1159.1 1929.3 8180.8 5716.4 802.9 625.4 2527.4 128371.8 18947.2 24765.7 28156.8 221182.8
2021 8 28 896.4 1801.6 6772.1 5445.2 651.9 610.6 2364.2 105452.0 17120.1 20592.9 21962.0 183668.9
2021 8 29 1100.7 1953.4 7997.1 5874.3 693.1 667.7 2459.2 129033.0 18673.0 21396.8 22513.7 212362.1
2021 8 30 1321.4 1926.8 10688.1 5819.3 965.2 663.2 2374.4 119346.2 18295.8 21694.8 29519.4 212614.6
2021 8 31 1178.9 1913.3 9156.5 5871.3 824.6 677.0 2319.2 120980.0 17769.4 19956.0 20953.2 201599.2
2021 9 1 948.9 1955.9 6374.0 6008.4 773.3 704.6 2376.6 132324.9 18364.4 20072.7 32199.5 222103.2
2021 9 2 1164.8 2052.3 7746.7 6376.7 806.5 770.5 2312.4 131547.8 19157.9 19871.7 30001.9 221809.0
2021 9 3 833.5 1887.6 5473.2 5829.0 674.0 697.1 2099.9 131545.4 17532.1 19544.7 29409.4 215525.9
2021 9 4 665.4 1768.6 4671.3 5567.9 588.1 677.6 1951.6 107561.8 15763.7 15654.3 23096.6 177966.8
2021 9 5 894.3 2081.5 5846.6 6402.7 688.2 783.0 2205.3 127962.6 18919.3 17399.3 26535.6 209718.6
2021 9 6 1277.5 1980.6 8806.1 6110.3 842.9 751.8 1994.2 130194.4 17617.2 17029.5 29852.8 216457.3
2021 9 7 1221.2 1932.3 8376.5 6032.3 1026.1 749.3 1885.3 129755.9 16764.9 15568.4 22089.1 205401.2
2021 9 8 1214.5 1898.1 8073.7 5838.0 1037.6 729.9 1808.1 130470.6 16286.7 13948.8 32652.2 213958.2
2021 9 9 1164.8 2173.1 7746.7 6615.5 831.6 841.4 1898.8 131547.8 18727.1 15283.0 33206.9 220036.6
2021 9 10 1061.1 1916.6 7128.1 5826.6 766.6 737.8 1633.8 129691.0 16314.3 14648.2 29764.8 209489.0
2021 9 11 942.7 1807.0 6326.1 5652.9 689.8 729.3 1493.9 105707.5 14528.4 10912.5 24024.8 172815.1
2021 9 12 1121.9 2058.4 7705.1 6264.9 761.7 810.6 1648.4 126108.3 16955.3 11346.4 31064.9 205845.9
2021 9 13 1277.5 2021.5 8806.1 6113.4 817.8 791.2 1560.0 130194.4 16382.1 11764.4 30307.2 210035.5
2021 9 14 1183.2 1949.7 8376.5 5910.3 854.3 768.7 1441.6 131139.6 15477.8 10940.4 21197.1 199239.2
2021 9 15 1176.5 1879.1 8073.7 5593.2 865.8 733.0 1337.9 130470.6 14758.5 9220.1 30333.9 204442.3
2021 9 16 1214.5 2169.8 7746.7 6293.4 1033.4 824.6 1499.8 131547.8 17219.3 9852.2 34596.3 213997.6
2021 9 17 1110.8 1894.3 7128.1 5518.0 1044.1 723.0 1300.0 129691.0 14706.9 10123.2 29646.9 202886.3
2021 9 18 942.7 1881.3 6326.1 5609.4 689.8 736.8 1294.1 105707.5 14219.2 9801.8 23395.2 170604.0
2021 9 19 1171.6 2057.3 7705.1 5913.8 1077.6 780.6 1379.3 126108.3 15915.4 9760.7 29914.6 201784.3
2021 9 20 1315.5 1981.9 8663.1 5720.1 772.7 774.2 1297.1 128810.7 15117.2 9866.4 30685.9 205004.7
2021 9 21 1221.2 1937.3 7850.6 5601.3 762.8 764.5 1238.3 124459.4 14616.4 10197.5 20081.3 188730.7
2021 9 22 1214.5 1875.4 8028.0 5314.7 851.2 733.4 1156.9 131671.4 14142.3 8899.9 28998.6 202886.1
2021 9 23 1214.5 2109.9 7387.1 5953.3 782.9 873.5 1245.3 129696.8 16144.0 8681.3 32392.9 206481.4
2021 9 24 1110.8 1966.3 6908.1 5711.1 720.3 937.9 1077.8 130891.8 14946.2 8802.8 26397.4 199470.7
2021 9 25 942.7 1903.6 6326.1 5876.8 977.5 984.0 1046.4 105707.5 14142.9 8495.7 23820.5 170223.8
2021 9 26 1121.9 2014.5 7705.1 5945.0 761.7 976.8 1097.9 126108.3 15262.1 8373.0 27705.5 197071.8
2021 9 27 1315.5 1970.5 8806.1 6392.2 1034.1 1238.3 959.4 128810.7 14972.8 8296.6 28694.3 202490.5
2021 9 28 1221.2 1947.5 8016.9 6453.4 771.4 1282.6 907.0 124459.4 14759.4 8545.9 19070.1 187434.9
2021 9 29 1307.3 1988.9 8536.1 6980.1 845.8 1546.2 788.0 126263.6 15457.9 7105.0 27821.3 198640.1
2021 9 30 2115.4 2028.7 11791.3 6857.0 947.4 1448.0 882.6 124186.1 15762.1 6627.2 29555.3 202201.1
