year month date avgTemp maxTemp minTemp
2019 01 01 1.57 1.57 1.57
2019 01 02 3.40 3.40 3.40
2019 01 03 2.83 2.83 2.83
2019 01 04 3.55 3.55 3.55
2019 01 05 3.95 3.95 3.95
2019 01 06 4.08 4.08 4.08
2019 01 07 2.62 2.62 2.62
2019 01 08 3.30 3.30 3.30
2019 01 09 2.38 2.38 2.38
2019 01 10 1.60 1.60 1.60
2019 01 11 -0.88 -0.88 -0.88
2019 01 12 -1.12 -1.12 -1.12
2019 01 13 0.58 0.58 0.58
2019 01 14 1.12 1.12 1.12
2019 01 15 2.10 2.10 2.10
2019 01 16 2.62 2.62 2.62
2019 01 17 2.45 2.45 2.45
2019 01 18 1.72 1.72 1.72
2019 01 19 0.85 0.85 0.85
2019 01 20 0.18 0.18 0.18
2019 01 21 1.12 1.12 1.12
2019 01 22 1.10 1.10 1.10
2019 01 23 -2.72 -2.72 -2.72
2019 01 24 -3.95 -3.95 -3.95
2019 01 25 -1.95 -1.95 -1.95
2019 01 26 -0.15 -0.15 -0.15
2019 01 27 -0.02 -0.02 -0.02
2019 01 28 0.85 0.85 0.85
2019 01 29 1.32 1.32 1.32
2019 01 30 0.18 0.18 0.18
2019 01 31 -0.95 -0.95 -0.95
2019 02 01 -0.80 -0.80 -0.80
2019 02 02 -0.30 -0.30 -0.30
2019 02 03 0.25 0.25 0.25
2019 02 04 0.75 0.75 0.75
2019 02 05 0.53 0.53 0.53
2019 02 06 -0.60 -0.60 -0.60
2019 02 07 -0.10 -0.10 -0.10
2019 02 08 0.12 0.12 0.12
2019 02 09 0.82 0.82 0.82
2019 02 10 1.82 1.82 1.82
2019 02 11 3.23 3.23 3.23
2019 02 12 3.35 3.35 3.35
2019 02 13 4.55 4.55 4.55
2019 02 14 3.35 3.35 3.35
2019 02 15 3.12 3.12 3.12
2019 02 16 4.78 4.78 4.78
2019 02 17 3.50 3.50 3.50
2019 02 18 2.90 2.90 2.90
2019 02 19 5.72 5.72 5.72
2019 02 20 4.67 4.67 4.67
2019 02 21 4.05 4.05 4.05
2019 02 22 4.40 4.40 4.40
2019 02 23 3.90 3.90 3.90
2019 02 24 3.00 3.00 3.00
2019 02 25 4.55 4.55 4.55
2019 02 26 4.58 4.58 4.58
2019 02 27 5.75 5.75 5.75
2019 02 28 5.95 5.95 5.95
2019 03 01 3.48 3.48 3.48
2019 03 02 3.77 3.77 3.77
2019 03 03 7.30 7.30 7.30
2019 03 04 8.60 8.60 8.60
2019 03 05 8.72 8.72 8.72
2019 03 06 7.38 7.38 7.38
2019 03 07 6.30 6.30 6.30
2019 03 08 5.30 5.30 5.30
2019 03 09 4.70 4.70 4.70
2019 03 10 3.27 3.27 3.27
2019 03 11 5.42 5.42 5.42
2019 03 12 7.30 7.30 7.30
2019 03 13 8.32 8.32 8.32
2019 03 14 8.25 8.25 8.25
2019 03 15 8.80 8.80 8.80
2019 03 16 9.28 9.28 9.28
2019 03 17 10.92 10.92 10.92
2019 03 18 10.93 10.93 10.93
2019 03 19 12.05 12.05 12.05
2019 03 20 9.80 9.80 9.80
2019 03 21 8.30 8.30 8.30
2019 03 22 8.30 8.30 8.30
2019 03 23 7.75 7.75 7.75
2019 03 24 8.03 8.03 8.03
2019 03 25 8.05 8.05 8.05
2019 03 26 8.38 8.38 8.38
2019 03 27 9.75 9.75 9.75
2019 03 28 11.25 11.25 11.25
2019 03 29 12.55 12.55 12.55
2019 03 30 14.78 14.78 14.78
2019 03 31 14.55 14.55 14.55
2019 04 01 14.78 14.78 14.78
2019 04 02 15.12 15.12 15.12
2019 04 03 14.57 14.57 14.57
2019 04 04 14.23 14.23 14.23
2019 04 05 13.20 13.20 13.20
2019 04 06 11.77 11.77 11.77
2019 04 07 10.40 10.40 10.40
2019 04 08 12.75 12.75 12.75
2019 04 09 14.45 14.45 14.45
2019 04 10 15.75 15.75 15.75
2019 04 11 14.38 14.38 14.38
2019 04 12 14.08 14.08 14.08
2019 04 13 14.25 14.25 14.25
2019 04 14 12.88 12.88 12.88
2019 04 15 14.33 14.33 14.33
2019 04 16 14.85 14.85 14.85
2019 04 17 13.68 13.68 13.68
2019 04 18 14.07 14.07 14.07
2019 04 19 15.20 15.20 15.20
2019 04 20 15.35 15.35 15.35
2019 04 21 15.93 15.93 15.93
2019 04 22 16.42 16.42 16.42
2019 04 23 15.57 15.57 15.57
2019 04 24 15.93 15.93 15.93
2019 04 25 17.50 17.50 17.50
2019 04 26 17.18 17.18 17.18
2019 04 27 15.57 15.57 15.57
2019 04 28 16.27 16.27 16.27
2019 04 29 17.45 17.45 17.45
2019 04 30 19.05 19.05 19.05
2019 05 01 19.73 19.73 19.73
2019 05 02 18.95 18.95 18.95
2019 05 03 16.83 16.83 16.83
2019 05 04 16.68 16.68 16.68
2019 05 05 17.48 17.48 17.48
2019 05 06 17.43 17.43 17.43
2019 05 07 17.70 17.70 17.70
2019 05 08 18.33 18.33 18.33
2019 05 09 16.57 16.57 16.57
2019 05 10 16.65 16.65 16.65
2019 05 11 18.45 18.45 18.45
2019 05 12 18.22 18.22 18.22
2019 05 13 19.03 19.03 19.03
2019 05 14 19.98 19.98 19.98
2019 05 15 20.17 20.17 20.17
2019 05 16 19.35 19.35 19.35
2019 05 17 20.45 20.45 20.45
2019 05 18 20.05 20.05 20.05
2019 05 19 20.25 20.25 20.25
2019 05 20 19.98 19.98 19.98
2019 05 21 20.45 20.45 20.45
2019 05 22 21.75 21.75 21.75
2019 05 23 21.35 21.35 21.35
2019 05 24 20.35 20.35 20.35
2019 05 25 20.52 20.52 20.52
2019 05 26 20.95 20.95 20.95
2019 05 27 21.95 21.95 21.95
2019 05 28 22.38 22.38 22.38
2019 05 29 23.12 23.12 23.12
2019 05 30 21.80 21.80 21.80
2019 05 31 21.62 21.62 21.62
2019 06 01 22.88 22.88 22.88
2019 06 02 22.27 22.27 22.27
2019 06 03 22.38 22.38 22.38
2019 06 04 21.52 21.52 21.52
2019 06 05 21.15 21.15 21.15
2019 06 06 21.07 21.07 21.07
2019 06 07 21.55 21.55 21.55
2019 06 08 21.35 21.35 21.35
2019 06 09 22.98 22.98 22.98
2019 06 10 23.32 23.32 23.32
2019 06 11 23.00 23.00 23.00
2019 06 12 23.20 23.20 23.20
2019 06 13 23.15 23.15 23.15
2019 06 14 22.43 22.43 22.43
2019 06 15 22.93 22.93 22.93
2019 06 16 23.17 23.17 23.17
2019 06 17 23.15 23.15 23.15
2019 06 18 24.52 24.52 24.52
2019 06 19 24.33 24.33 24.33
2019 06 20 22.23 22.23 22.23
2019 06 21 23.88 23.88 23.88
2019 06 22 23.98 23.98 23.98
2019 06 23 24.90 24.90 24.90
2019 06 24 24.12 24.12 24.12
2019 06 25 24.38 24.38 24.38
2019 06 26 23.80 23.80 23.80
2019 06 27 23.10 23.10 23.10
2019 06 28 23.70 23.70 23.70
2019 06 29 24.30 24.30 24.30
2019 06 30 23.17 23.17 23.17
2019 07 01 24.52 24.52 24.52
2019 07 02 24.57 24.57 24.57
2019 07 03 24.77 24.77 24.77
2019 07 04 25.55 25.55 25.55
2019 07 05 25.75 25.75 25.75
2019 07 06 24.80 24.80 24.80
2019 07 07 24.67 24.67 24.67
2019 07 08 24.85 24.85 24.85
2019 07 09 26.05 26.05 26.05
2019 07 10 27.45 27.45 27.45
2019 07 11 26.77 26.77 26.77
2019 07 12 26.62 26.62 26.62
2019 07 13 26.67 26.67 26.67
2019 07 14 26.80 26.80 26.80
2019 07 15 26.60 26.60 26.60
2019 07 16 26.67 26.67 26.67
2019 07 17 26.38 26.38 26.38
2019 07 18 26.27 26.27 26.27
2019 07 19 28.00 28.00 28.00
2019 07 20 28.60 28.60 28.60
2019 07 21 28.65 28.65 28.65
2019 07 22 28.48 28.48 28.48
2019 07 23 28.13 28.13 28.13
2019 07 24 28.80 28.80 28.80
2019 07 25 29.15 29.15 29.15
2019 07 26 29.27 29.27 29.27
2019 07 27 28.75 28.75 28.75
2019 07 28 28.70 28.70 28.70
2019 07 29 30.00 30.00 30.00
2019 07 30 29.30 29.30 29.30
2019 07 31 29.05 29.05 29.05
2019 08 01 29.45 29.45 29.45
2019 08 02 29.32 29.32 29.32
2019 08 03 28.55 28.55 28.55
2019 08 04 29.55 29.55 29.55
2019 08 05 30.12 30.12 30.12
2019 08 06 30.18 30.18 30.18
2019 08 07 29.40 29.40 29.40
2019 08 08 28.88 28.88 28.88
2019 08 09 28.35 28.35 28.35
2019 08 10 28.45 28.45 28.45
2019 08 11 27.70 27.70 27.70
2019 08 12 27.73 27.73 27.73
2019 08 13 27.68 27.68 27.68
2019 08 14 27.75 27.75 27.75
2019 08 15 27.95 27.95 27.95
2019 08 16 27.65 27.65 27.65
2019 08 17 26.95 26.95 26.95
2019 08 18 26.70 26.70 26.70
2019 08 19 27.47 27.47 27.47
2019 08 20 26.78 26.78 26.78
2019 08 21 27.07 27.07 27.07
2019 08 22 27.95 27.95 27.95
2019 08 23 27.30 27.30 27.30
2019 08 24 27.10 27.10 27.10
2019 08 25 25.95 25.95 25.95
2019 08 26 24.07 24.07 24.07
2019 08 27 23.88 23.88 23.88
2019 08 28 24.55 24.55 24.55
2019 08 29 24.20 24.20 24.20
2019 08 30 23.47 23.47 23.47
2019 08 31 24.45 24.45 24.45
2019 09 01 25.03 25.03 25.03
2019 09 02 23.00 23.00 23.00
2019 09 03 24.65 24.65 24.65
2019 09 04 24.62 24.62 24.62
2019 09 05 23.52 23.52 23.52
2019 09 06 23.00 23.00 23.00
2019 09 07 22.32 22.32 22.32
2019 09 08 22.25 22.25 22.25
2019 09 09 22.90 22.90 22.90
2019 09 10 22.95 22.95 22.95
2019 09 11 21.82 21.82 21.82
2019 09 12 22.05 22.05 22.05
2019 09 13 22.28 22.28 22.28
2019 09 14 22.65 22.65 22.65
2019 09 15 22.62 22.62 22.62
2019 09 16 21.65 21.65 21.65
2019 09 17 22.30 22.30 22.30
2019 09 18 21.77 21.77 21.77
2019 09 19 21.90 21.90 21.90
2019 09 20 21.30 21.30 21.30
2019 09 21 20.90 20.90 20.90
2019 09 22 21.78 21.78 21.78
2019 09 23 20.43 20.43 20.43
2019 09 24 21.40 21.40 21.40
2019 09 25 21.95 21.95 21.95
2019 09 26 22.55 22.55 22.55
2019 09 27 21.80 21.80 21.80
2019 09 28 21.42 21.42 21.42
2019 09 29 20.90 20.90 20.90
2019 09 30 19.20 19.20 19.20
2019 10 01 18.80 18.80 18.80
2019 10 02 19.77 19.77 19.77
2019 10 03 19.82 19.82 19.82
2019 10 04 20.23 20.23 20.23
2019 10 05 19.07 19.07 19.07
2019 10 06 18.65 18.65 18.65
2019 10 07 19.10 19.10 19.10
2019 10 08 18.77 18.77 18.77
2019 10 09 17.65 17.65 17.65
2019 10 10 17.05 17.05 17.05
2019 10 11 15.18 15.18 15.18
2019 10 12 14.28 14.28 14.28
2019 10 13 14.78 14.78 14.78
2019 10 14 16.45 16.45 16.45
2019 10 15 16.93 16.93 16.93
2019 10 16 16.25 16.25 16.25
2019 10 17 16.90 16.90 16.90
2019 10 18 16.38 16.38 16.38
2019 10 19 16.95 16.95 16.95
2019 10 20 16.90 16.90 16.90
2019 10 21 17.27 17.27 17.27
2019 10 22 17.55 17.55 17.55
2019 10 23 16.23 16.23 16.23
2019 10 24 15.10 15.10 15.10
2019 10 25 15.45 15.45 15.45
2019 10 26 15.02 15.02 15.02
2019 10 27 14.60 14.60 14.60
2019 10 28 14.68 14.68 14.68
2019 10 29 12.60 12.60 12.60
2019 10 30 9.92 9.92 9.92
2019 10 31 9.62 9.62 9.62
2019 11 01 9.10 9.10 9.10
2019 11 02 10.67 10.67 10.67
2019 11 03 11.30 11.30 11.30
2019 11 04 11.53 11.53 11.53
2019 11 05 13.07 13.07 13.07
2019 11 06 13.53 13.53 13.53
2019 11 07 15.10 15.10 15.10
2019 11 08 13.85 13.85 13.85
2019 11 09 11.07 11.07 11.07
2019 11 10 11.27 11.27 11.27
2019 11 11 10.78 10.78 10.78
2019 11 12 11.62 11.62 11.62
2019 11 13 11.62 11.62 11.62
2019 11 14 12.75 12.75 12.75
2019 11 15 10.88 10.88 10.88
2019 11 16 10.00 10.00 10.00
2019 11 17 11.82 11.82 11.82
2019 11 18 8.93 8.93 8.93
2019 11 19 9.57 9.57 9.57
2019 11 20 10.40 10.40 10.40
2019 11 21 9.75 9.75 9.75
2019 11 22 8.38 8.38 8.38
2019 11 23 6.60 6.60 6.60
2019 11 24 6.38 6.38 6.38
2019 11 25 6.67 6.67 6.67
2019 11 26 5.42 5.42 5.42
2019 11 27 6.15 6.15 6.15
2019 11 28 7.20 7.20 7.20
2019 11 29 7.45 7.45 7.45
2019 11 30 6.20 6.20 6.20
2019 12 01 6.10 6.10 6.10
2019 12 02 6.95 6.95 6.95
2019 12 03 7.73 7.73 7.73
2019 12 04 6.12 6.12 6.12
2019 12 05 4.88 4.88 4.88
2019 12 06 4.05 4.05 4.05
2019 12 07 2.15 2.15 2.15
2019 12 08 2.00 2.00 2.00
2019 12 09 3.65 3.65 3.65
2019 12 10 4.65 4.65 4.65
2019 12 11 3.33 3.33 3.33
2019 12 12 3.45 3.45 3.45
2019 12 13 4.40 4.40 4.40
2019 12 14 3.17 3.17 3.17
2019 12 15 2.80 2.80 2.80
2019 12 16 1.32 1.32 1.32
2019 12 17 1.38 1.38 1.38
2019 12 18 3.30 3.30 3.30
2019 12 19 5.17 5.17 5.17
2019 12 20 6.12 6.12 6.12
2019 12 21 7.45 7.45 7.45
2019 12 22 7.05 7.05 7.05
2019 12 23 5.72 5.72 5.72
2019 12 24 4.12 4.12 4.12
2019 12 25 3.25 3.25 3.25
2019 12 26 3.92 3.92 3.92
2019 12 27 -0.38 -0.38 -0.38
2019 12 28 -1.05 -1.05 -1.05
2019 12 29 0.55 0.55 0.55
2019 12 30 1.70 1.70 1.70
2019 12 31 2.00 2.00 2.00
