year month date house_pred houseCooking_pred houseJHeating_pred salesOne_pred salesTwo_pred bizHeating_pred bizCooling_pred industry_pred heatFacility_pred heatCombined_pred CNG_pred pred_sum
2019 10 1 2223.2 1599.5 17688.0 5994.6 651.0 1348.6 733.2 119671.1 14719.6 6008.1 22469.6 193106.2
2019 10 2 1392.9 1574.7 12107.4 6000.5 651.0 1418.9 650.7 119671.1 14525.7 5709.4 21412.1 185114.4
2019 10 3 977.8 1616.1 7749.8 8046.3 651.0 2632.5 0.0 92802.4 15968.2 1544.3 21571.5 153560.0
2019 10 4 904.8 1494.5 5919.1 6008.3 603.7 1456.6 589.1 118792.1 14018.6 4623.8 18709.7 173120.2
2019 10 5 1905.2 1345.8 12588.7 6514.9 628.9 1937.2 318.6 94626.0 13143.0 3876.4 16405.6 153290.2
2019 10 6 2051.8 1518.6 13805.0 7148.9 628.9 2135.3 308.8 107641.7 14607.7 3790.5 16840.6 170477.9
2019 10 7 2242.0 1494.2 16924.5 6918.1 651.0 2096.9 280.9 117585.0 14444.6 3360.9 19883.1 185881.3
2019 10 8 2223.2 1496.7 17688.0 6840.8 651.0 2056.8 299.2 119671.1 14553.9 3211.9 19628.4 188320.9
2019 10 9 1655.8 1616.1 9569.7 8046.3 651.0 2632.5 0.0 92868.2 15968.2 1544.3 21571.5 156123.6
2019 10 10 2377.6 1430.2 16493.5 6467.5 651.0 1984.9 212.6 120422.3 13542.3 3992.9 15399.3 182974.0
2019 10 11 2783.3 1455.6 18542.0 6703.2 651.0 2058.8 203.2 125013.6 14423.9 3059.4 19275.2 194169.2
2019 10 12 2796.2 1441.7 15015.7 7053.2 628.9 2346.3 0.0 104333.5 14225.6 1703.3 18290.8 167835.0
2019 10 13 2851.4 1724.2 20376.2 8099.0 628.9 2657.4 0.0 126755.5 16787.7 1747.4 16760.1 198387.8
2019 10 14 2237.7 1617.6 13049.5 7460.6 651.0 2471.3 0.0 116159.3 15771.1 1770.7 20260.0 181448.7
2019 10 15 2349.1 1664.8 16300.6 7512.7 651.0 2484.7 0.0 119880.4 16455.1 1678.0 21342.3 190318.7
2019 10 16 2353.0 1615.3 14614.9 7261.6 651.0 2409.1 0.0 118197.6 15623.9 1714.7 16836.9 181278.0
2019 10 17 2377.6 1505.7 16493.5 6627.7 651.0 2231.0 0.0 120422.3 14252.1 1881.4 14782.7 181225.0
2019 10 18 2253.9 1550.3 14268.0 6778.6 651.0 2285.7 0.0 117347.4 15567.4 1533.9 20396.7 182632.8
2019 10 19 2068.3 1572.4 14891.7 6690.9 628.9 2271.7 0.0 95842.6 15135.7 1991.3 20517.9 161611.4
2019 10 20 2322.0 1811.0 17111.1 7691.7 628.9 2582.7 0.0 112770.9 17774.1 1836.5 18447.7 182976.8
2019 10 21 2237.7 1601.2 14327.9 6652.2 651.0 2254.8 0.0 117842.1 15701.6 1786.5 20528.0 183583.0
2019 10 22 2145.5 1859.1 13627.8 7620.2 651.0 2579.0 0.0 119880.4 18612.2 1857.6 25440.1 194272.9
2019 10 23 2353.0 1597.5 14614.9 6493.1 651.0 2219.8 0.0 118197.6 15639.8 1736.7 19356.9 182860.2
2019 10 24 2880.9 1505.6 17350.5 6109.5 651.0 2082.0 0.0 127187.0 14244.4 1828.1 14478.1 188317.1
2019 10 25 2783.3 1572.8 20034.2 6310.2 651.0 2183.3 0.0 117347.4 16002.7 1399.6 21562.6 189847.2
2019 10 26 2597.7 1743.1 17008.3 6934.1 628.9 2427.7 0.0 104255.3 16593.2 2161.9 19564.9 173915.1
2019 10 27 3099.6 1833.3 20182.7 7318.0 628.9 2545.7 0.0 127196.3 18238.1 1670.9 18272.7 200986.1
2019 10 28 2954.6 1594.6 16781.2 6236.9 651.0 2224.4 0.0 120069.8 15927.2 1517.5 19159.0 187116.1
2019 10 29 3869.9 1954.1 24659.7 8209.1 651.0 3634.1 0.0 125424.9 23356.6 2930.3 27317.7 222007.4
2019 10 30 3879.3 1451.0 22600.4 6715.3 651.0 2985.3 0.0 148023.7 18444.1 2491.5 18685.1 225926.7
2019 10 31 4154.3 1482.4 20179.5 7222.4 651.0 3302.3 0.0 149400.6 18865.6 2502.9 12712.2 220473.0
2019 11 1 3784.0 1479.3 21417.2 7072.1 683.5 3234.0 0.0 133693.2 20164.4 1893.9 22000.9 215422.6
2019 11 2 3102.9 1611.0 18151.7 7648.7 561.8 3477.4 0.0 110592.7 20374.3 2524.9 17997.6 186043.0
2019 11 3 3394.0 1639.6 19860.6 7818.0 569.1 3523.7 0.0 127409.4 21294.6 2360.5 18471.2 206340.7
2019 11 4 3803.4 1525.2 22211.5 7258.1 722.5 3378.5 0.0 121294.3 20753.3 2269.0 21233.3 204449.1
2019 11 5 3983.3 1770.8 22382.6 8971.1 750.8 4793.8 0.0 125023.0 26674.6 6167.0 24771.4 225288.5
2019 11 6 3851.7 1508.1 22522.4 8573.5 751.3 4639.5 0.0 129177.9 25120.3 6351.2 20389.2 222885.1
2019 11 7 2876.0 1442.5 18500.4 8773.4 619.8 4809.0 0.0 128248.4 24182.1 5376.8 10933.0 205761.2
2019 11 8 3387.7 1486.5 17523.1 8617.7 584.2 4746.0 0.0 130257.1 25921.3 4655.8 19099.8 216279.2
2019 11 9 3102.9 1445.5 18090.8 8046.4 541.7 4392.3 0.0 110529.0 23570.9 6080.8 18498.7 194298.9
2019 11 10 3394.0 1581.8 19860.6 9032.7 569.1 5027.3 0.0 127409.4 26457.6 7070.8 18635.1 219038.3
2019 11 11 3803.4 1475.4 21298.8 8071.4 649.2 4516.3 0.0 119356.3 25641.2 5703.4 23435.6 213951.0
2019 11 12 3874.0 1623.0 22716.5 8997.7 736.2 5190.0 0.0 123805.2 28737.2 8389.5 21047.1 225116.5
2019 11 13 3995.4 1575.5 23325.4 9303.9 755.8 5397.5 0.0 131245.9 29864.1 9099.5 21308.4 235871.4
2019 11 14 4033.2 1442.4 23641.8 8840.8 751.5 5206.5 0.0 139217.9 26959.7 7984.9 11237.3 229315.9
2019 11 15 3799.8 1526.1 20835.9 8830.8 615.4 5245.9 0.0 132657.0 29738.6 7357.8 20499.1 231106.3
2019 11 16 3056.2 1398.7 18513.3 7931.0 561.8 4781.3 0.0 114397.2 26485.0 9263.3 19334.8 205722.5
2019 11 17 3394.0 1537.2 20138.5 8972.7 580.7 5367.7 0.0 127409.4 29077.3 9207.2 17443.7 223128.3
2019 11 18 4205.2 1491.9 20109.6 8240.0 606.5 4921.4 0.0 128337.6 29500.3 7812.8 25650.6 230875.9
2019 11 19 4009.7 1551.9 19317.6 8604.6 614.9 5196.9 0.0 134324.3 29811.4 9626.2 23235.9 236293.4
2019 11 20 3995.4 1689.8 22412.6 9371.0 690.2 5684.8 0.0 137837.1 31978.4 11293.5 23601.9 248554.8
2019 11 21 4350.6 1582.8 21695.6 8993.6 663.4 5529.0 0.0 151975.8 29340.2 9931.8 13542.3 247605.2
2019 11 22 4665.6 1550.7 24759.2 8176.5 683.5 5081.4 0.0 136296.3 29842.4 9452.9 24264.4 244773.0
2019 11 23 5594.4 1629.6 26759.7 8815.8 687.8 5542.7 0.0 140448.1 30189.3 11954.9 19656.2 251278.6
2019 11 24 5820.8 1668.3 27976.2 8995.0 715.2 5590.9 0.0 150075.0 31618.2 10477.4 21828.0 264765.0
2019 11 25 5357.8 1542.0 26999.9 8072.7 646.3 5033.1 0.0 138561.5 29763.8 9112.5 24120.6 249210.2
2019 11 26 5816.9 1696.1 27675.9 8588.0 648.9 5446.7 0.0 148896.7 33453.4 10817.8 26936.4 269977.0
2019 11 27 5896.2 1778.9 28090.7 9241.6 699.5 6258.8 0.0 156862.1 33880.4 11927.4 20827.2 275462.9
2019 11 28 5360.6 1732.9 27118.5 10004.2 711.2 7341.5 0.0 155597.6 38402.0 7669.2 15244.8 269182.6
2019 11 29 5010.2 1520.4 25143.1 8631.8 713.8 6275.5 0.0 137315.0 35320.0 7308.2 22748.7 249986.6
2019 11 30 5573.7 1621.1 26144.5 9438.3 687.8 6942.5 0.0 140448.1 36862.6 9090.3 17864.6 254673.4
2019 12 1 7672.7 1565.1 37111.2 9339.4 761.0 6883.2 0.0 143068.7 37147.0 6594.5 19993.0 270135.8
2019 12 2 7569.3 1496.7 36953.2 8909.9 906.5 6615.1 0.0 142518.4 36642.7 6680.8 23472.1 271764.5
2019 12 3 8297.7 1665.0 39706.2 9498.8 1118.9 7051.8 0.0 143918.1 41052.5 8201.1 28858.8 289369.0
2019 12 4 8472.7 1669.9 40084.6 9888.4 889.0 7784.8 0.0 143918.1 39618.4 8937.7 16800.4 278063.9
2019 12 5 8739.6 1724.4 41235.8 11137.0 1108.1 9221.9 0.0 143918.1 47494.9 5013.3 17710.7 287303.9
2019 12 6 7732.0 1469.2 38476.7 9512.2 1041.4 7773.1 0.0 143918.1 42149.7 4675.2 21939.1 278686.7
2019 12 7 8121.3 1539.7 37856.3 10099.1 766.5 8316.5 0.0 141930.4 43658.1 5518.2 17954.8 275760.9
2019 12 8 8500.4 1578.5 42752.6 10197.7 850.4 8332.2 0.0 141930.4 45575.3 4259.3 23247.3 287224.2
2019 12 9 7429.3 1471.2 37236.3 9591.1 1078.1 7881.0 0.0 142518.4 43627.3 4498.4 23912.7 279243.8
2019 12 10 8222.7 1614.1 40284.4 10146.1 1099.6 8348.7 0.0 143918.1 48094.7 5028.7 27221.7 293978.6
2019 12 11 7653.1 1648.4 40006.8 10610.4 1132.2 8943.6 0.0 143918.1 48537.1 5262.3 19435.3 287147.4
2019 12 12 7653.1 1708.8 40127.5 11473.7 1137.1 9785.5 0.0 143918.1 52891.3 1648.0 19372.6 289715.7
2019 12 13 8102.8 1473.5 39843.4 10173.4 1116.4 8674.8 0.0 143918.1 47761.1 1453.2 19465.6 281982.3
2019 12 14 7050.5 1445.3 34145.2 9990.2 923.3 8538.9 0.0 141930.4 46823.2 1681.8 17848.9 270377.9
2019 12 15 7778.0 1497.3 38788.4 10233.5 872.2 8724.8 0.0 141930.4 48912.7 1436.8 22095.4 282269.6
2019 12 16 7819.9 1525.8 40525.6 10377.3 1215.0 8859.7 0.0 144227.6 50593.5 1753.7 25640.4 292538.6
2019 12 17 9007.8 1586.1 45724.5 10746.7 1295.1 9189.2 0.0 145466.5 51993.8 1536.0 24244.1 300789.8
2019 12 18 7653.1 1559.9 40006.8 10592.4 1132.2 9085.6 0.0 143918.1 51151.7 1662.7 21420.2 288182.6
2019 12 19 8739.6 1575.8 41235.8 10717.0 1020.7 9185.2 0.0 143918.1 51361.0 1612.1 20287.6 289652.9
2019 12 20 8195.1 1523.2 39769.0 10296.8 852.7 8827.6 0.0 143918.1 49535.6 1443.0 19486.0 283847.2
2019 12 21 7000.2 1360.8 34295.0 9170.3 969.9 7880.2 0.0 143068.7 45069.6 1643.6 20243.8 270702.0
2019 12 22 7497.6 1584.0 37310.0 10569.0 999.4 9069.5 0.0 143068.7 52109.3 1457.7 24220.9 287886.1
2019 12 23 7569.3 1473.6 37745.7 9774.6 913.8 8409.4 0.0 142518.4 48578.9 1645.2 22794.1 281423.0
2019 12 24 8022.0 1630.5 40209.2 10750.8 1173.5 9278.4 0.0 143918.1 53254.9 1636.2 23698.4 293572.1
2019 12 25 7225.6 1467.8 35537.5 10171.1 983.8 8485.7 0.0 143918.1 45535.7 695.2 20624.8 274645.4
2019 12 26 7732.0 1588.5 38747.7 10507.7 1077.7 9071.8 0.0 143918.1 51822.2 1598.5 21428.6 287492.8
2019 12 27 9242.5 1527.3 45035.8 10048.6 1049.9 8676.4 0.0 145466.5 49444.2 960.8 18891.4 290343.5
2019 12 28 8716.6 1346.6 40526.0 8981.0 966.2 7782.2 0.0 144583.9 44186.6 1042.4 18568.6 276700.1
2019 12 29 8761.2 1491.2 43961.0 10165.1 1214.5 8539.6 0.0 144583.9 46983.2 1001.8 22054.9 288756.5
2019 12 30 7819.9 1429.1 38877.4 9891.7 867.7 8261.2 0.0 142518.4 44883.2 1046.7 19417.9 275013.1
2019 12 31 9007.8 1511.8 44784.9 10466.5 958.7 8772.9 0.0 144795.2 48891.8 1046.8 25878.2 296114.7
2020 1 1 7787.9 1675.6 37708.0 11150.9 945.3 8789.9 0.0 152124.1 46899.1 12.2 20376.7 287469.6
2020 1 2 8325.7 1833.6 37844.4 12403.9 945.3 9752.2 0.0 147910.1 51799.7 14.0 20996.3 291825.1
2020 1 3 6991.3 1683.3 34761.9 11514.1 940.7 9030.3 0.0 146026.4 47816.1 15.4 30241.3 289021.0
2020 1 4 5932.5 1670.8 30277.4 11075.0 852.3 8725.0 0.0 130925.6 46669.7 12.5 27604.1 263745.0
2020 1 5 6436.5 1632.1 32426.9 10771.6 852.3 8477.4 0.0 136901.1 44672.2 13.2 24040.8 266224.1
2020 1 6 6481.1 1611.8 30716.3 10691.5 880.5 8415.2 0.0 125230.0 44692.5 13.0 22561.7 251293.7
2020 1 7 7153.9 1913.0 35700.7 12661.1 945.3 9967.6 0.0 148509.0 53100.4 15.0 21904.6 291870.6
2020 1 8 7379.0 1801.4 34850.8 11815.6 945.3 9301.6 0.0 146498.2 49521.4 13.4 18859.8 280986.6
2020 1 9 7876.3 1829.3 38289.5 12052.4 945.3 9533.2 0.0 153033.3 50896.8 13.9 23475.1 297945.1
2020 1 10 8138.3 1756.7 39935.9 11663.9 1046.7 9217.2 0.0 161587.2 49060.1 15.3 29755.4 312176.6
2020 1 11 7404.7 1737.2 34937.9 11258.5 1008.2 8925.7 0.0 145403.5 47725.7 13.1 26540.6 284955.1
2020 1 12 7908.7 1760.6 37824.7 11516.8 1008.2 9126.7 0.0 151379.0 48062.2 14.5 24969.2 293570.5
2020 1 13 7418.5 1819.7 35672.2 11613.6 993.8 9235.4 0.0 145395.5 49671.0 13.4 23547.9 285381.1
2020 1 14 8767.2 1909.4 41150.1 12245.3 999.2 9718.7 0.0 161358.3 51799.2 14.9 20902.1 308864.6
2020 1 15 8195.2 1931.6 39828.8 12350.9 945.3 9797.6 0.0 152588.2 51946.3 14.8 15832.6 293431.3
2020 1 16 7925.3 1894.2 37708.0 11928.4 945.3 9631.1 0.0 152569.2 51772.4 14.7 26967.9 301356.4
2020 1 17 7859.8 1847.1 37430.1 11710.2 940.7 9439.0 0.0 151791.1 50401.5 15.9 27985.3 299420.8
2020 1 18 7296.9 1834.4 34553.0 11494.4 852.3 9262.0 0.0 133166.5 49382.5 14.4 25230.4 273086.8
2020 1 19 8154.7 1874.0 38533.8 11844.2 956.2 9569.2 0.0 151496.6 50417.4 17.1 24364.0 297227.2
2020 1 20 6713.1 1919.8 34868.3 11914.2 993.8 9659.0 0.0 145395.5 52070.6 15.8 23025.8 286576.0
2020 1 21 8697.1 1990.5 40674.5 12424.6 999.2 10064.5 0.0 161358.3 53767.1 16.5 20204.6 310196.9
2020 1 22 8053.6 1973.4 40213.7 12263.4 999.2 9931.4 0.0 161358.3 52987.3 16.3 16064.7 303861.5
2020 1 23 7149.1 1976.0 34850.8 12158.3 945.3 9982.6 0.0 146943.3 54062.3 21.9 30014.6 298104.2
2020 1 24 8219.9 1896.1 37755.5 11761.1 898.5 9626.5 0.0 147132.0 51300.5 23.1 26870.7 295483.9
2020 1 25 5983.4 1834.8 29749.0 11266.8 852.3 9200.2 0.0 128914.9 49607.3 19.1 27740.0 265167.7
2020 1 26 7800.9 1841.2 37439.8 11365.7 852.3 9312.6 0.0 139142.0 49484.9 23.5 25874.5 283137.4
2020 1 27 7418.5 1934.7 35672.2 11842.6 993.8 9724.1 0.0 145395.5 52604.5 23.7 23625.5 289235.1
2020 1 28 8451.1 2075.9 40346.3 12732.3 1051.2 10398.8 0.0 161920.2 56114.3 24.8 21299.6 314414.4
2020 1 29 8257.9 1994.9 40213.7 12237.3 956.7 9949.0 0.0 161425.7 55610.0 24.0 17877.2 308546.5
2020 1 30 8764.7 1950.0 41017.6 11956.8 999.2 9734.8 0.0 161803.4 55175.3 28.5 31489.3 322919.7
2020 1 31 8178.8 1911.8 39935.9 11947.1 994.7 9693.6 0.0 161213.7 53948.2 29.7 26635.3 314488.7
2020 2 1 7872.2 1871.9 36668.9 11388.5 955.2 9298.0 0.0 147063.8 52472.0 31.3 29734.9 297356.7
2020 2 2 7898.2 1798.1 38364.3 10864.0 955.2 8885.1 0.0 147063.8 49651.8 34.7 26671.9 292187.2
2020 2 3 7870.7 1916.8 37148.1 11518.0 952.6 9416.0 0.0 144848.3 53829.9 33.0 27748.0 295281.5
2020 2 4 8564.2 2002.5 39911.6 12184.3 952.6 9924.2 0.0 150585.3 55592.4 30.9 23523.7 303271.8
2020 2 5 8922.1 1946.8 39606.5 11791.9 952.6 9557.9 0.0 150585.3 55637.2 44.2 19180.9 298225.4
2020 2 6 8564.2 1989.4 42197.2 11704.9 1048.0 9468.8 0.0 153364.7 55620.0 45.2 30030.9 314033.2
2020 2 7 8564.2 1969.9 39510.2 11789.0 961.5 9507.0 0.0 153364.7 54967.4 47.1 25529.3 306210.4
2020 2 8 7872.2 1953.9 37682.6 11399.3 1037.9 9146.6 0.0 147063.8 54802.0 59.1 28618.1 299635.6
2020 2 9 7898.2 1815.1 38396.6 10468.0 851.3 8390.3 0.0 140691.1 49939.5 60.6 24450.9 282961.7
2020 2 10 7278.5 1889.7 36771.8 10911.2 1048.0 8718.6 0.0 144848.3 52970.4 54.6 27207.0 291698.1
2020 2 11 8219.0 1970.3 39678.4 11529.3 977.5 9209.6 0.0 148441.0 54500.7 52.7 23552.1 298130.6
2020 2 12 7477.0 1908.1 34068.2 11101.4 962.8 8809.6 0.0 142269.2 52590.7 50.5 18537.4 277774.8
2020 2 13 8324.6 1887.1 38817.0 10855.6 890.8 8591.4 0.0 147170.1 50746.9 49.9 28173.9 295507.4
2020 2 14 7523.4 1921.0 34608.0 11137.9 939.5 8758.8 0.0 142269.2 51327.0 55.3 25604.7 284144.9
2020 2 15 7872.2 1912.0 36113.0 11082.7 841.9 8675.0 0.0 136951.3 51298.9 57.3 26103.7 280907.9
2020 2 16 7418.3 1775.0 33256.4 10322.3 851.3 8034.2 0.0 140691.1 46796.8 59.5 21962.1 271167.1
2020 2 17 6756.3 1845.3 33244.5 10775.1 865.8 8356.6 0.0 136683.8 49452.0 53.0 22813.3 270845.7
2020 2 18 8219.0 2034.1 39767.4 11924.9 971.4 9208.1 0.0 148441.0 53984.6 58.8 21428.8 296038.2
2020 2 19 7897.9 1897.5 36635.5 11175.4 890.8 8547.8 0.0 145356.8 50253.7 56.7 16626.4 279338.7
2020 2 20 7852.1 1775.5 35426.1 10650.9 967.1 8124.1 0.0 147170.1 47431.9 52.8 26120.7 285571.3
2020 2 21 8202.3 1837.3 38163.9 11064.1 949.5 8399.6 0.0 148441.0 48816.9 61.2 25845.0 291780.8
2020 2 22 6818.3 1804.4 30601.7 10845.8 841.9 8205.2 0.0 136951.3 47568.5 52.8 23238.6 266928.4
2020 2 23 7043.2 1739.5 33256.4 10490.2 851.3 7895.7 0.0 140691.1 45077.1 53.8 21419.4 268517.8
2020 2 24 7164.3 1793.2 33519.9 10794.0 869.7 8100.3 0.0 136683.8 46960.0 46.2 20269.7 266201.0
2020 2 25 7868.8 1989.3 35727.9 12093.8 967.1 8987.2 0.0 147170.1 52052.3 52.3 19470.4 286379.3
2020 2 26 7852.1 1914.8 35321.3 11151.9 967.1 8150.7 0.0 147170.1 46911.8 45.7 23990.3 283475.8
2020 2 27 7695.8 1712.7 37771.4 10018.9 911.3 7377.0 0.0 145356.8 42726.6 36.7 24469.1 278076.3
2020 2 28 7897.9 1880.3 37496.0 11014.2 911.3 8081.6 0.0 145356.8 46003.5 42.8 24332.9 283017.5
2020 2 29 7072.2 1751.9 32417.8 10385.4 864.9 7720.7 0.0 136951.3 44515.9 36.4 24477.8 266194.3
2020 3 1 5616.8 1723.8 26375.5 10235.1 598.9 7428.2 0.0 137914.9 42702.1 38.3 23482.2 256115.9
2020 3 2 6270.7 1809.4 29501.2 10684.6 598.9 7719.4 0.0 139884.3 44808.1 35.0 20515.9 261827.4
2020 3 3 5238.2 1999.9 29938.7 11823.9 587.9 8503.9 0.0 140026.7 49047.9 39.3 19132.0 266338.3
2020 3 4 4490.5 1931.9 26403.5 10961.5 587.9 7780.6 0.0 140937.1 45110.2 45.8 22844.8 261094.0
2020 3 5 4477.8 1813.0 25695.8 10172.8 587.9 7248.0 0.0 139616.2 42163.0 39.6 23205.2 255019.3
2020 3 6 5381.0 1902.7 28096.8 10775.3 587.9 7662.4 0.0 140938.9 43772.2 43.1 24823.0 263983.4
2020 3 7 5616.8 1756.1 26479.3 10001.3 598.9 7079.0 0.0 137810.2 40747.0 38.1 25643.3 255770.0
2020 3 8 5616.8 1771.3 26375.5 10081.3 598.9 7137.8 0.0 137914.9 40000.3 39.7 24819.0 254355.6
2020 3 9 6270.7 1861.8 29501.2 10522.5 598.9 7390.8 0.0 139884.3 41614.6 38.4 21235.0 258918.2
2020 3 10 6270.7 2002.7 31884.6 11439.5 598.9 8039.1 0.0 151077.2 44324.7 42.4 19013.9 274693.8
2020 3 11 6273.6 1936.8 33266.8 10655.6 598.9 7401.1 0.0 153680.9 40918.9 48.4 24178.4 278959.4
2020 3 12 5739.1 1851.2 29424.9 10073.9 587.9 6974.5 0.0 141309.4 38608.1 42.8 21220.9 255832.7
2020 3 13 5176.5 1892.5 25102.8 10430.2 587.9 7213.0 0.0 140938.9 39457.2 43.9 24859.6 255702.6
2020 3 14 5045.9 1810.3 21839.9 10084.9 587.9 6902.3 0.0 132421.2 37956.0 42.2 27631.2 244321.8
2020 3 15 5045.9 1777.7 22369.4 9970.6 587.9 6773.8 0.0 133790.2 36459.2 42.8 26097.2 242914.8
2020 3 16 5238.2 1877.7 26600.5 10459.7 587.9 7053.2 0.0 130655.6 38174.7 43.5 24397.4 245088.5
2020 3 17 4490.5 2071.6 25662.5 11614.6 587.9 7870.4 0.0 138333.5 41685.5 48.7 20059.6 252424.8
2020 3 18 4490.5 1927.9 26403.5 10703.1 587.9 7220.5 0.0 140937.1 38771.2 44.7 21867.6 252954.0
2020 3 19 4105.8 2013.9 23607.4 11122.9 587.9 7461.7 0.0 135610.5 39989.3 46.1 19888.1 244433.5
2020 3 20 5176.5 1849.8 25102.8 10257.7 587.9 6871.4 0.0 140938.9 36658.8 42.6 25408.2 252894.6
2020 3 21 5342.2 1878.8 26783.5 10543.2 598.9 7022.9 0.0 137810.2 37111.5 43.9 26720.8 253856.0
2020 3 22 5279.8 1839.7 25363.5 10390.7 587.9 6846.6 0.0 133790.2 35858.2 43.7 25059.9 245060.2
2020 3 23 5238.2 1897.5 27607.1 10657.5 587.9 6964.4 0.0 130655.6 36906.9 44.3 26393.4 246952.7
2020 3 24 5238.2 2011.2 27164.3 11481.8 587.9 7540.9 0.0 140026.7 39115.4 47.4 19945.5 253159.4
2020 3 25 5241.1 1913.6 29673.1 10857.4 587.9 6991.2 0.0 142630.3 37059.3 50.2 21479.4 256483.4
2020 3 26 5241.1 1911.2 28198.6 10844.6 587.9 6874.5 0.0 141309.4 36985.3 48.7 20448.8 252450.1
2020 3 27 4665.8 1786.1 25846.1 10211.4 587.9 6400.7 0.0 140938.9 34150.3 43.5 21826.2 246456.9
2020 3 28 4169.5 1813.0 22729.6 9893.0 587.9 6054.8 0.0 131682.8 33230.4 46.5 25599.7 235807.2
2020 3 29 3983.9 1779.1 22387.3 9736.8 587.9 5867.3 0.0 134986.0 32213.0 45.7 23774.7 235361.7
2020 3 30 2958.2 1798.1 15182.2 9825.4 575.7 5882.4 0.0 128371.7 32633.5 46.4 26591.9 223865.6
2020 3 31 2958.2 1932.6 16441.8 10523.8 575.7 6250.2 0.0 131789.5 34901.7 49.6 19455.4 224878.6
2020 4 1 3025.5 1810.7 17841.2 9869.7 567.7 5557.2 0.0 132306.0 32536.2 51.9 21573.0 225139.2
2020 4 2 3025.5 1881.2 17860.3 10136.6 567.7 5568.5 0.0 132306.0 33406.9 52.9 20639.2 225444.7
2020 4 3 3025.5 1767.7 17860.3 9544.2 567.7 5172.1 0.0 130471.7 30585.5 46.8 19561.0 218602.5
2020 4 4 3025.5 1795.6 17774.1 9157.8 584.7 4794.9 0.0 122748.1 29545.6 49.9 23087.6 212563.7
2020 4 5 3450.6 1766.9 20432.2 9029.2 584.7 4709.1 0.0 131610.6 28949.7 50.4 22855.1 223438.6
2020 4 6 4134.7 1763.8 22229.9 9003.2 606.0 4663.1 0.0 129400.9 29015.1 50.2 25136.7 226003.4
2020 4 7 4532.5 1841.4 25581.8 9321.2 631.7 4741.8 0.0 132828.8 29804.8 52.0 18830.0 228166.1
2020 4 8 3450.6 1819.4 19771.0 9062.3 567.7 4445.4 0.0 134206.9 29015.0 57.3 20662.4 223058.1
2020 4 9 3025.5 1735.7 17860.3 8603.4 567.7 4069.4 0.0 133811.3 27445.8 53.4 20690.9 217863.2
2020 4 10 2838.7 1786.7 16018.4 8969.9 550.2 4195.3 0.0 130471.7 27463.5 51.7 17218.6 209564.8
2020 4 11 3025.5 1784.0 17774.1 8348.4 584.7 3660.3 0.0 122748.1 26053.3 54.6 24503.4 208536.2
2020 4 12 3025.5 1723.6 18855.0 8159.8 584.7 3564.6 0.0 131610.6 24800.9 52.6 22647.7 215025.0
2020 4 13 3025.5 1687.7 16424.0 8006.7 567.7 3471.2 0.0 130262.6 24482.3 52.6 26063.3 214043.6
2020 4 14 3025.5 1838.0 17841.2 8636.4 567.7 3689.2 0.0 131624.3 26509.4 56.8 21377.0 215165.5
2020 4 15 3025.5 1810.7 17898.6 8454.9 567.7 3520.9 0.0 132306.0 25654.8 56.1 23050.0 216345.2
2020 4 16 2838.7 1801.7 16270.5 8464.4 567.7 3515.2 0.0 133811.3 25807.3 56.9 23113.2 216247.0
2020 4 17 3025.5 1761.4 17802.9 8341.9 567.7 3441.9 0.0 133008.0 24421.5 52.9 19020.9 211444.7
2020 4 18 3025.5 1817.1 17774.1 8561.3 584.7 3540.4 0.0 126896.0 25639.4 57.4 27697.7 215593.5
2020 4 19 3025.5 1825.5 18912.3 8761.1 584.7 3613.7 0.0 133086.4 25417.8 56.3 24181.9 219465.2
2020 4 20 2838.7 1714.6 15213.3 8244.0 567.7 3361.6 0.0 130850.0 23936.0 53.7 26320.4 213100.1
2020 4 21 2838.7 1854.8 16053.0 8897.1 550.2 3615.4 0.0 132598.6 26161.7 59.4 24171.0 216799.8
2020 4 22 2838.7 1845.1 15954.4 8826.1 550.2 3569.1 0.0 133811.3 25728.0 57.5 25173.8 218354.2
2020 4 23 2838.7 1745.7 16270.5 8591.3 567.7 3385.4 0.0 133811.3 24531.1 54.5 25114.3 216910.6
2020 4 24 2838.7 1777.6 16018.4 8671.8 550.2 3310.4 46.0 130471.7 23870.1 51.7 18200.7 205807.3
2020 4 25 1914.1 1704.0 11081.7 8260.7 516.6 3177.7 47.0 118030.9 23599.7 54.7 31058.9 199446.0
2020 4 26 2838.7 1809.2 17139.9 8989.7 584.7 3443.3 54.7 134595.3 24593.4 54.1 25786.7 219889.6
2020 4 27 3025.5 1651.3 16424.0 7711.5 567.7 2776.8 91.6 130262.6 21358.5 50.7 27319.6 211239.7
2020 4 28 2838.7 1741.2 16053.0 8153.0 550.2 2925.5 98.4 132598.6 22966.5 55.4 25077.8 213058.2
2020 4 29 2136.0 1779.0 11832.8 8259.4 526.5 2905.3 123.3 131437.6 23146.2 55.4 25295.2 207496.6
2020 4 30 1914.1 1708.9 11197.8 8238.6 526.5 2860.0 105.4 132966.5 22709.8 53.7 27944.7 210225.7
2020 5 1 2024.2 1624.8 11902.2 7714.2 607.7 2544.4 146.3 135160.0 20457.7 47.1 20759.1 202987.7
2020 5 2 2027.2 1509.6 11902.2 7195.3 581.9 2396.2 134.0 121641.8 19475.3 47.7 30182.2 197093.5
2020 5 3 3044.8 1825.2 17106.1 8718.8 669.9 2872.0 172.6 132569.4 23143.6 54.6 27698.0 217874.9
2020 5 4 2190.5 1586.8 12438.3 7163.3 604.3 2168.5 221.9 129546.6 18954.7 47.3 25212.7 200134.9
2020 5 5 2027.2 1620.5 11902.2 7339.6 604.3 2212.5 228.6 131259.3 19720.5 50.1 24144.9 201109.7
2020 5 6 2027.2 1764.6 11902.2 7831.8 607.0 2224.5 293.0 131286.1 20837.0 53.6 22806.8 201633.8
2020 5 7 2027.2 1619.2 11902.2 7576.2 607.0 2145.6 255.2 131286.1 19377.2 48.2 26422.8 203266.9
2020 5 8 2027.2 1573.8 11902.2 7134.3 605.6 1829.8 295.1 130278.4 18058.4 45.2 21671.8 195421.8
2020 5 9 3044.8 1456.1 16909.0 6579.3 669.9 1658.3 290.3 122363.9 16793.0 44.0 27070.3 196878.9
2020 5 10 3044.8 1768.6 17106.1 8090.3 669.9 2039.7 350.9 132569.4 20135.4 51.9 29004.4 214831.4
2020 5 11 2027.2 1545.3 11902.2 6697.7 604.3 1453.7 388.1 129626.0 16454.4 44.6 23860.6 194604.1
2020 5 12 2027.2 1526.9 11902.2 6396.9 604.3 1366.7 379.7 131259.3 16272.7 44.8 21947.7 193728.4
2020 5 13 2027.2 1796.9 11902.2 7479.3 607.0 1549.3 465.5 131365.4 19127.3 53.0 20962.4 197335.6
2020 5 14 2027.2 1599.7 11902.2 6843.6 607.7 1449.1 410.9 135329.6 17101.5 47.6 26892.3 204211.4
2020 5 15 2024.2 1541.6 11902.2 6454.7 617.6 1227.3 438.2 134107.4 15843.8 44.1 21250.6 195451.6
2020 5 16 2027.2 1464.6 11902.2 6152.1 583.6 1164.0 424.3 125917.4 15209.2 43.2 24452.8 189340.5
2020 5 17 1734.2 1794.8 12283.3 7562.3 619.5 1475.3 500.1 141524.8 18616.8 52.8 29602.0 215765.9
2020 5 18 1599.0 1576.8 10606.2 6822.4 607.6 1328.0 445.0 137716.4 16309.9 44.9 21677.9 198734.2
2020 5 19 1736.0 1579.6 11902.2 6579.7 611.5 1284.4 432.9 133184.5 16325.7 45.6 19637.0 193318.9
2020 5 20 1599.0 1828.5 10606.2 7615.5 617.2 1463.2 513.1 138771.7 18971.5 53.1 20953.3 202992.3
2020 5 21 1599.0 1622.7 10606.2 6811.0 619.6 1322.9 454.7 138186.7 16772.8 47.7 25428.0 203471.3
2020 5 22 1597.7 1610.7 10606.2 6755.5 620.4 1288.5 455.9 143790.5 16102.5 44.8 18383.4 201256.3
2020 5 23 1599.0 1586.7 10606.2 6611.0 604.0 1246.8 467.4 131783.4 16363.8 46.3 23961.0 194875.6
2020 5 24 2129.5 1841.4 13579.3 7676.5 620.9 1447.8 563.0 139223.5 18633.5 53.0 28883.8 214652.1
2020 5 25 1736.0 1653.8 11902.2 7038.2 611.5 1320.3 524.9 130945.0 16756.5 46.4 20987.7 193522.4
2020 5 26 1736.0 1676.3 11902.2 6839.4 611.5 1258.9 550.0 133184.5 16899.9 46.8 17202.6 191908.0
2020 5 27 1599.0 1884.0 10606.2 7689.5 617.9 1387.2 727.2 139440.6 19347.1 53.2 21421.9 204773.8
2020 5 28 1597.7 1634.4 10606.2 6949.4 620.4 1255.0 747.7 143790.5 16622.6 45.2 25170.3 209039.5
2020 5 29 1597.7 1627.4 10606.2 6898.6 620.4 1262.4 705.9 143790.5 16015.4 41.7 16804.7 199971.0
2020 5 30 1597.7 1555.8 10606.2 6535.2 604.0 1179.4 693.7 137906.2 15819.6 42.4 25030.5 201570.6
2020 5 31 1732.9 1830.3 12283.3 7678.9 620.3 1378.9 868.3 141524.8 18267.9 49.3 26790.0 213025.0
2020 6 1 920.8 1645.4 7271.5 6943.4 432.4 1198.9 792.2 112651.8 16196.3 42.3 21393.6 169488.6
2020 6 2 941.4 1701.1 7271.5 7093.5 432.4 1195.0 882.1 118917.3 16717.3 43.0 21953.6 177148.2
2020 6 3 980.0 1836.1 7271.5 7574.2 432.4 1264.9 978.6 119671.0 17971.4 46.5 21546.1 179572.7
2020 6 4 1280.6 1671.5 7599.0 7218.2 484.0 1197.0 1036.6 125421.5 16069.4 41.3 24174.2 186193.1
2020 6 5 1043.3 1570.1 7271.5 6749.4 461.9 1129.7 937.3 117790.6 14748.5 36.5 19476.5 171215.4
2020 6 6 1116.7 1598.1 6995.6 6669.3 457.3 1100.5 965.7 100158.0 15351.5 139.2 27078.5 161630.3
2020 6 7 1199.4 1887.2 6995.6 7990.2 457.3 1309.6 1198.0 122364.9 17643.6 156.1 24297.7 185499.6
2020 6 8 938.2 1707.5 7271.5 7011.6 462.1 1150.1 1097.4 112651.8 15628.4 135.8 22564.1 170618.5
2020 6 9 1064.6 1757.6 7271.5 7003.2 507.1 1115.9 1166.1 119070.2 16125.1 740.5 22802.3 178624.1
2020 6 10 1043.9 1857.5 7271.5 7341.5 507.1 1157.6 1266.0 119823.9 16892.4 799.7 22029.8 179991.0
2020 6 11 1079.6 1719.4 7271.5 7168.2 507.1 1124.7 1313.4 125574.3 15431.0 739.8 25106.8 187036.0
2020 6 12 1008.9 1606.0 7271.5 6627.9 432.1 1044.3 1198.3 117943.5 14081.9 712.1 21778.7 173705.2
2020 6 13 758.1 1662.6 6668.1 6615.3 435.2 1031.3 1239.5 100158.0 14752.9 864.0 28597.9 162782.8
2020 6 14 883.3 1899.7 6668.1 7791.5 435.2 1210.6 1453.7 122364.9 16418.5 1051.6 22729.4 182906.7
2020 6 15 920.8 1743.9 7271.5 6905.6 432.4 1069.3 1328.0 112651.8 14747.2 915.2 23280.4 171266.0
2020 6 16 1064.6 1763.7 7271.5 6816.7 507.1 1047.9 1348.3 119070.2 15052.4 1518.5 23991.8 179452.7
2020 6 17 998.4 1820.2 7221.1 6939.2 493.9 1068.0 1347.3 119823.9 15239.5 1540.7 24620.5 181112.7
2020 6 18 848.8 1821.2 6564.6 7109.1 443.0 1090.3 1344.1 127127.2 15114.1 1721.5 24153.6 187337.4
2020 6 19 848.8 1711.8 6836.3 6600.8 477.2 1015.7 1244.2 119781.3 13946.8 1583.4 22070.0 176116.1
2020 6 20 758.1 1767.4 6668.1 6594.6 435.2 1007.8 1285.7 100158.0 14643.8 1681.4 28530.4 163530.5
2020 6 21 834.5 1942.8 6412.3 7426.4 434.6 1136.1 1426.1 122364.9 15741.8 1964.4 24945.4 184629.4
2020 6 22 932.7 1869.9 7221.1 6929.6 484.5 1058.3 1355.8 112129.4 14838.8 1832.8 23751.7 172404.7
2020 6 23 765.8 1848.1 6229.0 6715.2 442.0 1015.2 1334.8 118142.0 14689.6 2434.8 19375.4 172991.7
2020 6 24 977.1 2002.9 7221.1 7105.0 484.5 1062.3 1509.3 121481.4 16291.2 2691.7 26663.0 187489.4
2020 6 25 794.9 1873.3 6229.0 6793.8 442.0 1003.2 1467.8 126708.2 15077.9 2934.8 24594.8 187919.7
2020 6 26 964.9 1842.0 7221.1 6695.3 477.2 984.5 1525.5 119781.3 14565.9 2828.8 20334.4 177221.1
2020 6 27 708.0 1819.0 6617.7 6190.5 433.3 888.2 1490.7 100158.0 15777.7 4243.0 27576.6 165902.7
2020 6 28 847.3 1939.0 6617.7 6754.6 434.4 970.0 1621.4 122364.9 16741.9 4947.7 28774.8 192013.6
2020 6 29 829.9 1825.3 6922.6 6387.7 484.5 908.0 1533.7 112129.4 15791.9 4584.7 24316.2 175714.0
2020 6 30 959.6 1809.8 7221.1 6334.4 484.5 886.2 1564.3 119585.0 15655.2 4637.1 18949.5 178086.7
2020 7 1 818.7 1986.7 6630.5 6890.0 455.3 954.1 1871.1 122253.8 17959.1 5588.6 28495.0 193902.9
2020 7 2 828.8 1880.6 6846.3 6715.9 455.3 917.2 1840.0 122534.2 16721.0 6953.0 23060.7 188753.0
2020 7 3 813.4 1871.4 6175.4 6734.1 438.5 917.3 1914.5 121448.7 16342.0 6833.3 18157.0 181645.6
2020 7 4 582.1 1755.6 4916.5 5912.5 408.4 781.7 1789.0 95121.4 16764.3 7213.8 27071.3 162316.6
2020 7 5 734.3 1849.3 5864.6 6349.3 444.2 838.1 1929.4 116872.1 17639.4 8008.3 33851.8 194380.8
2020 7 6 770.2 1815.1 6104.5 6260.3 443.3 817.9 1931.3 111212.2 17334.7 8472.1 25562.7 180724.2
2020 7 7 762.9 1810.5 6042.2 6219.2 447.4 801.2 1966.7 113134.1 17156.4 8224.2 18121.9 174686.6
2020 7 8 805.9 2050.7 6649.4 6740.9 455.3 848.9 2326.9 122253.8 20547.2 9099.4 28212.1 199990.7
2020 7 9 714.2 1883.1 5847.6 6278.4 455.3 774.9 2247.9 116682.0 18794.7 10341.2 24502.8 188522.0
2020 7 10 655.8 1786.8 5340.6 6086.0 427.3 753.5 2181.7 114699.3 17356.9 9514.5 18391.9 177194.3
2020 7 11 539.2 1719.2 4504.5 5477.7 405.3 649.7 2106.2 91128.7 18262.6 9563.4 28181.3 162537.6
2020 7 12 655.5 1852.8 5276.1 6064.0 432.6 719.6 2328.2 109205.2 19563.9 11494.5 33505.3 191097.6
2020 7 13 633.8 1766.6 5325.4 5812.6 435.7 683.7 2258.0 107385.1 18708.1 11631.0 27825.8 182465.9
2020 7 14 628.1 1827.3 4935.5 5987.2 418.3 700.0 2360.2 111378.2 19250.5 11456.5 17753.6 176695.3
2020 7 15 653.3 1908.3 5104.4 6068.4 427.3 709.1 2501.9 115504.4 20826.1 11510.4 26643.1 191856.8
2020 7 16 663.4 1935.2 5104.4 6253.9 427.3 730.9 2587.9 115784.8 21057.9 13673.7 24059.2 192278.6
2020 7 17 666.1 1766.8 5354.9 5798.0 417.9 684.7 2327.2 114699.3 18745.0 12914.3 17815.7 181189.9
2020 7 18 549.5 1670.8 4755.0 5404.0 405.3 634.3 2213.0 91128.7 18193.6 10168.3 29095.8 164218.4
2020 7 19 656.4 1862.3 5821.7 6103.8 464.3 720.8 2496.6 109205.2 19963.1 12729.4 29966.0 189989.6
2020 7 20 594.4 1869.9 4923.4 6141.0 447.1 721.1 2536.6 109802.9 20090.3 13462.7 29628.8 190218.2
2020 7 21 589.9 1842.2 4975.0 6021.6 446.7 704.3 2489.8 112450.7 19789.7 12035.2 17720.4 179065.6
2020 7 22 604.9 1823.0 5341.3 5871.8 457.6 690.3 2490.2 117301.9 19782.6 11867.9 25124.1 191355.6
2020 7 23 614.8 2031.9 5482.0 6554.1 460.6 771.7 2821.4 116625.8 22110.8 14722.2 24845.8 197041.0
2020 7 24 575.3 1708.4 5167.4 5573.9 404.6 658.0 2328.9 112386.4 18094.7 12766.3 18382.1 178046.0
2020 7 25 445.2 1763.3 4155.2 5668.9 364.5 655.6 2428.5 87870.5 19109.9 12330.4 29960.2 164752.2
2020 7 26 539.0 1973.0 4724.7 6446.9 382.4 753.6 2742.3 106067.2 21082.8 15625.0 22363.9 182700.8
2020 7 27 591.8 1942.3 4890.0 6327.3 445.0 739.3 2714.6 108915.8 20888.1 15379.9 30190.0 193024.1
2020 7 28 589.9 1945.7 4975.0 6026.7 446.7 691.4 2648.4 111090.0 20720.0 17399.4 16355.6 182888.8
2020 7 29 551.5 1759.2 4721.7 5506.4 394.5 639.9 2460.5 118183.9 18918.8 16559.3 20884.3 190580.0
2020 7 30 623.9 2026.5 5268.7 6319.0 454.1 730.9 2851.4 115578.0 21984.4 19386.4 24023.5 199246.9
2020 7 31 623.2 1781.8 5361.3 5631.1 457.6 654.9 2479.1 118505.6 18804.4 17742.9 16814.5 188856.4
2020 8 1 433.6 1675.4 4096.1 5288.7 501.3 612.7 2371.7 92683.4 18166.8 15911.2 31373.9 173114.9
2020 8 2 553.0 1865.9 4821.6 5969.3 509.5 700.8 2661.7 110051.8 20067.1 19020.9 19581.7 185803.4
2020 8 3 628.3 1925.4 5290.5 6121.9 555.4 716.7 2748.4 107185.3 20827.0 19622.8 29737.3 195359.0
2020 8 4 517.6 1958.2 4702.7 5886.1 501.3 674.2 2727.0 110884.6 20925.5 22718.8 13255.9 184751.7
2020 8 5 502.5 1787.4 4212.4 5476.1 446.0 627.9 2544.4 115896.6 19350.6 21772.9 17344.3 189961.1
2020 8 6 520.4 1925.9 4212.4 5845.2 446.0 665.3 2735.1 115896.6 20996.2 22731.5 25306.2 201280.8
2020 8 7 637.9 1703.2 5296.7 5232.3 555.4 599.8 2396.9 115055.8 18036.1 20654.3 16885.0 187053.6
2020 8 8 512.5 1592.9 4441.8 4831.9 550.3 540.7 2265.5 92683.4 17171.2 19459.8 31556.7 175606.8
2020 8 9 652.9 1829.5 5674.1 5600.3 550.3 630.0 2623.3 110051.8 19749.3 23197.7 20015.6 190574.9
2020 8 10 580.2 1777.7 5152.8 5419.2 555.4 609.9 2546.1 107185.3 19203.8 22279.1 29747.2 195056.8
2020 8 11 580.7 1874.7 5152.8 5389.3 555.4 595.8 2611.9 110884.6 19895.4 26553.0 14190.1 188283.8
2020 8 12 608.7 1745.1 5591.9 5139.3 555.4 569.8 2490.8 115896.6 18836.2 24532.8 13646.3 189612.9
2020 8 13 680.2 1804.2 5591.9 5196.7 555.4 565.2 2557.2 115896.6 19705.3 24752.3 26220.1 203525.1
2020 8 14 680.7 1744.8 5591.9 5147.4 555.4 572.3 2460.9 115055.8 18511.8 24087.4 16310.3 190718.8
2020 8 15 555.4 1417.3 5103.9 4107.8 550.3 450.7 2009.5 92683.4 15218.1 20124.7 31769.8 173990.9
2020 8 16 652.9 1694.8 5674.1 4923.7 550.3 541.1 2417.8 110051.8 18301.9 24148.8 23039.7 191996.8
2020 8 17 628.3 1666.2 4948.7 4834.2 548.7 532.6 2373.5 108406.6 17929.9 23328.4 28347.9 193544.9
2020 8 18 628.9 1805.9 5109.0 5201.0 548.7 570.1 2568.9 112105.9 19561.3 25587.2 17298.4 190985.4
2020 8 19 656.8 1688.2 5591.9 4904.9 555.4 539.8 2404.0 115896.6 18221.4 23169.5 13740.1 187368.6
2020 8 20 680.2 1677.1 5591.9 4786.9 555.4 518.4 2376.9 115896.6 18301.8 22537.4 27131.6 200054.1
2020 8 21 680.7 1687.5 5591.9 4893.7 555.4 539.1 2367.4 115055.8 17885.4 22828.7 17279.9 189365.7
2020 8 22 501.8 1516.0 5103.9 4324.7 550.3 473.1 2143.4 92683.4 16349.0 20757.9 30638.9 175042.5
2020 8 23 652.9 1723.6 5674.1 4934.6 550.3 541.5 2417.2 110051.8 18571.8 23705.7 25471.1 194294.7
2020 8 24 628.3 1671.8 5290.5 4817.4 555.4 531.0 2327.4 108406.6 17963.3 22306.0 27445.7 191943.3
2020 8 25 634.0 1735.8 5109.0 4951.2 548.7 543.9 2398.4 112105.9 18678.7 23417.8 20703.0 190826.5
2020 8 26 1040.2 1737.6 8219.2 5054.1 594.2 569.9 2274.4 121789.0 18715.4 22084.0 17661.0 199738.8
2020 8 27 1155.0 1750.2 8219.2 5104.3 594.2 572.5 2215.4 121789.0 18918.5 22847.5 25397.6 208563.4
2020 8 28 905.9 1630.0 7022.1 4880.5 586.2 566.7 2060.1 120948.3 16358.8 18918.8 19326.5 193203.7
2020 8 29 813.4 1583.7 6392.2 4736.5 570.7 554.3 2001.9 100158.0 16333.0 17179.1 31859.2 182181.8
2020 8 30 1021.4 1690.3 7324.7 5091.0 570.7 599.2 2088.8 122364.9 17110.4 19109.1 28555.8 205526.3
2020 8 31 993.6 1701.7 7812.0 5159.7 594.2 607.9 2069.2 112496.4 17277.9 18759.3 26042.5 193514.3
2020 9 1 775.1 1756.4 6107.6 5386.0 576.4 643.5 2139.2 117902.7 17818.3 19689.9 19323.8 192119.1
2020 9 2 942.0 1857.0 7066.1 5757.8 656.2 705.6 2090.9 126164.3 18882.2 19729.8 22740.3 206592.2
2020 9 3 771.8 1715.6 5647.5 5340.8 547.6 651.5 1858.6 121548.6 17296.9 19648.7 24754.8 199782.3
2020 9 4 688.0 1585.1 5471.3 5086.6 548.4 640.7 1704.6 118357.6 14709.7 15694.9 20428.1 184915.2
2020 9 5 639.2 1683.2 5166.2 5282.2 539.7 664.4 1821.0 99533.1 16393.1 15103.8 31111.4 177937.3
2020 9 6 935.3 1782.8 6643.5 5654.4 649.8 717.6 1827.7 126202.3 16681.1 17002.1 31870.1 209966.8
2020 9 7 1129.3 1712.5 7840.2 5408.3 796.9 684.9 1716.7 120983.5 16181.1 16044.9 27661.6 200159.9
2020 9 8 1030.0 1684.3 7797.5 5286.1 796.9 673.0 1641.5 123472.3 15434.0 15490.8 20845.5 194151.9
2020 9 9 942.0 1881.2 7066.1 5819.9 656.2 753.0 1675.0 126968.8 17637.2 15772.1 27527.4 206698.7
2020 9 10 974.7 1738.4 7086.0 5433.6 656.2 701.5 1482.8 130087.8 16000.5 16603.4 24940.9 205706.0
2020 9 11 959.1 1615.6 6366.1 5275.1 617.2 705.9 1330.6 123178.1 13381.0 12681.1 21019.8 187129.6
2020 9 12 821.9 1650.4 5857.5 5260.4 626.4 703.9 1359.1 102621.1 14373.8 11345.8 29184.1 173804.5
2020 9 13 935.3 1828.6 6643.5 5825.7 649.8 779.8 1454.0 126202.3 15455.9 13839.6 33934.8 207549.3
2020 9 14 1077.4 1739.3 7660.6 5473.4 685.0 732.4 1330.2 123953.2 14720.8 13129.0 26586.1 197087.5
2020 9 15 978.1 1727.1 7618.0 5410.0 685.0 729.9 1277.6 126442.0 14137.7 13123.2 20174.0 192302.6
2020 9 16 1021.7 1927.3 7586.5 5821.1 796.9 785.6 1388.4 123999.1 16253.3 12717.3 27856.6 200153.9
2020 9 17 1062.7 1692.4 7606.4 5181.9 796.9 699.4 1227.3 127118.1 13864.3 12874.5 24469.8 196593.8
2020 9 18 959.1 1728.2 6366.1 5447.2 617.2 735.7 1274.1 123178.1 13850.3 13380.2 18886.9 186423.0
2020 9 19 901.6 1676.5 6377.9 5084.5 767.1 685.6 1207.1 100455.8 13939.3 11222.6 26088.4 168406.2
2020 9 20 1038.7 1832.0 6684.0 5622.9 631.9 760.8 1310.1 123232.6 14828.9 13879.3 31978.2 201799.4
2020 9 21 1121.0 1732.8 7360.2 5224.7 638.3 710.5 1206.7 119371.2 14045.6 13067.9 25501.3 189980.2
2020 9 22 1021.7 1696.9 7480.7 5060.0 638.3 693.3 1151.9 123472.3 13570.3 12767.8 20902.4 188455.6
2020 9 23 1021.7 1856.2 7106.6 5314.0 638.3 754.1 1207.7 122386.9 15242.1 12044.2 25950.4 193522.1
2020 9 24 1054.5 1731.4 7126.5 5110.9 638.3 814.4 1063.4 127118.1 14104.0 12085.4 23742.5 194589.4
2020 9 25 959.1 1752.3 6683.0 5473.0 775.8 878.9 1068.9 123178.1 13778.7 13171.1 17215.5 184934.3
2020 9 26 821.9 1655.0 5857.5 5121.5 626.4 836.9 981.0 102621.1 13461.6 10514.0 25559.2 168056.0
2020 9 27 1038.7 1727.1 6847.0 6087.9 631.9 1263.5 900.2 123232.6 14109.2 10138.3 29278.7 195255.1
2020 9 28 1121.0 1735.1 7360.2 5947.3 638.3 1249.2 856.9 120983.5 14003.4 10012.6 24084.9 187992.4
2020 9 29 1021.7 1779.9 7797.9 6415.8 638.3 1477.4 766.0 121860.1 14629.2 9520.4 21177.2 187083.9
2020 9 30 1762.0 1782.9 10799.5 5932.4 703.6 1245.3 874.9 121610.1 14698.9 9311.8 23765.6 192487.0
2020 10 1 1974.3 1695.5 12113.5 6101.9 655.0 1426.5 729.2 126643.4 14279.9 10419.2 21323.6 197362.1
2020 10 2 980.3 1672.1 6959.8 6287.1 507.7 1470.7 689.5 126485.8 13741.1 11161.6 16764.2 186719.9
2020 10 3 976.0 1629.1 6204.7 6172.3 446.4 1479.0 632.6 111504.9 13897.5 8757.7 25053.6 176753.8
2020 10 4 1097.1 1644.5 7188.7 6933.6 525.7 1872.2 513.6 124667.9 14006.0 7715.4 25065.4 191230.4
2020 10 5 1941.3 1749.6 12368.9 7241.1 649.8 2025.9 444.0 126345.8 14657.7 7282.4 23743.0 198449.3
2020 10 6 1943.8 1770.1 12281.3 7512.1 651.8 2191.1 360.7 126643.4 14908.1 6606.3 19094.5 193963.5
2020 10 7 1943.8 1710.1 12306.4 6923.7 663.7 1937.8 441.3 126643.4 14560.6 6380.5 21847.3 195358.6
2020 10 8 1974.3 1731.8 12113.5 7225.4 655.0 2163.4 324.9 126643.4 14783.4 6206.3 19698.1 193519.7
2020 10 9 2144.9 1695.5 11826.5 7244.8 659.2 2154.2 283.7 126485.8 14111.4 7056.0 16051.7 189713.7
2020 10 10 2307.4 1704.5 11458.6 7333.8 584.2 2192.2 265.7 111504.9 14715.0 5730.3 23940.9 181737.5
2020 10 11 2859.0 1773.3 18229.4 8185.4 712.9 2638.2 381.3 132522.3 15268.8 3880.9 22173.1 208624.6
2020 10 12 3853.6 1881.1 16807.2 8356.8 660.0 2722.8 240.3 131038.0 15988.1 3651.8 20771.3 205971.2
2020 10 13 3505.2 1883.6 17847.8 8467.6 689.1 2814.0 78.5 131335.7 16052.7 3454.7 17251.9 203380.8
2020 10 14 2668.0 1891.1 15366.1 8172.3 704.2 2648.0 292.7 127250.6 16459.9 3597.5 21320.0 200370.4
2020 10 15 2662.2 1780.1 15366.1 7892.5 695.5 2613.6 117.7 127250.6 15148.9 3401.9 18629.2 195558.4
2020 10 16 2613.8 1816.7 15118.4 8018.6 665.5 2642.2 114.1 127093.0 15134.7 3595.8 15138.0 191950.7
2020 10 17 2565.0 1818.7 14143.7 7935.1 598.6 2628.0 103.8 113883.6 16041.4 3064.8 23046.3 185828.8
2020 10 18 2835.9 1963.1 17276.7 8396.1 712.9 2779.6 110.5 132522.3 16711.1 3650.1 21863.8 208822.0
2020 10 19 2629.1 1953.3 14726.4 8246.4 675.6 2761.0 0.0 126886.1 16874.8 3182.1 19735.8 197670.6
2020 10 20 2631.7 1860.0 15146.6 7685.6 689.5 2567.7 78.5 127183.8 15901.1 3517.8 13997.9 191260.3
2020 10 21 2631.7 2072.5 15366.1 8445.3 704.2 2818.7 75.1 127250.6 18413.8 3358.6 22513.4 203650.0
2020 10 22 2662.2 1868.1 15366.1 7670.2 733.3 2587.0 0.0 127250.6 16044.5 3177.9 20275.0 197635.0
2020 10 23 2636.9 1843.2 16071.2 7545.7 665.5 2527.4 0.0 127093.0 15430.9 3210.6 16142.6 193166.9
2020 10 24 3149.4 1835.5 17743.7 7350.8 611.3 2517.0 0.0 121079.9 16473.2 2612.6 24132.0 197505.4
2020 10 25 3228.3 2101.4 20779.1 8413.1 729.6 2997.0 0.0 140292.3 18178.1 3835.2 24277.6 224831.7
2020 10 26 3502.7 1901.6 16807.2 7517.0 659.5 2689.7 0.0 131038.0 17139.9 3101.0 19910.3 204266.9
2020 10 27 3505.2 1783.8 17847.8 7036.5 689.1 2592.9 0.0 131335.7 16079.5 2937.7 14777.0 198585.2
2020 10 28 3216.0 2170.1 18798.7 8686.6 710.7 3483.9 0.0 131762.5 22424.4 4618.9 25069.1 220940.9
2020 10 29 3958.8 1753.3 21081.0 7452.2 817.2 2961.0 0.0 132892.9 18236.5 4308.7 21828.3 215289.9
2020 10 30 4633.5 1716.3 22057.5 7307.3 740.3 2859.3 0.0 146723.6 17424.3 4203.9 18783.5 226449.6
2020 10 31 4604.2 1721.5 20722.9 7209.2 686.5 2923.5 0.0 136106.0 19292.8 3348.1 26786.9 223401.5
2020 11 1 4818.4 1882.4 24678.7 8296.3 681.4 3489.1 0.0 148313.4 20669.0 4986.9 28949.6 246765.1
2020 11 2 4263.0 1700.7 22345.8 7721.1 651.2 3323.7 0.0 131777.2 19919.4 4710.7 23554.6 219967.4
2020 11 3 4399.0 1674.2 21964.7 7785.9 673.8 3470.4 0.0 133305.1 20379.1 4460.2 15296.0 213408.5
2020 11 4 4523.1 1944.3 22443.9 9089.7 700.5 4262.4 0.0 135409.6 25144.9 6659.5 24919.5 235097.4
2020 11 5 4033.0 1724.7 21680.2 8667.7 725.9 4096.1 0.0 136161.1 23320.3 7240.8 21271.0 228920.7
2020 11 6 3709.1 1529.3 19035.9 7740.2 644.1 3636.8 0.0 134644.2 20347.1 6424.2 20815.6 218526.6
2020 11 7 3314.7 1587.4 18056.8 7795.1 545.6 3745.8 0.0 117624.4 22691.4 5544.4 27980.7 208886.5
2020 11 8 3864.4 1760.5 20696.5 8778.0 678.7 4378.5 0.0 146858.9 24242.6 7995.8 27538.3 246792.3
2020 11 9 4909.1 1707.6 24740.7 8891.0 678.0 4547.3 0.0 141932.4 24805.8 8943.2 22109.5 243264.6
2020 11 10 4290.1 1688.9 21964.7 8793.4 673.8 4572.0 0.0 133305.1 25554.3 7420.0 13247.2 221509.5
2020 11 11 5431.3 1819.0 26335.7 9479.9 735.0 5122.1 0.0 155533.1 28527.9 9517.7 23444.1 265945.8
2020 11 12 4678.4 1739.0 23370.8 9555.4 713.9 5183.9 0.0 136161.1 28647.0 10735.7 20081.6 240866.7
2020 11 13 4127.4 1522.1 19907.5 8463.8 632.1 4632.8 0.0 134644.2 24498.3 9859.0 19001.1 227288.3
2020 11 14 3258.8 1655.5 17823.3 8737.8 593.2 4853.2 0.0 118543.7 28361.3 8878.8 28888.2 221593.9
2020 11 15 5055.9 1712.5 25312.1 9248.5 691.3 5284.1 0.0 150738.6 28475.9 11816.7 24839.0 263174.5
2020 11 16 5593.6 1700.4 22970.4 9414.2 645.5 5364.6 0.0 139719.1 28909.2 12146.3 23374.0 249837.4
2020 11 17 4515.4 1741.6 23149.9 9508.4 673.8 5431.4 0.0 133305.1 30713.8 10395.6 13649.2 233084.1
2020 11 18 5793.9 1792.5 25815.3 9616.3 703.2 5570.9 0.0 159819.1 31140.4 11736.8 23195.9 275184.3
2020 11 19 5106.6 1889.0 25843.0 10104.1 727.8 5894.5 0.0 155273.8 31989.2 14083.0 18369.9 269281.0
2020 11 20 4540.6 1670.4 22874.2 9030.2 657.5 5327.5 0.0 147675.7 27913.6 12792.1 18447.4 250929.0
2020 11 21 4251.2 1800.4 21643.5 9218.6 612.3 5477.5 0.0 137418.2 31383.1 11755.0 27771.5 251331.2
2020 11 22 7178.8 1870.4 30705.2 9755.7 771.0 5907.3 0.0 155879.8 31521.8 14898.2 22575.0 281063.1
2020 11 23 6657.8 1893.8 27728.0 9893.0 639.1 5976.1 0.0 154498.4 32703.5 14101.5 22867.7 276958.8
2020 11 24 6815.5 1813.7 28165.9 9498.5 657.1 5848.3 0.0 156820.8 32283.4 11890.5 13479.5 267273.3
2020 11 25 6543.1 1949.6 29625.7 9702.6 703.2 6061.7 0.0 160172.1 35734.0 13189.0 24129.9 287810.9
2020 11 26 7061.6 1909.7 31053.3 9653.2 787.1 6224.2 0.0 162840.2 33803.8 15092.3 16937.7 285363.1
2020 11 27 6502.5 1829.5 28732.4 9923.7 737.3 6716.9 0.0 152816.9 35246.4 10710.3 18539.6 271755.5
2020 11 28 5629.6 1772.9 23642.8 9626.9 707.1 6467.0 0.0 144631.6 35970.6 9993.3 27025.6 265467.6
2020 11 29 6336.6 1842.9 27070.3 10082.2 771.0 6886.9 0.0 155526.9 36670.9 12324.0 25649.5 283161.2
2020 11 30 6657.8 1793.4 27728.0 9760.5 639.1 6671.5 0.0 154498.4 36283.0 10626.0 22640.8 277298.4
2020 12 1 10765.9 1783.9 47884.3 10520.5 1006.3 7567.1 0.0 148171.6 39364.5 9288.7 15714.1 292066.9
2020 12 2 10314.6 1897.1 44387.0 10586.1 1041.4 7570.7 0.0 149895.8 42468.9 10465.6 25806.2 304433.4
2020 12 3 9793.3 1748.2 41874.7 9977.1 1041.4 7316.2 0.0 147431.2 37573.3 11879.9 16669.6 285304.9
2020 12 4 10421.1 1830.4 45466.0 11183.0 1041.4 8437.2 0.0 149654.4 43371.6 7616.5 21409.6 300431.1
2020 12 5 9021.6 1679.5 36762.4 10525.3 966.4 7891.3 0.0 136021.0 41975.3 7161.9 26179.6 278184.3
2020 12 6 8968.3 1754.3 40070.6 10948.1 973.7 8271.8 0.0 139061.7 43392.8 8467.6 27994.2 289903.3
2020 12 7 9266.6 1780.4 42718.4 11017.1 964.6 8357.6 0.0 135914.2 44457.0 7656.8 21479.0 283611.6
2020 12 8 11142.3 1807.3 50468.2 11805.5 1193.5 9217.0 0.0 159559.1 47777.9 6121.6 16820.6 315913.1
2020 12 9 10786.6 1816.0 48084.3 11389.3 1065.5 8868.0 0.0 152928.1 49115.5 6460.5 23311.3 313825.1
2020 12 10 9802.2 1732.9 44655.3 11000.2 1104.3 8746.5 0.0 145638.4 46295.8 7091.0 16568.6 292635.3
2020 12 11 11150.0 1795.1 49573.3 11985.1 1044.7 9675.0 0.0 152362.7 50926.1 3285.7 22428.3 314226.1
2020 12 12 10123.2 1593.9 43621.1 11103.2 966.4 8972.4 0.0 136113.2 48027.6 3207.8 27249.2 290978.0
2020 12 13 9733.6 1661.7 43130.9 11494.5 973.7 9323.0 0.0 141218.5 49529.9 3682.5 27619.4 298367.7
2020 12 14 9266.6 1681.5 43751.9 11579.0 1193.5 9443.6 0.0 148818.7 50469.8 3627.2 21262.3 301094.1
2020 12 15 11142.3 1824.9 50493.7 12837.3 1193.5 10569.2 0.0 159559.1 56026.8 2784.6 18689.3 325120.8
2020 12 16 11142.3 1698.8 50002.5 11932.5 1163.6 9804.5 0.0 158246.0 53101.7 2487.0 22477.3 322056.2
2020 12 17 11150.0 1665.7 50175.8 11667.9 1065.5 9625.8 0.0 152928.1 51857.9 2788.1 18312.6 311237.2
2020 12 18 9802.2 1680.0 43083.5 11729.7 1074.6 9658.9 0.0 142910.5 52304.9 2492.8 24664.0 299401.2
2020 12 19 9573.0 1590.3 40505.2 11022.4 960.7 9082.8 0.0 137118.8 49871.2 2452.6 27294.6 289471.6
2020 12 20 9559.0 1647.9 42723.0 11400.0 994.2 9440.4 0.0 141019.4 51211.6 2675.9 25967.4 296638.9
2020 12 21 8563.5 1706.0 34917.4 11727.8 939.3 9681.8 0.0 133781.7 53280.8 2424.6 23586.5 280609.5
2020 12 22 10314.6 1721.2 44800.6 11880.4 1006.3 9890.4 0.0 148171.6 53847.5 2182.2 20668.7 304483.5
2020 12 23 10765.9 1732.1 47451.1 11880.5 1052.3 9902.4 0.0 149895.8 54680.8 2025.8 20123.1 309509.8
2020 12 24 9802.2 1733.8 43462.8 11866.8 1100.7 9913.0 0.0 144249.7 54899.9 2237.6 18161.6 297428.2
2020 12 25 9802.2 1686.5 44052.8 11527.5 1070.4 9593.1 0.0 144299.2 53060.0 1998.1 24566.4 301656.3
2020 12 26 8609.3 1576.7 36299.6 10769.1 966.4 8944.8 0.0 135161.1 49672.1 1934.4 25218.7 279152.2
2020 12 27 11180.6 1588.3 48890.3 10899.4 1111.1 9084.0 0.0 152122.5 49718.3 2010.3 25797.4 312402.2
2020 12 28 9992.5 1633.9 44498.6 11680.2 1100.2 9517.5 0.0 147505.6 49692.7 1241.8 22964.2 299827.2
2020 12 29 11654.4 1578.1 50727.4 11383.2 1084.9 9316.5 0.0 157512.1 48599.1 1408.2 21603.8 314867.7
2020 12 30 11142.3 1740.5 50193.5 12567.5 1193.5 10255.0 0.0 159559.1 53677.0 1288.4 21314.3 322931.0
2020 12 31 11150.0 1652.3 50575.5 11825.3 1089.0 9684.6 0.0 158389.4 51014.4 1408.5 19741.6 316530.6
2021 1 1 9315.4 2004.9 41066.2 13000.2 1061.9 9986.2 0.0 156786.3 49120.7 13.9 25680.7 308036.5
2021 1 2 8637.6 1862.3 35416.1 12174.2 933.2 9330.1 0.0 156300.9 45877.6 15.6 29364.1 299911.8
2021 1 3 8215.8 2152.0 36247.1 13954.3 988.9 10690.9 0.0 156300.9 52373.2 15.3 25020.1 305958.6
2021 1 4 7804.9 1926.3 34071.1 12477.7 927.0 9571.6 0.0 149694.8 46630.3 14.6 23444.2 286562.5
2021 1 5 8523.7 2019.4 39074.8 13212.2 1090.7 10123.2 0.0 156786.3 49349.0 15.5 24998.5 305193.2
2021 1 6 8776.9 2087.9 38725.0 13571.6 1129.0 10436.5 0.0 156786.3 51408.6 15.4 33651.0 316588.3
2021 1 7 8396.8 2094.6 38725.0 13362.9 1081.2 10271.8 0.0 156786.3 50395.2 14.3 28951.2 310079.3
2021 1 8 8679.7 2071.3 38725.0 13197.0 1102.4 10156.8 0.0 156786.3 50023.5 14.7 26650.5 307407.1
2021 1 9 8564.3 1967.6 37319.8 12574.2 931.3 9665.9 0.0 156300.9 47736.5 15.7 29139.0 304215.2
2021 1 10 9151.3 2188.5 40756.4 13909.0 1094.6 10681.2 0.0 162609.1 52319.4 15.4 24200.8 316925.7
2021 1 11 9228.7 1984.0 38518.0 12694.0 1028.8 9755.1 0.0 155027.6 47439.4 15.1 22128.6 297819.2
2021 1 12 10626.9 2128.5 45115.6 13622.9 1080.6 10498.1 0.0 162609.1 51429.9 16.0 26005.0 323132.5
2021 1 13 10648.0 2102.1 44765.7 13423.6 1109.9 10362.7 0.0 162609.1 51034.8 15.5 33154.1 329225.6
2021 1 14 9959.6 2134.5 43456.5 13436.1 1101.3 10367.1 0.0 162609.1 50725.9 14.8 28197.4 322002.3
2021 1 15 9581.8 2108.7 42306.6 13218.6 1039.1 10245.8 0.0 157756.4 50588.7 15.2 27222.7 314083.6
2021 1 16 8554.6 2020.1 37319.8 12687.8 958.6 9824.1 0.0 156300.9 48531.8 16.2 28920.6 305134.6
2021 1 17 8214.9 2203.4 36247.1 13798.8 1006.9 10663.6 0.0 156300.9 52222.8 15.9 24076.1 304750.3
2021 1 18 7948.8 2084.4 36127.9 13055.2 925.0 10107.8 0.0 149975.3 49126.8 16.8 20920.5 290288.5
2021 1 19 9965.2 2275.0 43806.3 14024.1 1102.8 10935.5 0.0 162609.1 54012.5 18.4 29049.0 327797.8
2021 1 20 10736.6 2187.6 44765.7 13449.6 1097.9 10486.3 0.0 162609.1 51674.1 17.5 31705.7 328730.1
2021 1 21 9800.7 2244.2 42634.6 13733.2 1101.0 10702.0 0.0 162609.1 52526.6 17.3 27594.7 322963.4
2021 1 22 9587.7 2213.8 42463.0 13520.1 1114.6 10581.3 0.0 162609.1 52626.4 18.2 28191.5 322925.8
2021 1 23 10776.6 2149.8 44558.2 13150.8 1104.0 10276.5 0.0 162609.1 50898.9 18.8 28462.4 324005.1
2021 1 24 11122.7 2274.9 46368.4 13878.8 1120.6 10821.4 0.0 162609.1 53433.2 18.5 23656.1 325303.6
2021 1 25 10030.0 2145.4 41934.3 13086.5 1028.8 10221.4 0.0 155027.6 50276.6 20.2 20475.6 304246.4
2021 1 26 10817.6 2340.0 45875.7 14152.0 1080.6 11125.9 0.0 162609.1 55667.8 22.6 32218.6 335909.8
2021 1 27 10648.0 2259.0 44765.7 13661.5 1099.9 10693.6 0.0 162609.1 53426.6 21.3 29987.4 329172.1
2021 1 28 9581.8 2266.1 42634.6 13674.5 1141.1 10683.4 0.0 162609.1 54056.7 20.7 28766.4 325434.4
2021 1 29 9581.8 2227.6 42306.6 13388.0 1039.1 10496.0 0.0 157756.4 53898.1 21.6 29271.4 319986.6
2021 1 30 9006.3 2219.3 40103.4 13383.5 1106.1 10465.8 0.0 162609.1 53296.8 22.7 29531.2 321744.4
2021 1 31 9815.0 2315.7 42980.4 13865.7 1127.7 10806.0 0.0 162609.1 55716.1 27.5 24118.5 323381.7
2021 2 1 9653.6 2156.9 39374.2 13013.1 1059.6 10334.5 0.0 150107.9 51683.4 31.0 21459.7 298873.9
2021 2 2 11072.7 2365.4 46335.8 14156.9 1081.0 11271.9 0.0 163067.1 57477.2 33.2 33652.6 340514.0
2021 2 3 11072.7 2297.9 46335.8 13867.6 1088.7 11002.2 0.0 163067.1 55332.3 27.0 28845.8 332937.2
2021 2 4 10303.3 2272.6 43499.5 13654.4 1093.3 10812.4 0.0 161752.3 55712.7 28.5 29882.8 329011.9
2021 2 5 10056.4 2216.5 43349.8 13184.9 1093.3 10435.6 0.0 161752.3 54266.1 29.0 29386.7 325770.6
2021 2 6 9832.3 2245.2 42141.8 13425.4 1088.9 10586.9 0.0 156042.7 54463.5 30.0 30826.1 320682.8
2021 2 7 10180.4 2339.0 42857.8 13875.1 1088.9 10909.0 0.0 156956.3 57161.7 38.7 24997.4 320404.3
2021 2 8 8071.3 2147.1 38068.5 12721.4 1103.5 9979.5 0.0 150107.9 52031.0 41.5 21910.1 296181.7
2021 2 9 10016.3 2335.1 43686.1 13769.4 1072.0 10798.1 0.0 158349.0 57181.3 42.0 32929.2 330178.5
2021 2 10 10016.3 2266.0 43594.9 13508.9 1120.9 10539.9 0.0 161752.3 55004.1 36.1 28978.3 326817.7
2021 2 11 9709.1 2201.5 41870.8 13096.0 1072.0 10165.7 0.0 154431.0 54414.6 57.3 30061.1 317079.0
2021 2 12 8976.0 2065.9 38886.9 12160.0 1077.4 9432.0 0.0 153256.3 50843.0 55.3 29435.9 306188.6
2021 2 13 9032.6 2170.8 36904.6 12845.2 967.1 9932.7 0.0 144611.9 53112.4 59.5 30963.8 300600.8
2021 2 14 8531.4 2276.3 37776.7 13386.1 997.4 10301.1 0.0 150589.7 55728.6 72.2 25520.5 305180.1
2021 2 15 8182.8 2070.5 37617.8 12194.0 979.4 9324.1 0.0 143787.7 50150.9 76.2 21327.2 285710.7
2021 2 16 9231.6 2278.7 39416.5 13403.6 1077.4 10222.6 0.0 157101.9 55637.5 74.3 30703.5 319147.5
2021 2 17 8862.5 2216.1 38886.9 13183.4 1072.0 10020.8 0.0 154431.0 53797.9 65.8 28692.8 311229.2
2021 2 18 9709.1 2167.7 41870.8 12897.4 1072.0 9747.7 0.0 154431.0 52684.1 69.1 27461.1 312110.0
2021 2 19 9364.4 1995.0 40178.5 11753.8 1030.5 8875.1 0.0 154174.1 48303.1 64.6 27480.7 303219.7
2021 2 20 8566.1 2081.7 35264.8 12310.1 998.4 9267.5 0.0 146729.7 50124.0 70.0 28492.9 293905.2
2021 2 21 9202.1 2234.0 39943.3 13233.6 997.4 9912.1 0.0 151340.7 53304.3 75.5 24399.3 304642.3
2021 2 22 7961.7 2023.3 35459.5 11933.0 984.8 8869.7 0.0 142232.2 47235.7 70.7 23830.6 280601.2
2021 2 23 9031.8 2161.7 39416.5 12805.2 1077.4 9504.4 0.0 156299.9 50854.4 65.6 28894.1 310110.8
2021 2 24 9709.1 2182.6 41870.8 13039.5 1072.0 9614.0 0.0 154431.0 51267.4 66.2 28051.9 311304.5
2021 2 25 9226.6 2120.1 38886.9 12369.7 1077.4 8981.6 0.0 155495.9 48286.1 53.6 26219.7 302717.7
2021 2 26 9340.2 1893.0 39457.9 11127.0 1077.4 8100.5 0.0 155495.9 43789.8 44.8 25839.5 296166.1
2021 2 27 8271.3 2054.6 34522.0 12115.9 979.3 8786.8 0.0 143073.8 47066.0 50.4 24770.5 281690.6
2021 2 28 8919.8 2158.9 38497.5 12716.1 979.3 9179.1 0.0 146231.0 48863.8 51.3 24197.7 291794.6
2021 3 1 7643.8 1959.5 31718.1 11407.5 853.9 7903.9 0.0 151803.2 42867.6 45.6 29233.4 285436.6
2021 3 2 7643.8 2150.2 34476.7 12539.8 883.6 8678.9 0.0 164726.0 46958.4 44.3 26156.6 304258.3
2021 3 3 6239.5 2152.7 32599.9 12474.5 872.5 8602.9 0.0 153623.7 46606.1 42.0 27094.0 290307.7
2021 3 4 5288.7 2112.8 27960.4 11849.4 838.7 8053.3 0.0 152095.2 44062.4 52.7 25639.8 277953.4
2021 3 5 5288.7 1998.7 27588.3 11246.0 808.5 7654.3 0.0 150751.5 42112.2 44.2 23103.4 270595.9
2021 3 6 5827.6 2124.4 26134.5 12100.1 734.9 8215.0 0.0 138796.9 44307.3 49.9 21820.1 260110.7
2021 3 7 6655.2 2157.4 29395.7 12165.2 811.0 8212.2 0.0 148877.6 44145.4 53.0 26723.7 279196.3
2021 3 8 7643.8 2003.7 31718.1 11174.1 853.9 7518.1 0.0 151803.2 39873.5 48.2 26959.7 279596.3
2021 3 9 7643.8 2213.0 34476.7 12369.9 883.6 8280.6 0.0 164726.0 43568.6 50.0 26337.5 300549.6
2021 3 10 7643.8 2131.2 34393.3 11937.2 883.0 7961.3 0.0 165485.0 41659.0 46.8 29665.5 301806.1
2021 3 11 7643.8 2058.4 33892.4 11137.3 938.7 7300.7 0.0 164603.4 38702.7 55.8 28903.2 295236.5
2021 3 12 6502.6 2048.0 30483.8 11135.8 802.5 7277.5 0.0 150074.9 38515.0 51.2 24775.4 271666.7
2021 3 13 5827.6 2127.7 23435.6 11743.7 641.8 7683.9 0.0 138796.9 39987.4 53.9 22208.1 252506.6
2021 3 14 5827.6 2173.5 24151.9 11974.9 649.9 7780.4 0.0 142645.2 40386.3 57.5 26210.2 261857.3
2021 3 15 5679.8 2095.0 24639.5 11504.7 677.1 7427.7 0.0 137293.5 37926.0 56.0 24339.0 251638.1
2021 3 16 6239.5 2225.7 32128.3 12206.3 863.5 7846.3 0.0 150701.8 39966.5 57.7 27555.9 279791.6
2021 3 17 5310.6 2201.3 27988.4 12007.4 838.0 7681.5 0.0 152976.8 39035.0 56.5 29819.2 277914.7
2021 3 18 5288.7 2125.4 28019.7 11585.7 838.7 7353.9 0.0 152095.2 37504.0 54.8 28085.2 272951.4
2021 3 19 4316.0 2174.8 22944.3 11843.9 734.9 7476.0 0.0 147817.0 38286.3 55.7 26918.7 262567.6
2021 3 20 5827.6 2150.9 23435.6 11861.0 704.7 7503.8 0.0 138796.9 37818.4 55.9 22684.1 250839.0
2021 3 21 6529.9 2180.3 28527.2 12088.2 769.3 7612.5 0.0 148877.6 38161.0 58.8 25057.3 269862.0
2021 3 22 6689.4 2160.9 30135.4 11998.2 774.4 7481.9 0.0 137363.8 37250.4 58.9 23378.0 257291.2
2021 3 23 6239.5 2210.3 32866.0 12248.4 870.3 7575.9 0.0 150701.8 37929.0 58.7 26589.2 277289.3
2021 3 24 6239.5 2130.6 29617.1 11824.5 849.5 7262.9 0.0 153807.3 36366.8 57.1 29377.3 277532.6
2021 3 25 6239.5 2105.2 30077.4 11654.2 847.2 6977.9 0.0 152742.1 35602.2 63.7 26867.9 273177.3
2021 3 26 6179.1 2128.5 29860.4 11727.1 844.2 6981.9 0.0 150074.9 35969.6 64.2 28760.6 272590.4
2021 3 27 5267.8 2050.8 21070.2 11381.5 611.1 6734.4 0.0 140100.7 34184.6 59.9 22874.9 244336.1
2021 3 28 4997.6 2105.5 25406.7 11457.1 735.7 6695.8 0.0 140963.8 34357.9 66.0 25256.3 252042.5
2021 3 29 4107.8 2064.8 17213.8 11268.5 617.5 6509.8 0.0 137840.9 33524.1 65.3 24214.2 237426.7
2021 3 30 3486.0 2099.1 19276.0 11444.6 633.3 6549.1 0.0 140550.2 33869.0 65.1 23988.6 241961.0
2021 3 31 3486.0 2056.9 17243.8 10914.7 631.2 6118.1 0.0 141992.4 32639.1 64.9 26852.7 241999.8
2021 4 1 3520.4 2075.0 18889.6 11067.3 618.0 5840.5 0.0 141033.8 32677.0 72.8 24684.0 240478.4
2021 4 2 3520.4 2088.5 18912.3 10988.0 624.2 5725.2 0.0 141029.9 32637.6 74.2 27430.9 243031.3
2021 4 3 3473.8 2049.7 18789.3 10785.9 666.6 5535.2 0.0 132219.4 31084.4 69.4 20677.9 225351.7
2021 4 4 3535.1 2039.0 19564.2 10439.3 668.6 5268.7 0.0 140706.5 30259.6 74.4 24190.1 236745.5
2021 4 5 4119.2 2021.7 19585.5 10359.1 651.9 5163.9 0.0 136368.9 29907.4 75.3 23621.4 231874.3
2021 4 6 4309.5 2041.2 23425.3 10498.6 684.2 5181.1 0.0 146571.9 30109.4 74.2 20364.2 243259.6
2021 4 7 5227.1 2002.7 28316.7 9953.6 826.0 4723.7 0.0 150273.6 28627.9 74.8 26064.1 256090.2
2021 4 8 4123.7 1997.9 21339.6 9814.0 615.3 4480.2 0.0 149505.7 28159.5 82.5 24451.3 244569.7
2021 4 9 3445.6 1970.3 18912.3 9622.6 642.2 4357.3 0.0 142155.5 27672.6 81.1 27983.2 236842.9
2021 4 10 3437.8 2021.7 17579.7 9855.3 637.6 4334.7 0.0 129825.5 27307.1 79.3 21079.5 216158.2
2021 4 11 3535.1 2049.8 19564.2 9679.3 669.3 4170.1 0.0 140478.5 27250.0 85.1 24379.2 231860.7
2021 4 12 3539.6 1963.2 17785.8 9373.9 610.0 3993.5 0.0 136368.9 25854.3 81.7 25479.3 225050.2
2021 4 13 3520.4 1955.8 18934.7 9399.8 633.2 3969.8 0.0 141984.5 25750.3 81.4 20909.2 227139.1
2021 4 14 3520.4 2063.9 18934.7 9685.8 633.4 3987.5 0.0 143352.4 26881.3 87.2 28024.7 237171.4
2021 4 15 3520.4 1983.8 18889.6 9264.5 617.3 3709.9 0.0 141033.8 25412.3 84.7 25872.5 230388.8
2021 4 16 3445.6 1989.7 18235.2 9299.6 646.7 3705.2 0.0 148532.9 25682.7 86.1 28128.2 239752.0
2021 4 17 3520.4 2031.0 18789.3 9554.0 660.0 3782.3 0.0 135798.7 25493.5 83.5 24175.7 223888.3
2021 4 18 4138.4 2074.9 21841.6 9689.6 686.5 3821.0 0.0 140507.6 26364.2 89.4 27241.3 236454.5
2021 4 19 3516.0 2019.1 17513.5 9595.3 634.4 3761.4 0.0 137766.8 25475.6 86.0 27669.8 228037.9
2021 4 20 3445.6 1972.2 18257.5 9429.5 640.3 3633.8 24.9 146793.0 24631.3 82.9 20930.8 229841.7
2021 4 21 3445.6 2118.1 17725.1 10070.7 576.4 3883.3 25.4 151693.3 26919.8 92.1 31260.7 247810.5
2021 4 22 2752.3 2018.3 13501.6 9610.8 573.8 3671.4 29.6 144343.9 25357.5 87.0 27904.2 229850.4
2021 4 23 3445.6 1928.3 18235.2 9191.3 646.7 3438.2 49.5 148532.9 24215.7 81.7 30181.2 239946.4
2021 4 24 3445.6 1955.7 17953.4 9164.0 646.9 3360.2 51.5 129222.7 23603.2 78.5 27591.1 217072.8
2021 4 25 2443.6 2043.9 13319.2 9558.8 533.8 3498.3 58.7 143955.1 25188.9 86.5 29490.6 230177.5
2021 4 26 3258.1 1954.9 15256.9 9341.8 581.2 3387.6 58.0 138476.6 23902.9 80.6 32045.5 228344.2
2021 4 27 3520.4 1940.1 18934.7 9133.1 634.4 3134.4 103.2 142630.8 22730.1 77.6 22329.2 225168.0
2021 4 28 3445.6 1990.0 17725.1 9336.0 576.4 3224.6 103.4 151693.3 24005.5 84.1 33558.1 245742.1
2021 4 29 2396.3 2011.0 12276.9 9402.3 573.8 3191.3 127.8 144343.9 23991.8 83.3 29197.2 227595.6
2021 4 30 2239.0 1911.1 12093.1 8960.2 560.8 2962.2 131.1 146501.5 22785.5 78.7 29589.6 227812.8
2021 5 1 2234.3 1817.9 12201.4 8267.2 641.7 2628.7 181.2 129559.3 20582.4 70.7 28442.0 206626.8
2021 5 2 2234.3 1892.7 13766.3 8678.9 645.8 2763.1 187.4 144015.0 21724.6 76.8 29126.7 225111.6
2021 5 3 3610.8 1974.2 16924.9 9079.5 729.8 2854.5 201.5 139861.6 22602.4 78.6 32185.3 230103.3
2021 5 4 2842.1 1878.4 14109.5 8554.4 677.4 2517.0 246.7 140175.2 20513.2 71.2 23941.8 215527.0
2021 5 5 2234.3 1860.7 12306.8 8486.4 688.6 2495.5 247.4 144743.7 20877.1 74.8 31529.4 225544.7
2021 5 6 2470.4 1986.8 12584.9 8925.5 688.6 2539.2 296.6 144743.7 21933.5 78.2 30263.6 226511.0
2021 5 7 2470.4 1801.8 12700.7 8205.0 675.7 2246.0 289.7 142281.4 19604.9 68.7 28674.9 219019.2
2021 5 8 2234.3 1740.7 11180.5 7461.2 611.0 1839.3 334.3 127650.8 18011.8 64.5 26728.5 197857.0
2021 5 9 3610.8 1874.7 18559.5 8070.6 823.7 1961.9 370.4 141936.9 19372.9 70.4 25269.0 221920.7
2021 5 10 3610.8 1941.6 16254.4 8404.0 729.8 2047.7 380.2 139861.6 20052.0 72.7 32240.8 225595.6
2021 5 11 2234.3 1831.1 12639.3 7897.0 638.6 1748.1 421.3 138363.7 18090.2 65.6 24134.5 208063.6
2021 5 12 2234.3 1753.5 11972.5 7591.6 681.0 1646.3 420.4 144743.7 17493.9 64.8 28989.0 217591.0
2021 5 13 2234.3 2010.0 12545.4 8632.8 681.0 1840.5 496.3 144743.7 20133.0 74.8 30321.1 223713.0
2021 5 14 2234.3 1796.3 12722.4 7874.5 699.8 1658.3 453.3 146060.5 17822.2 67.4 26517.9 217906.8
2021 5 15 2234.3 1706.0 12201.4 7198.3 709.2 1355.6 468.5 129559.3 16252.8 62.0 23918.1 195665.5
2021 5 16 2234.3 1862.4 14295.7 7821.8 671.1 1459.0 515.8 145923.5 17709.6 68.3 23444.8 216006.3
2021 5 17 1825.7 1961.1 9371.6 8239.5 659.9 1588.3 525.3 141088.1 18791.6 73.0 31476.6 215600.7
2021 5 18 1825.7 1809.3 10153.8 7758.2 668.6 1464.2 497.0 146512.0 17043.3 64.1 21878.9 209675.1
2021 5 19 1863.1 1780.4 11640.8 7670.8 699.2 1445.8 498.4 148522.8 16944.2 64.7 26813.0 217943.3
2021 5 20 1825.7 2018.2 10292.7 8657.7 692.0 1616.8 578.9 152249.7 19304.8 73.9 31255.6 228566.1
2021 5 21 1825.7 1805.3 10198.4 7859.0 689.0 1477.8 519.1 149787.4 17169.8 66.5 24990.6 216388.6
2021 5 22 1825.7 1739.1 9546.3 7497.5 699.3 1371.5 507.6 155477.6 16066.4 61.2 21497.7 216289.9
2021 5 23 1825.7 1970.9 11762.3 8349.5 716.2 1507.3 604.4 152897.8 18567.3 71.2 22481.5 220754.1
2021 5 24 2234.3 1942.3 11561.3 8315.5 684.2 1497.5 644.9 136065.3 18155.0 70.8 31343.7 212514.8
2021 5 25 1863.1 1833.1 11586.0 7993.1 684.2 1435.4 622.1 140272.2 16921.9 63.4 18879.1 202153.5
2021 5 26 1863.1 1811.3 11640.8 7860.1 699.2 1400.7 635.2 148522.8 16837.8 60.8 26967.1 218299.1
2021 5 27 1825.7 2060.5 10395.6 8938.0 713.8 1562.0 852.5 153466.7 19388.2 69.7 29267.3 228540.0
2021 5 28 1825.7 1820.6 10174.0 7776.0 717.6 1372.9 744.0 167825.8 16886.0 62.8 24056.1 233261.4
2021 5 29 1825.7 1783.3 9546.3 7632.4 699.3 1345.5 728.4 155477.6 16110.6 57.4 22133.8 217340.4
2021 5 30 1825.7 1930.5 11532.0 8130.0 728.4 1410.6 825.7 171841.8 17853.6 65.0 23412.8 239556.0
2021 5 31 1825.7 1927.2 9872.4 8219.7 676.3 1416.2 921.8 142305.1 17622.3 64.8 29757.5 214609.0
2021 6 1 1090.2 1826.3 7759.9 7830.6 596.9 1311.9 888.7 123787.8 16299.8 50.0 19245.7 180687.8
2021 6 2 1135.1 1858.7 8312.9 7836.7 596.9 1294.0 959.2 130124.0 16709.6 68.2 28777.3 197672.7
2021 6 3 1230.7 2032.8 8847.1 8513.2 596.9 1390.7 1104.3 130124.0 18082.6 74.5 27521.5 199518.3
2021 6 4 1479.8 1846.1 10255.4 7478.6 596.9 1232.3 990.0 130124.0 16016.7 67.9 25253.8 195341.4
2021 6 5 1089.3 1815.6 7849.1 7338.0 596.9 1205.6 975.4 105814.0 15400.1 181.4 26285.6 168551.0
2021 6 6 1479.9 1991.9 9382.9 7883.2 596.9 1271.9 1104.1 128882.1 17145.3 315.9 23793.5 193847.5
2021 6 7 1351.2 2001.1 9408.2 8003.3 596.9 1280.2 1202.1 120694.3 16799.1 317.0 29224.2 190877.6
2021 6 8 1134.9 1867.6 8271.7 7514.2 596.9 1193.5 1172.8 123787.8 15571.5 290.4 22369.1 183770.4
2021 6 9 1248.5 1923.6 9447.2 7606.4 596.9 1188.3 1260.2 130124.0 16153.0 337.6 30564.8 200450.6
2021 6 10 1265.5 2056.8 9809.0 8130.4 596.9 1255.8 1405.4 130124.0 16998.0 367.2 24900.4 196909.4
2021 6 11 1240.6 1901.7 9447.2 7270.8 596.9 1130.0 1282.0 130124.0 15325.2 368.2 26149.8 194836.5
2021 6 12 975.1 1858.5 6822.6 7029.3 596.9 1090.4 1239.2 105814.0 14704.5 573.2 27423.1 168126.7
2021 6 13 1017.8 2030.8 7139.5 7509.2 596.9 1150.0 1369.0 128882.1 16140.0 830.4 25889.0 192554.7
2021 6 14 1090.2 2049.5 7789.2 7659.8 596.9 1169.1 1415.2 120694.3 15845.9 879.2 28444.5 187633.9
2021 6 15 1090.2 1953.6 7789.2 7305.8 596.9 1108.2 1386.4 123787.8 15011.0 850.7 23689.5 184569.2
2021 6 16 1282.3 1988.4 9664.6 7345.7 596.9 1104.2 1447.3 130124.0 15486.4 882.1 31311.0 201232.9
2021 6 17 1203.6 2089.6 9172.1 7673.9 596.9 1155.1 1479.8 130124.0 15854.2 922.2 25701.0 195972.3
2021 6 18 939.0 1965.9 7666.1 7189.3 596.9 1081.0 1378.8 130124.0 14709.8 948.8 27450.1 194049.6
2021 6 19 835.2 1927.9 6210.6 6960.9 596.9 1045.6 1334.8 105814.0 14161.7 1125.7 25655.6 165668.7
2021 6 20 1017.8 2133.7 7168.8 7503.4 596.9 1118.0 1482.7 128882.1 15871.4 1540.4 28935.2 196250.4
2021 6 21 922.6 2130.3 7211.5 7546.0 596.9 1122.0 1485.4 117631.2 15456.4 1666.8 28720.1 184489.1
2021 6 22 1058.2 2082.6 8987.5 7372.1 596.9 1091.2 1490.1 120724.6 15043.4 1636.7 22761.9 182845.1
2021 6 23 952.9 2058.2 6937.3 7172.2 587.8 1051.1 1496.6 130124.0 15171.3 1919.3 30340.9 197811.6
2021 6 24 1180.6 2247.8 9203.0 7707.0 596.9 1116.9 1707.2 130124.0 16855.0 2293.1 28165.7 201197.2
2021 6 25 939.0 2042.0 6833.5 7105.2 587.8 1028.7 1541.4 130124.0 15170.0 2407.4 27546.3 195325.2
2021 6 26 968.1 1985.7 7694.5 6937.3 596.9 996.9 1532.8 105814.0 14523.0 2371.6 22081.9 165502.5
2021 6 27 994.9 2175.2 6446.2 7255.9 596.9 1024.3 1694.7 128882.1 16903.1 2705.1 31150.7 199829.0
2021 6 28 1070.2 2129.4 8921.4 7259.9 596.9 1021.3 1705.6 117631.2 16443.6 3001.3 28351.2 188132.1
2021 6 29 1058.2 2089.1 8987.5 7153.7 596.9 999.9 1718.7 120724.6 16069.3 3173.3 20168.5 182739.7
2021 6 30 1186.7 2037.3 9055.3 6800.6 596.9 931.7 1717.2 130124.0 16136.9 3498.4 29558.0 201643.0
2021 7 1 1000.5 2274.4 6820.0 7614.7 559.6 1020.8 2138.7 129263.1 18732.8 5151.3 32841.7 207417.6
2021 7 2 995.2 2000.7 6597.1 6849.0 559.6 919.8 1870.3 127501.0 16232.9 5535.9 28578.3 197639.8
2021 7 3 827.7 1973.1 6544.6 6857.8 559.6 914.9 1890.9 107644.1 15749.9 5354.9 21137.2 169454.7
2021 7 4 801.3 2150.9 6260.9 7111.9 608.5 924.1 2103.6 118580.7 18387.3 5722.0 31951.7 194602.7
2021 7 5 754.1 2126.2 5884.1 7164.8 547.8 925.8 2145.4 114427.7 18111.9 6418.2 29305.0 187811.0
2021 7 6 935.6 2058.4 6820.0 6976.5 559.6 894.9 2127.0 122235.4 17401.5 6610.1 19396.7 186015.6
2021 7 7 945.7 2021.7 6933.7 6695.4 608.5 838.7 2144.2 128223.4 17558.3 6561.4 29639.5 202170.4
2021 7 8 952.2 2278.2 6933.7 7242.3 608.5 885.7 2525.8 129263.1 20812.5 7515.1 34984.5 214001.7
2021 7 9 857.5 2029.0 6484.9 6560.1 608.5 800.0 2270.1 125277.9 18427.3 8339.3 29351.0 201005.6
2021 7 10 670.0 1948.6 6109.2 6439.3 595.3 783.1 2215.9 98712.5 17349.8 8060.9 19892.5 162777.2
2021 7 11 756.5 2136.4 5844.0 6749.0 568.6 798.1 2473.7 113745.4 20248.3 8261.8 30099.4 191681.1
2021 7 12 728.2 2114.1 5796.8 6814.0 547.8 806.0 2508.5 116123.5 19972.3 9196.3 29768.5 194375.9
2021 7 13 750.0 2001.1 6296.1 6507.4 595.3 765.3 2412.0 116486.1 18779.7 9528.0 20177.5 184298.6
2021 7 14 778.5 2022.7 5796.8 6499.1 547.8 751.4 2476.5 123513.8 19333.1 8643.3 29846.5 200209.4
2021 7 15 785.1 2142.4 5796.8 6737.8 547.8 770.9 2656.8 123513.8 21100.1 9123.2 33892.2 207066.9
2021 7 16 785.1 2049.5 5796.8 6529.5 568.6 743.8 2588.9 123513.8 20189.8 10334.3 30899.3 203999.5
2021 7 17 648.2 1924.8 5831.6 6237.0 568.6 716.4 2396.0 97016.8 18468.2 9963.3 19610.3 163381.3
2021 7 18 756.5 2043.2 5931.2 6501.5 568.6 741.7 2583.6 112049.7 20109.6 9732.5 29199.7 190217.8
2021 7 19 750.0 2107.6 6296.1 6763.3 605.6 775.8 2688.7 117141.3 20566.2 11106.8 29665.9 198467.4
2021 7 20 693.2 2016.3 6006.8 6496.8 582.5 742.9 2582.0 118045.5 19553.3 11321.1 20879.9 188920.2
2021 7 21 736.3 2042.9 6022.5 6564.3 582.5 744.6 2632.4 124501.3 20002.4 9961.3 30170.4 203960.8
2021 7 22 736.5 2064.7 6296.1 6596.6 595.9 746.4 2684.3 125073.2 20335.7 10513.0 28415.0 204057.3
2021 7 23 736.5 2155.7 6296.1 6905.9 595.9 775.9 2846.3 124531.7 21421.5 12168.0 31611.3 210044.9
2021 7 24 522.3 1933.5 5782.8 6218.9 563.8 701.2 2511.9 98713.6 18628.0 12020.6 19199.1 166795.7
2021 7 25 604.5 2019.6 5882.4 6422.3 563.8 713.7 2679.2 113746.5 19899.1 12203.9 26300.2 191035.3
2021 7 26 632.6 2081.5 6022.5 6677.6 563.8 747.7 2784.8 117473.6 20432.5 13633.0 28399.1 199448.7
2021 7 27 693.2 2023.3 6022.5 6517.8 582.5 729.4 2710.2 117473.6 19773.9 13812.2 20722.6 191061.2
2021 7 28 736.3 2077.1 6022.5 6533.9 582.5 720.2 2768.5 124501.3 20394.9 15728.8 30633.5 210699.4
2021 7 29 604.3 1927.4 5036.9 6120.3 507.5 678.4 2592.1 123514.9 18805.7 14911.0 23361.5 198060.1
2021 7 30 742.8 2146.5 5954.0 6743.4 582.5 739.3 2904.9 123514.9 21209.1 17653.7 32134.7 214325.7
2021 7 31 582.9 1936.1 5767.1 6069.3 582.5 668.6 2586.1 100271.8 18528.3 17395.4 16898.8 171287.0
2021 8 1 609.2 1946.3 5128.3 6096.1 615.2 671.6 2672.9 111484.4 19103.1 18585.9 22857.3 189770.4
2021 8 2 649.6 2015.5 5621.1 6366.1 638.4 705.5 2787.3 115920.6 19799.9 19668.0 28091.2 202263.1
2021 8 3 773.7 1991.7 5936.5 6297.6 718.2 697.7 2748.6 119919.9 19495.3 19364.6 19838.8 197782.8
2021 8 4 660.9 2013.4 5224.4 6207.0 670.1 674.9 2770.2 129294.7 19750.8 21688.0 31458.8 220413.1
2021 8 5 613.0 1842.5 4301.8 5740.1 503.6 626.3 2562.3 121490.6 18104.2 19997.0 21550.3 197331.6
2021 8 6 616.5 2073.1 4464.2 6375.7 503.6 687.7 2882.9 124747.2 20593.3 23522.6 32397.0 218863.8
2021 8 7 586.4 1860.0 4877.9 5720.3 630.6 622.3 2571.9 94894.5 17897.8 22285.8 15740.4 167688.0
2021 8 8 667.6 1877.9 5114.2 5701.7 647.1 606.8 2634.3 111484.4 18376.2 24484.1 19092.0 190686.3
2021 8 9 773.7 2007.6 5958.2 6120.9 718.2 649.2 2843.5 116107.7 19820.0 26354.1 28143.9 209496.9
2021 8 10 706.4 1917.9 5936.5 5866.1 710.2 625.8 2707.3 120349.7 18756.9 24786.3 19723.0 202086.1
2021 8 11 720.8 1864.0 5667.9 5546.7 721.0 582.1 2617.4 130040.9 18244.0 26443.7 33482.6 225930.9
2021 8 12 758.5 1761.8 6110.1 5294.6 741.9 556.6 2503.4 122783.4 17356.1 23736.9 22683.7 204287.0
2021 8 13 819.0 1990.2 6203.0 5873.4 731.0 611.1 2816.1 127781.5 19797.2 27605.4 31220.1 225448.0
2021 8 14 677.0 1841.6 5827.8 5507.0 692.3 585.6 2608.4 97517.1 17894.0 25633.1 17013.8 175797.7
2021 8 15 773.9 1762.9 6093.9 5202.8 708.9 550.0 2497.1 114106.9 17190.1 26448.2 17970.5 193305.1
2021 8 16 765.1 1945.6 6051.0 5723.3 699.2 601.0 2777.1 116107.7 19204.6 28716.2 29638.8 212229.7
2021 8 17 734.2 1884.3 5324.9 5571.1 636.5 589.9 2681.3 117163.7 18371.7 27139.4 19230.6 199327.7
2021 8 18 782.6 1862.3 5569.7 5434.4 672.5 569.0 2660.9 118870.1 18418.5 26961.8 32533.5 214335.2
2021 8 19 821.9 1761.3 6203.0 5199.3 731.0 547.2 2533.2 124524.9 17441.6 24150.6 25181.9 209095.7
2021 8 20 819.0 1905.4 6058.8 5566.3 715.8 580.8 2723.6 122519.2 19008.0 26647.8 30579.2 217124.0
2021 8 21 677.0 1803.3 5827.8 5348.3 692.3 569.5 2589.5 96537.3 17698.3 24796.7 20655.0 177194.9
2021 8 22 694.7 1819.8 6014.7 5315.0 719.9 566.1 2570.4 112365.5 17933.3 25893.8 18625.9 192519.1
2021 8 23 765.1 1938.5 6051.0 5670.0 699.2 602.9 2715.5 116107.7 19190.1 27386.5 29497.2 210623.8
2021 8 24 765.1 1896.9 6029.3 5620.5 699.2 605.7 2633.2 118218.1 18408.3 25548.4 20036.5 200461.2
2021 8 25 782.6 1885.9 5569.7 5519.1 672.5 592.8 2608.3 118870.1 18488.3 25300.6 32972.2 213262.1
2021 8 26 1230.1 1919.7 9372.0 5717.8 829.8 632.3 2540.7 136463.4 18794.6 24101.6 26255.3 227857.3
2021 8 27 1159.1 1929.3 8180.8 5716.4 802.9 625.4 2527.4 128371.8 18947.2 24765.7 28156.8 221182.8
2021 8 28 896.4 1801.6 6772.1 5445.2 651.9 610.6 2364.2 105452.0 17120.1 20592.9 21962.0 183668.9
2021 8 29 1100.7 1953.4 7997.1 5874.3 693.1 667.7 2459.2 129033.0 18673.0 21396.8 22513.7 212362.1
2021 8 30 1321.4 1926.8 10688.1 5819.3 965.2 663.2 2374.4 119346.2 18295.8 21694.8 29519.4 212614.6
2021 8 31 1178.9 1913.3 9156.5 5871.3 824.6 677.0 2319.2 120980.0 17769.4 19956.0 20953.2 201599.2
2021 9 1 948.9 1955.9 6374.0 6008.4 773.3 704.6 2376.6 132324.9 18364.4 20072.7 32199.5 222103.2
2021 9 2 1164.8 2052.3 7746.7 6376.7 806.5 770.5 2312.4 131547.8 19157.9 19871.7 30001.9 221809.0
2021 9 3 833.5 1887.6 5473.2 5829.0 674.0 697.1 2099.9 131545.4 17532.1 19544.7 29409.4 215525.9
2021 9 4 665.4 1768.6 4671.3 5567.9 588.1 677.6 1951.6 107561.8 15763.7 15654.3 23096.6 177966.8
2021 9 5 894.3 2081.5 5846.6 6402.7 688.2 783.0 2205.3 127962.6 18919.3 17399.3 26535.6 209718.6
2021 9 6 1277.5 1980.6 8806.1 6110.3 842.9 751.8 1994.2 130194.4 17617.2 17029.5 29852.8 216457.3
2021 9 7 1221.2 1932.3 8376.5 6032.3 1026.1 749.3 1885.3 129755.9 16764.9 15568.4 22089.1 205401.2
2021 9 8 1214.5 1898.1 8073.7 5838.0 1037.6 729.9 1808.1 130470.6 16286.7 13948.8 32652.2 213958.2
2021 9 9 1164.8 2173.1 7746.7 6615.5 831.6 841.4 1898.8 131547.8 18727.1 15283.0 33206.9 220036.6
2021 9 10 1061.1 1916.6 7128.1 5826.6 766.6 737.8 1633.8 129691.0 16314.3 14648.2 29764.8 209489.0
2021 9 11 942.7 1807.0 6326.1 5652.9 689.8 729.3 1493.9 105707.5 14528.4 10912.5 24024.8 172815.1
2021 9 12 1121.9 2058.4 7705.1 6264.9 761.7 810.6 1648.4 126108.3 16955.3 11346.4 31064.9 205845.9
2021 9 13 1277.5 2021.5 8806.1 6113.4 817.8 791.2 1560.0 130194.4 16382.1 11764.4 30307.2 210035.5
2021 9 14 1183.2 1949.7 8376.5 5910.3 854.3 768.7 1441.6 131139.6 15477.8 10940.4 21197.1 199239.2
2021 9 15 1176.5 1879.1 8073.7 5593.2 865.8 733.0 1337.9 130470.6 14758.5 9220.1 30333.9 204442.3
2021 9 16 1214.5 2169.8 7746.7 6293.4 1033.4 824.6 1499.8 131547.8 17219.3 9852.2 34596.3 213997.6
2021 9 17 1110.8 1894.3 7128.1 5518.0 1044.1 723.0 1300.0 129691.0 14706.9 10123.2 29646.9 202886.3
2021 9 18 942.7 1881.3 6326.1 5609.4 689.8 736.8 1294.1 105707.5 14219.2 9801.8 23395.2 170604.0
2021 9 19 1171.6 2057.3 7705.1 5913.8 1077.6 780.6 1379.3 126108.3 15915.4 9760.7 29914.6 201784.3
2021 9 20 1315.5 1981.9 8663.1 5720.1 772.7 774.2 1297.1 128810.7 15117.2 9866.4 30685.9 205004.7
2021 9 21 1221.2 1937.3 7850.6 5601.3 762.8 764.5 1238.3 124459.4 14616.4 10197.5 20081.3 188730.7
2021 9 22 1214.5 1875.4 8028.0 5314.7 851.2 733.4 1156.9 131671.4 14142.3 8899.9 28998.6 202886.1
2021 9 23 1214.5 2109.9 7387.1 5953.3 782.9 873.5 1245.3 129696.8 16144.0 8681.3 32392.9 206481.4
2021 9 24 1110.8 1966.3 6908.1 5711.1 720.3 937.9 1077.8 130891.8 14946.2 8802.8 26397.4 199470.7
2021 9 25 942.7 1903.6 6326.1 5876.8 977.5 984.0 1046.4 105707.5 14142.9 8495.7 23820.5 170223.8
2021 9 26 1121.9 2014.5 7705.1 5945.0 761.7 976.8 1097.9 126108.3 15262.1 8373.0 27705.5 197071.8
2021 9 27 1315.5 1970.5 8806.1 6392.2 1034.1 1238.3 959.4 128810.7 14972.8 8296.6 28694.3 202490.5
2021 9 28 1221.2 1947.5 8016.9 6453.4 771.4 1282.6 907.0 124459.4 14759.4 8545.9 19070.1 187434.9
2021 9 29 1307.3 1988.9 8536.1 6980.1 845.8 1546.2 788.0 126263.6 15457.9 7105.0 27821.3 198640.1
2021 9 30 2115.4 2028.7 11791.3 6857.0 947.4 1448.0 882.6 124186.1 15762.1 6627.2 29555.3 202201.1
