year month house_pred houseCooking_pred houseJHeating_pred salesOne_pred salesTwo_pred bizHeating_pred bizCooling_pred industry_pred heatFacility_pred heatCombined_pred CNG_pred pred_sum
2019 10 75302.7 49339.7 492563.7 215686.6 19956.0 71937.5 3596.1 3635299.4 493133.6 78462.9 597878.8 5733157.1
2019 11 126292.9 47125.2 675194.0 257932.9 19773.6 152571.9 0.0 3988698.5 850979.0 228231.6 605857.8 6952657.3
2019 12 249005.6 47749.1 1228900.4 314027.8 31491.6 262250.5 0.0 4450978.7 1455381.1 92671.8 668228.3 8800684.7
2020 1 237121.7 57314.9 1142887.8 365632.4 29484.0 293192.1 0.0 4615895.9 1573038.8 537.7 746877.7 9061983.2
2020 2 226479.7 54503.4 1062148.9 322432.9 27007.7 251545.8 0.0 4199695.1 1464498.4 1415.3 701132.0 8310859.3
2020 3 156348.8 58143.1 807009.5 327036.7 18288.9 220426.6 0.0 4288612.3 1213134.5 1355.6 717618.3 7807974.3
2020 4 89437.5 53350.2 516020.5 261275.5 17031.7 115264.7 566.3 3926949.3 789155.9 1613.5 703372.5 6474037.6
2020 5 60835.8 51127.5 375693.9 221430.4 19078.7 50200.6 13544.6 4160329.7 554787.0 1480.3 736273.4 6244782.2
2020 6 28313.3 53520.4 210116.2 208095.9 13833.6 32441.0 38251.7 3508018.3 467943.9 47608.9 711457.6 5319600.8
2020 7 20075.2 57466.5 166585.5 189244.8 13425.5 23048.7 72169.4 3456409.9 592562.9 364667.3 756566.3 5712222.1
2020 8 20919.0 53588.1 173608.0 159249.6 16971.6 17932.9 74255.1 3428198.4 573138.8 678104.4 716879.5 5912845.5
2020 9 29526.0 52263.6 209077.6 164545.4 19865.5 24078.4 41194.1 3617435.4 453482.4 411606.4 748560.3 5771635.0
2020 10 83835.7 56391.4 467491.5 234966.2 20549.6 76685.5 6277.6 3963359.8 498380.0 151026.4 641005.4 6199969.3
2020 11 153860.1 52918.3 727105.3 273831.9 20450.8 154424.6 0.0 4325848.1 857851.2 300927.4 660589.1 7527806.9
2020 12 315902.2 53019.2 1395301.6 353711.6 32743.0 283622.2 0.0 4565218.6 1521262.7 131854.3 691663.5 9344299.0
2021 1 292299.5 66258.8 1269180.7 414338.8 32854.6 321033.7 0.0 4929810.5 1587844.5 541.3 844753.7 9758916.0
2021 2 262103.6 60994.2 1125972.7 361746.9 29478.5 276907.4 0.0 4301099.8 1465777.1 1479.5 769211.4 8654771.2
2021 3 185444.5 65677.3 862875.2 364271.1 24297.1 232912.6 0.0 4613505.5 1214141.8 1714.4 807449.7 8372289.2
2021 4 104806.8 60282.5 551082.0 292124.0 18969.9 122896.6 763.0 4263701.8 799939.1 2436.1 786504.9 7003506.8
2021 5 68865.0 57922.0 376240.0 252045.7 21420.0 55513.1 15216.1 4506536.2 576439.4 2118.5 831938.8 6764254.8
2021 6 33528.1 60097.5 248490.8 223892.6 17888.7 34159.7 40967.0 3719860.0 476058.2 35664.0 797429.7 5688036.3
2021 7 23499.1 63827.8 189886.4 206717.5 17819.7 24485.2 76499.3 3655595.3 596515.8 312480.8 838963.5 6006290.3
2021 8 24900.2 58913.8 193332.3 177327.4 21656.2 19154.2 81301.7 3658854.0 575942.0 745653.2 769574.4 6326609.3
2021 9 34688.0 59089.6 228454.7 180281.8 25097.1 25900.1 44817.7 3780343.1 480933.6 356633.3 838512.8 6054751.8
