insu_sum
121015
142806
129058
111220
161623
170287
175123
174817
171819
150541
123472
170069
169368
162032
156924
153792
119655
120223
169445
162378
160588
160178
162848
117593
113731
157835
164499
159641
159237
149258
123514
116351
165018
165749
169473
161149
148293
124485
118816
160538
153397
151453
162890
160506
128775
122103
160620
143725
102549
94847
95738
99093
103213
157635
157866
151259
150914
157493
124302
116238
166252
162756
167419
160052
149720
121804
104252
139884
151537
146098
145568
141971
117783
111788
147223
148874
165610
161545
159146
125680
128308
178837
185281
179507
178207
164564
132105
114870
157019
159098
160821
163212
172532
135020
105653
159712
164064
147395
148196
135211
97627
90074
137017
145701
138484
152266
153234
103436
90081
125355
120201
116892
116640
117691
99094
77816
106450
115827
112430
115287
106691
88519
86230
104543
95969
116820
106856
113513
96677
86819
133519
141003
127039
115551
118206
87307
80170
128030
116476
112153
120856
119213
90702
75773
87388
97200
111374
118861
109286
89574
78100
119730
128769
128703
126972
129293
87167
82980
121355
123120
119260
128961
123193
96599
94385
121528
127616
120477
117365
122290
93442
78650
118865
112280
106535
107243
103240
87244
78644
103033
104658
118716
116292
118561
94293
78425
115461
127226
122806
114185
105553
91086
85059
118586
113942
108343
114659
113279
86501
75722
115781
127145
123658
112623
103887
72832
57602
89104
90924
96051
108465
102026
73885
62125
99789
101073
94846
95178
95270
70708
58866
104742
112737
109214
104080
79930
67062
59031
101734
100406
98093
106352
100935
72059
60316
107522
112671
113898
115508
114508
94457
65502
116799
126856
119001
120852
113995
110132
79981
129846
131551
124530
118751
103821
91416
75077
106821
122204
126544
115778
110669
88487
66037
109543
111116
120107
117199
90767
70135
66155
71058
101543
113843
123678
110034
81086
70423
127652
123451
142781
139079
99933
77687
61715
114880
117673
112854
136700
146137
115377
91070
137681
140651
135447
137788
127265
93588
80892
134604
134591
136344
135341
121823
102442
91840
121069
139254
135035
137362
134734
108815
99417
149277
156843
164151
140546
146546
100423
84188
153662
166635
175241
164282
244220
133774
105024
149343
156886
217927
216111
166063
143045
156516
166696
261095
175782
176152
217205
138648
194303
183552
59475
0
39269
148247
127444
154188
213727
157476
160008
288095
175915
145608
221064
166892
163141
244762
154960
142712
226756
523609
233109
160133
230732
161366
