year month date day holiday
2014 1 1 2 1
2014 1 2 3 0
2014 1 3 4 0
2014 1 4 5 0
2014 1 5 6 0
2014 1 6 0 0
2014 1 7 1 0
2014 1 8 2 0
2014 1 9 3 0
2014 1 10 4 0
2014 1 11 5 0
2014 1 12 6 0
2014 1 13 0 0
2014 1 14 1 0
2014 1 15 2 0
2014 1 16 3 0
2014 1 17 4 0
2014 1 18 5 0
2014 1 19 6 0
2014 1 20 0 0
2014 1 21 1 0
2014 1 22 2 0
2014 1 23 3 0
2014 1 24 4 0
2014 1 25 5 0
2014 1 26 6 0
2014 1 27 0 0
2014 1 28 1 0
2014 1 29 2 0
2014 1 30 3 1
2014 1 31 4 1
2014 2 1 5 1
2014 2 2 6 0
2014 2 3 0 0
2014 2 4 1 0
2014 2 5 2 0
2014 2 6 3 0
2014 2 7 4 0
2014 2 8 5 0
2014 2 9 6 0
2014 2 10 0 0
2014 2 11 1 0
2014 2 12 2 0
2014 2 13 3 0
2014 2 14 4 0
2014 2 15 5 0
2014 2 16 6 0
2014 2 17 0 0
2014 2 18 1 0
2014 2 19 2 0
2014 2 20 3 0
2014 2 21 4 0
2014 2 22 5 0
2014 2 23 6 0
2014 2 24 0 0
2014 2 25 1 0
2014 2 26 2 0
2014 2 27 3 0
2014 2 28 4 0
2014 3 1 5 1
2014 3 2 6 0
2014 3 3 0 0
2014 3 4 1 0
2014 3 5 2 0
2014 3 6 3 0
2014 3 7 4 0
2014 3 8 5 0
2014 3 9 6 0
2014 3 10 0 0
2014 3 11 1 0
2014 3 12 2 0
2014 3 13 3 0
2014 3 14 4 0
2014 3 15 5 0
2014 3 16 6 0
2014 3 17 0 0
2014 3 18 1 0
2014 3 19 2 0
2014 3 20 3 0
2014 3 21 4 0
2014 3 22 5 0
2014 3 23 6 0
2014 3 24 0 0
2014 3 25 1 0
2014 3 26 2 0
2014 3 27 3 0
2014 3 28 4 0
2014 3 29 5 0
2014 3 30 6 0
2014 3 31 0 0
2014 4 1 1 0
2014 4 2 2 0
2014 4 3 3 0
2014 4 4 4 0
2014 4 5 5 0
2014 4 6 6 0
2014 4 7 0 0
2014 4 8 1 0
2014 4 9 2 0
2014 4 10 3 0
2014 4 11 4 0
2014 4 12 5 0
2014 4 13 6 0
2014 4 14 0 0
2014 4 15 1 0
2014 4 16 2 0
2014 4 17 3 0
2014 4 18 4 0
2014 4 19 5 0
2014 4 20 6 0
2014 4 21 0 0
2014 4 22 1 0
2014 4 23 2 0
2014 4 24 3 0
2014 4 25 4 0
2014 4 26 5 0
2014 4 27 6 0
2014 4 28 0 0
2014 4 29 1 0
2014 4 30 2 0
2014 5 1 3 0
2014 5 2 4 0
2014 5 3 5 0
2014 5 4 6 0
2014 5 5 0 1
2014 5 6 1 1
2014 5 7 2 0
2014 5 8 3 0
2014 5 9 4 0
2014 5 10 5 0
2014 5 11 6 0
2014 5 12 0 0
2014 5 13 1 0
2014 5 14 2 0
2014 5 15 3 0
2014 5 16 4 0
2014 5 17 5 0
2014 5 18 6 0
2014 5 19 0 0
2014 5 20 1 0
2014 5 21 2 0
2014 5 22 3 0
2014 5 23 4 0
2014 5 24 5 0
2014 5 25 6 0
2014 5 26 0 0
2014 5 27 1 0
2014 5 28 2 0
2014 5 29 3 0
2014 5 30 4 0
2014 5 31 5 0
2014 6 1 6 0
2014 6 2 0 0
2014 6 3 1 0
2014 6 4 2 0
2014 6 5 3 0
2014 6 6 4 1
2014 6 7 5 0
2014 6 8 6 0
2014 6 9 0 0
2014 6 10 1 0
2014 6 11 2 0
2014 6 12 3 0
2014 6 13 4 0
2014 6 14 5 0
2014 6 15 6 0
2014 6 16 0 0
2014 6 17 1 0
2014 6 18 2 0
2014 6 19 3 0
2014 6 20 4 0
2014 6 21 5 0
2014 6 22 6 0
2014 6 23 0 0
2014 6 24 1 0
2014 6 25 2 0
2014 6 26 3 0
2014 6 27 4 0
2014 6 28 5 0
2014 6 29 6 0
2014 6 30 0 0
2014 7 1 1 0
2014 7 2 2 0
2014 7 3 3 0
2014 7 4 4 0
2014 7 5 5 0
2014 7 6 6 0
2014 7 7 0 0
2014 7 8 1 0
2014 7 9 2 0
2014 7 10 3 0
2014 7 11 4 0
2014 7 12 5 0
2014 7 13 6 0
2014 7 14 0 0
2014 7 15 1 0
2014 7 16 2 0
2014 7 17 3 0
2014 7 18 4 0
2014 7 19 5 0
2014 7 20 6 0
2014 7 21 0 0
2014 7 22 1 0
2014 7 23 2 0
2014 7 24 3 0
2014 7 25 4 0
2014 7 26 5 0
2014 7 27 6 0
2014 7 28 0 0
2014 7 29 1 0
2014 7 30 2 0
2014 7 31 3 0
2014 8 1 4 0
2014 8 2 5 0
2014 8 3 6 0
2014 8 4 0 0
2014 8 5 1 0
2014 8 6 2 0
2014 8 7 3 0
2014 8 8 4 0
2014 8 9 5 0
2014 8 10 6 0
2014 8 11 0 0
2014 8 12 1 0
2014 8 13 2 0
2014 8 14 3 0
2014 8 15 4 1
2014 8 16 5 0
2014 8 17 6 0
2014 8 18 0 0
2014 8 19 1 0
2014 8 20 2 0
2014 8 21 3 0
2014 8 22 4 0
2014 8 23 5 0
2014 8 24 6 0
2014 8 25 0 0
2014 8 26 1 0
2014 8 27 2 0
2014 8 28 3 0
2014 8 29 4 0
2014 8 30 5 0
2014 8 31 6 0
2014 9 1 0 0
2014 9 2 1 0
2014 9 3 2 0
2014 9 4 3 0
2014 9 5 4 0
2014 9 6 5 0
2014 9 7 6 1
2014 9 8 0 1
2014 9 9 1 1
2014 9 10 2 1
2014 9 11 3 0
2014 9 12 4 0
2014 9 13 5 0
2014 9 14 6 0
2014 9 15 0 0
2014 9 16 1 0
2014 9 17 2 0
2014 9 18 3 0
2014 9 19 4 0
2014 9 20 5 0
2014 9 21 6 0
2014 9 22 0 0
2014 9 23 1 0
2014 9 24 2 0
2014 9 25 3 0
2014 9 26 4 0
2014 9 27 5 0
2014 9 28 6 0
2014 9 29 0 0
2014 9 30 1 0
2014 10 1 2 0
2014 10 2 3 0
2014 10 3 4 1
2014 10 4 5 0
2014 10 5 6 0
2014 10 6 0 0
2014 10 7 1 0
2014 10 8 2 0
2014 10 9 3 1
2014 10 10 4 0
2014 10 11 5 0
2014 10 12 6 0
2014 10 13 0 0
2014 10 14 1 0
2014 10 15 2 0
2014 10 16 3 0
2014 10 17 4 0
2014 10 18 5 0
2014 10 19 6 0
2014 10 20 0 0
2014 10 21 1 0
2014 10 22 2 0
2014 10 23 3 0
2014 10 24 4 0
2014 10 25 5 0
2014 10 26 6 0
2014 10 27 0 0
2014 10 28 1 0
2014 10 29 2 0
2014 10 30 3 0
2014 10 31 4 0
2014 11 1 5 0
2014 11 2 6 0
2014 11 3 0 0
2014 11 4 1 0
2014 11 5 2 0
2014 11 6 3 0
2014 11 7 4 0
2014 11 8 5 0
2014 11 9 6 0
2014 11 10 0 0
2014 11 11 1 0
2014 11 12 2 0
2014 11 13 3 0
2014 11 14 4 0
2014 11 15 5 0
2014 11 16 6 0
2014 11 17 0 0
2014 11 18 1 0
2014 11 19 2 0
2014 11 20 3 0
2014 11 21 4 0
2014 11 22 5 0
2014 11 23 6 0
2014 11 24 0 0
2014 11 25 1 0
2014 11 26 2 0
2014 11 27 3 0
2014 11 28 4 0
2014 11 29 5 0
2014 11 30 6 0
2014 12 1 0 0
2014 12 2 1 0
2014 12 3 2 0
2014 12 4 3 0
2014 12 5 4 0
2014 12 6 5 0
2014 12 7 6 0
2014 12 8 0 0
2014 12 9 1 0
2014 12 10 2 0
2014 12 11 3 0
2014 12 12 4 0
2014 12 13 5 0
2014 12 14 6 0
2014 12 15 0 0
2014 12 16 1 0
2014 12 17 2 0
2014 12 18 3 0
2014 12 19 4 0
2014 12 20 5 0
2014 12 21 6 0
2014 12 22 0 0
2014 12 23 1 0
2014 12 24 2 0
2014 12 25 3 1
2014 12 26 4 0
2014 12 27 5 0
2014 12 28 6 0
2014 12 29 0 0
2014 12 30 1 0
2014 12 31 2 0
