year month house_pred houseCooking_pred houseJHeating_pred salesOne_pred salesTwo_pred bizHeating_pred bizCooling_pred industry_pred heatFacility_pred heatCombined_pred CNG_pred pred_sum
2019 1 202678.1 , 47902.9 , 1092084.3 , 310717.8 , 28243.3 , 257919.7 , 0.0 , 4383757.7 , 1451435.4 , 346.6 , 639210.6 , 8414296.4
2019 2 180047.6 , 44744.5 , 941754.2 , 269895.8 , 24620.2 , 217935.5 , 0.0 , 3824147.5 , 1308114.2 , 901.8 , 575768.4 , 7387929.7
2019 3 134367.4 , 49000.5 , 750583.8 , 290953.7 , 20065.7 , 201703.0 , 0.0 , 3963945.4 , 1097098.7 , 899.3 , 630070.3 , 7138687.9
2019 4 73965.6 , 45302.1 , 481431.6 , 231675.6 , 16408.4 , 103168.9 , 419.1 , 3710948.7 , 693637.1 , 1085.4 , 618009.1 , 5976051.6
2019 5 47894.0 , 43652.1 , 338909.8 , 197020.4 , 13870.8 , 44619.5 , 12426.2 , 3875882.8 , 505838.7 , 979.4 , 627696.6 , 5708790.2
2019 6 27834.0 , 45629.4 , 282878.5 , 184192.2 , 16171.2 , 30407.3 , 35525.2 , 3215321.1 , 436346.9 , 31330.2 , 636245.7 , 4941881.5
2019 7 19736.2 , 48989.5 , 193742.1 , 166100.4 , 13918.6 , 21474.5 , 63229.6 , 3183414.7 , 571030.4 , 263155.0 , 673978.0 , 5218769.1
2019 8 20001.6 , 44851.3 , 195164.9 , 145281.3 , 18076.0 , 17844.3 , 69733.8 , 3165748.6 , 534547.9 , 421921.1 , 615137.1 , 5248308.0
2019 9 27604.9 , 45395.4 , 246653.4 , 149935.3 , 23331.9 , 22587.3 , 37234.6 , 3285605.3 , 427246.9 , 221929.4 , 656122.7 , 5143647.0
2019 10 75756.3 , 49339.7 , 489617.2 , 215686.6 , 20306.8 , 71937.5 , 3596.1 , 3640115.1 , 493133.6 , 78462.9 , 597878.8 , 5735830.7
2019 11 126433.4 , 47125.2 , 675893.7 , 257932.9 , 19389.8 , 152571.9 , 0.0 , 3891889.6 , 850979.0 , 228231.6 , 605857.8 , 6856304.8
2019 12 251037.7 , 47749.1 , 1228900.4 , 314027.8 , 31449.8 , 262250.5 , 0.0 , 4235217.6 , 1455381.1 , 92671.8 , 668228.3 , 8586913.8
2020 1 247426.3 , 57314.9 , 1176082.7 , 365632.4 , 30067.0 , 293192.1 , 0.0 , 4695762.5 , 1573038.8 , 537.7 , 746877.7 , 9185932.2
2020 2 228683.3 , 54503.4 , 1069376.2 , 322432.9 , 26963.8 , 251545.8 , 0.0 , 4199565.7 , 1464498.4 , 1415.3 , 701132.0 , 8320116.9
2020 3 163699.8 , 58143.1 , 814386.0 , 327036.7 , 21971.2 , 220426.6 , 0.0 , 4287941.9 , 1213134.5 , 1355.6 , 717618.3 , 7825713.8
2020 4 88215.8 , 53350.2 , 517160.7 , 261275.5 , 17005.0 , 115264.7 , 566.3 , 3926974.4 , 789155.9 , 1613.5 , 703372.5 , 6473954.6
2020 5 57900.0 , 51127.5 , 366750.7 , 221430.4 , 20162.3 , 50200.6 , 13544.6 , 4150433.6 , 554787.0 , 1480.3 , 736273.4 , 6224090.6
2020 6 28120.1 , 53520.4 , 224335.3 , 208095.9 , 13909.9 , 32441.0 , 38251.7 , 3489222.7 , 467943.9 , 47608.9 , 711457.6 , 5314907.4
2020 7 20068.8 , 57466.5 , 167054.8 , 189244.8 , 13591.6 , 23048.7 , 72169.4 , 3463373.3 , 592562.9 , 364667.3 , 756566.3 , 5719814.4
2020 8 20903.8 , 53588.1 , 172419.2 , 159249.6 , 17074.4 , 17932.9 , 74255.1 , 3392054.2 , 573138.8 , 678104.4 , 716879.5 , 5875600.0
2020 9 29578.0 , 52263.6 , 211358.4 , 164545.4 , 21269.5 , 24078.4 , 41194.1 , 3606643.2 , 453482.4 , 411606.4 , 748560.3 , 5764579.6
2020 10 82265.6 , 56391.4 , 466233.1 , 234966.2 , 20505.4 , 76685.5 , 6277.6 , 3975477.2 , 498380.0 , 151026.4 , 641005.4 , 6209213.8
2020 11 154092.9 , 52918.3 , 722399.8 , 273831.9 , 19958.0 , 154424.6 , 0.0 , 4360946.8 , 857851.2 , 300927.4 , 660589.1 , 7557940.1
year month house_pred houseCooking_pred houseJHeating_pred salesOne_pred salesTwo_pred bizHeating_pred bizCooling_pred industry_pred heatFacility_pred heatCombined_pred CNG_pred pred_sum
2019 1 201368.1 , 47902.9 , 1093078.4 , 310717.8 , 28802.6 , 257919.7 , 0.0 , 4380975.3 , 1451435.4 , 346.6 , 639210.6 , 8411757.5
2019 2 180879.5 , 44744.5 , 948526.6 , 269895.8 , 24558.7 , 217935.5 , 0.0 , 3841733.1 , 1308114.2 , 901.8 , 575768.4 , 7413058.2
2019 3 130253.4 , 49000.5 , 754738.3 , 290953.7 , 21391.3 , 201703.0 , 0.0 , 3965349.3 , 1097098.7 , 899.3 , 630070.3 , 7141458.0
2019 4 74121.0 , 45302.1 , 482318.8 , 231675.6 , 16348.3 , 103168.9 , 419.1 , 3606470.0 , 693637.1 , 1085.4 , 618009.1 , 5872555.5
2019 5 49438.1 , 43652.1 , 336459.5 , 197020.4 , 15130.0 , 44619.5 , 12426.2 , 3841863.3 , 505838.7 , 979.4 , 627696.6 , 5675123.7
2019 6 29239.7 , 45629.4 , 247733.4 , 184192.2 , 16145.1 , 30407.3 , 35525.2 , 3204442.5 , 436346.9 , 31330.2 , 636245.7 , 4897237.5
2019 7 20053.9 , 48989.5 , 203293.9 , 166100.4 , 13977.1 , 21474.5 , 63229.6 , 3172299.3 , 571030.4 , 263155.0 , 673978.0 , 5217581.6
2019 8 20050.6 , 44851.3 , 200214.2 , 145281.3 , 18611.8 , 17844.3 , 69733.8 , 3188768.4 , 534547.9 , 421921.1 , 615137.1 , 5276962.0
2019 9 28396.9 , 45395.4 , 243015.4 , 149935.3 , 23275.6 , 22587.3 , 37234.6 , 3281826.8 , 427246.9 , 221929.4 , 656122.7 , 5136966.1
2019 10 77420.8 , 49339.7 , 477360.2 , 215686.6 , 20306.8 , 71937.5 , 3596.1 , 3652858.5 , 493133.6 , 78462.9 , 597878.8 , 5737981.5
2019 11 126990.1 , 47125.2 , 667883.2 , 257932.9 , 19573.2 , 152571.9 , 0.0 , 4001474.8 , 850979.0 , 228231.6 , 605857.8 , 6958619.7
2019 12 249906.1 , 47749.1 , 1230713.2 , 314027.8 , 31364.3 , 262250.5 , 0.0 , 4228642.6 , 1455381.1 , 92671.8 , 668228.3 , 8580934.7
2020 1 242899.5 , 57314.9 , 1163449.5 , 365632.4 , 29973.7 , 293192.1 , 0.0 , 4644536.2 , 1573038.8 , 537.7 , 746877.7 , 9117452.6
2020 2 227879.5 , 54503.4 , 1065494.4 , 322432.9 , 27086.8 , 251545.8 , 0.0 , 4187274.2 , 1464498.4 , 1415.3 , 701132.0 , 8303262.8
2020 3 161035.8 , 58143.1 , 813680.7 , 327036.7 , 21163.5 , 220426.6 , 0.0 , 4269025.6 , 1213134.5 , 1355.6 , 717618.3 , 7802620.4
2020 4 88367.7 , 53350.2 , 523935.8 , 261275.5 , 17008.5 , 115264.7 , 566.3 , 3897473.7 , 789155.9 , 1613.5 , 703372.5 , 6451384.4
2020 5 55465.7 , 51127.5 , 366750.7 , 221430.4 , 19164.1 , 50200.6 , 13544.6 , 4142800.8 , 554787.0 , 1480.3 , 736273.4 , 6213025.3
2020 6 28158.0 , 53520.4 , 224194.9 , 208095.9 , 14175.8 , 32441.0 , 38251.7 , 3499823.2 , 467943.9 , 47608.9 , 711457.6 , 5325671.3
2020 7 20068.8 , 57466.5 , 167640.0 , 189244.8 , 13427.5 , 23048.7 , 72169.4 , 3454572.7 , 592562.9 , 364667.3 , 756566.3 , 5711435.0
2020 8 20971.1 , 53588.1 , 171134.2 , 159249.6 , 17024.5 , 17932.9 , 74255.1 , 3436942.5 , 573138.8 , 678104.4 , 716879.5 , 5919220.8
2020 9 29350.9 , 52263.6 , 213998.0 , 164545.4 , 20231.5 , 24078.4 , 41194.1 , 3614801.4 , 453482.4 , 411606.4 , 748560.3 , 5774112.3
2020 10 84011.2 , 56391.4 , 462045.0 , 234966.2 , 20527.8 , 76685.5 , 6277.6 , 3971709.4 , 498380.0 , 151026.4 , 641005.4 , 6203026.1
2020 11 153716.1 , 52918.3 , 723638.8 , 273831.9 , 20294.0 , 154424.6 , 0.0 , 4324281.7 , 857851.2 , 300927.4 , 660589.1 , 7522473.2
