year month house_pred houseCooking_pred houseJHeating_pred salesOne_pred salesTwo_pred bizHeating_pred bizCooling_pred industry_pred heatFacility_pred heatCombined_pred CNG_pred pred_sum
2019 1 197879.4 , 47902.9 , 1092084.3 , 310717.8 , 28802.6 , 257919.7 , 0.0 , 4394169.3 , 1451435.4 , 346.6 , 639210.6 , 8420468.6
2019 2 180067.4 , 44744.5 , 949033.6 , 269895.8 , 24522.3 , 217935.5 , 0.0 , 3841733.1 , 1308114.2 , 901.8 , 575768.4 , 7412716.6
2019 3 130083.6 , 49000.5 , 749161.8 , 290953.7 , 21041.8 , 201703.0 , 0.0 , 4044218.0 , 1097098.7 , 899.3 , 630070.3 , 7214230.8
2019 4 73274.0 , 45302.1 , 485726.2 , 231675.6 , 16352.0 , 103168.9 , 419.1 , 3687055.7 , 693637.1 , 1085.4 , 618009.1 , 5955705.2
2019 5 48429.6 , 43652.1 , 347378.9 , 197020.4 , 13911.4 , 44619.5 , 12426.2 , 3809903.6 , 505838.7 , 979.4 , 627696.6 , 5651856.3
2019 6 28810.0 , 45629.4 , 271537.5 , 184192.2 , 14986.2 , 30407.3 , 35525.2 , 3201542.1 , 436346.9 , 31330.2 , 636245.7 , 4916552.7
2019 7 19900.9 , 48989.5 , 191514.4 , 166100.4 , 14417.3 , 21474.5 , 63229.6 , 3174196.6 , 571030.4 , 263155.0 , 673978.0 , 5207986.7
2019 8 19992.1 , 44851.3 , 191687.6 , 145281.3 , 18543.7 , 17844.3 , 69733.8 , 3184515.3 , 534547.9 , 421921.1 , 615137.1 , 5264055.7
2019 9 27273.3 , 45395.4 , 233578.1 , 149935.3 , 22244.5 , 22587.3 , 37234.6 , 3241757.5 , 427246.9 , 221929.4 , 656122.7 , 5085304.9
2019 10 75374.9 , 49339.7 , 493831.8 , 215686.6 , 20175.3 , 71937.5 , 3596.1 , 3662961.0 , 493133.6 , 78462.9 , 597878.8 , 5762378.2
2019 11 126108.2 , 47125.2 , 672062.9 , 257932.9 , 19431.4 , 152571.9 , 0.0 , 3996049.6 , 850979.0 , 228231.6 , 605857.8 , 6956350.6
2019 12 250907.8 , 47749.1 , 1235403.4 , 314027.8 , 31486.6 , 262250.5 , 0.0 , 4352960.1 , 1455381.1 , 92671.8 , 668228.3 , 8711066.2
2020 1 246794.4 , 57314.9 , 1169595.5 , 365632.4 , 30059.5 , 293192.1 , 0.0 , 4638067.2 , 1573038.8 , 537.7 , 746877.7 , 9121110.4
2020 2 230238.9 , 54503.4 , 1069235.5 , 322432.9 , 27129.9 , 251545.8 , 0.0 , 4170733.6 , 1464498.4 , 1415.3 , 701132.0 , 8292865.7
2020 3 164434.4 , 58143.1 , 814497.5 , 327036.7 , 19387.0 , 220426.6 , 0.0 , 4251624.4 , 1213134.5 , 1355.6 , 717618.3 , 7787658.2
2020 4 89324.0 , 53350.2 , 518827.9 , 261275.5 , 16577.1 , 115264.7 , 566.3 , 3890050.2 , 789155.9 , 1613.5 , 703372.5 , 6439378.0
2020 5 59886.2 , 51127.5 , 366750.7 , 221430.4 , 17214.7 , 50200.6 , 13544.6 , 4154958.2 , 554787.0 , 1480.3 , 736273.4 , 6227653.8
2020 6 28058.2 , 53520.4 , 228778.9 , 208095.9 , 14039.6 , 32441.0 , 38251.7 , 3508273.8 , 467943.9 , 47608.9 , 711457.6 , 5338469.9
2020 7 20279.3 , 57466.5 , 166664.5 , 189244.8 , 13593.0 , 23048.7 , 72169.4 , 3467311.7 , 592562.9 , 364667.3 , 756566.3 , 5723574.5
2020 8 20928.7 , 53588.1 , 172846.5 , 159249.6 , 17131.4 , 17932.9 , 74255.1 , 3424871.4 , 573138.8 , 678104.4 , 716879.5 , 5908926.5
2020 9 29256.3 , 52263.6 , 213382.7 , 164545.4 , 19736.1 , 24078.4 , 41194.1 , 3629946.5 , 453482.4 , 411606.4 , 748560.3 , 5788052.1
2020 10 83380.6 , 56391.4 , 463823.6 , 234966.2 , 20649.6 , 76685.5 , 6277.6 , 3975276.5 , 498380.0 , 151026.4 , 641005.4 , 6207862.8
2020 11 153800.7 , 52918.3 , 718315.8 , 273831.9 , 19427.4 , 154424.6 , 0.0 , 4315773.8 , 857851.2 , 300927.4 , 660589.1 , 7507860.3
2020 12 318781.7 , 53019.2 , 1398458.7 , 353711.6 , 32724.1 , 283622.2 , 0.0 , 4570671.7 , 1521262.7 , 131854.3 , 691663.5 , 9355769.8
