year month date house_pred house_true houseCooking_pred houseCooking_true houseJHeating_pred houseJHeating_true salesOne_pred salesOne_true salesTwo_pred salesTwo_true bizHeating_pred bizHeating_true bizCooling_pred bizCooling_true industry_pred industry_true heatFacility_pred heatFacility_true heatCombined_pred heatCombined_true CNG_pred CNG_true pred_sum true_sum
2018 1 1 4530.6 5576.0 888.7 967.0 28258.4 32590.0 7433.9 6837.0 489.1 513.0 6837.3 6575.0 0.0 0.0 127948.3 115978.0 34324.0 47589.0 10.5 3.0 14621.7 14636.0 225342.5 231264.0
2018 1 2 5595.3 5454.0 1082.5 880.0 33752.2 31471.0 9587.8 6723.0 561.0 501.0 8787.6 6415.0 0.0 0.0 137900.0 112446.0 42123.5 46140.0 12.0 3.0 15779.3 14191.0 255181.1 224224.0
2018 1 3 5635.3 7728.0 974.0 1254.0 34259.4 44912.0 8698.7 9530.0 627.9 710.0 7996.7 9122.0 0.0 0.0 139518.1 160120.0 34753.0 65702.0 9.0 4.0 9852.0 20207.0 242324.1 319289.0
2018 1 4 5658.8 7131.0 1032.3 1194.0 34259.4 41152.0 8772.6 8701.0 725.4 650.0 8030.3 8323.0 0.0 0.0 141200.2 146776.0 39282.8 60227.0 9.8 3.0 13773.2 18523.0 252744.7 292680.0
2018 1 5 5334.5 7423.0 993.3 1238.0 33752.2 41903.0 8425.2 8921.0 786.8 666.0 7716.7 8531.0 0.0 0.0 140671.8 150120.0 35357.8 61599.0 9.0 3.0 11143.7 18945.0 244191.0 299349.0
2018 1 6 4422.7 5609.0 971.0 937.0 28343.8 31735.0 8249.1 6751.0 458.7 504.0 7534.1 6456.0 0.0 0.0 121429.4 113645.0 38143.5 46632.0 12.8 3.0 17206.3 14342.0 226771.5 226614.0
2018 1 7 4213.1 6687.0 1028.4 1119.0 28343.8 37973.0 8460.2 8047.0 614.4 601.0 7694.4 7696.0 0.0 0.0 124237.5 135788.0 42002.8 55718.0 10.5 3.0 16273.7 17137.0 232878.7 270769.0
2018 1 8 4669.8 5583.0 1183.3 925.0 31735.1 31328.0 10005.1 6656.0 652.5 497.0 9154.7 6363.0 0.0 0.0 136009.6 112246.0 45467.0 46058.0 11.2 3.0 16167.7 14166.0 255056.0 223825.0
2018 1 9 5875.9 7197.0 1109.2 1272.0 34259.4 39852.0 9439.0 8593.0 736.9 640.0 8683.4 8200.0 0.0 0.0 139218.0 143724.0 41949.8 58975.0 12.0 3.0 15956.3 18138.0 257240.0 286594.0
2018 1 10 5659.3 7218.0 1078.8 1289.0 34921.7 40293.0 9052.1 8686.0 664.6 647.0 8351.4 8289.0 0.0 0.0 146512.2 145185.0 38942.0 59574.0 9.8 3.0 11735.8 18322.0 256927.7 289506.0
2018 1 11 5689.7 7459.0 1126.5 1332.0 34921.7 41637.0 9309.8 8985.0 725.4 669.0 8566.2 8564.0 0.0 0.0 146512.2 150046.0 43550.0 61569.0 11.0 3.0 15816.4 18936.0 266229.1 299200.0
2018 1 12 5583.2 7609.0 981.1 1348.0 34921.7 42129.0 8203.6 9087.0 722.0 676.0 7557.8 8663.0 0.0 0.0 143733.1 151938.0 34699.7 62345.0 9.0 4.0 11265.4 19175.0 247676.7 302974.0
2018 1 13 4871.9 6519.0 963.1 1157.0 31207.4 36213.0 8028.9 7777.0 651.5 578.0 7379.3 7412.0 0.0 0.0 127424.9 130394.0 38195.5 53505.0 12.5 3.0 17357.2 16456.0 236092.1 260014.0
2018 1 14 4577.7 6814.0 1074.2 1208.0 29849.1 37824.0 8632.9 8108.0 713.8 603.0 7925.7 7728.0 0.0 0.0 126995.1 136142.0 44003.2 55864.0 11.0 3.0 17200.4 17181.0 240983.1 271475.0
2018 1 15 4811.6 5422.0 1190.4 963.0 31676.8 30149.0 9830.0 6455.0 572.1 480.0 9111.9 6150.0 0.0 0.0 129306.8 108457.0 45415.5 44503.0 12.0 3.0 16788.8 13687.0 248715.9 216269.0
2018 1 16 5118.2 8360.0 1190.9 1471.0 31676.8 46035.0 9753.2 9836.0 656.4 747.0 9071.6 9402.0 0.0 0.0 133242.7 165795.0 45456.7 68031.0 12.5 4.0 16943.6 20923.0 253122.6 330604.0
2018 1 17 4940.4 6890.0 1090.6 1211.0 31676.8 37914.0 8962.6 8110.0 622.9 615.0 8340.8 7743.0 0.0 0.0 130281.1 136576.0 39580.0 56042.0 10.5 3.0 12857.2 17236.0 238363.0 272340.0
2018 1 18 5028.1 6986.0 1288.8 1219.0 31676.8 38119.0 10340.6 8149.0 648.2 618.0 9612.7 7780.0 0.0 0.0 129410.9 137422.0 50092.2 56389.0 12.0 3.0 17636.8 17343.0 255747.2 274028.0
2018 1 19 5364.6 7567.0 1012.1 1298.0 32191.7 40684.0 8253.9 8488.0 548.0 668.0 7682.4 8273.0 0.0 0.0 137914.2 146400.0 35344.7 60073.0 10.0 3.0 12338.8 18476.0 240660.4 291930.0
2018 1 20 4142.7 6281.0 1058.7 1077.0 28343.8 33777.0 8445.6 7046.0 545.0 554.0 7855.5 6867.0 0.0 0.0 120280.6 121533.0 42870.2 49869.0 13.5 3.0 19172.7 15337.0 232728.3 242344.0
2018 1 21 3990.2 6385.0 1134.1 1094.0 28289.4 34340.0 8859.3 7164.0 551.2 564.0 8190.8 6982.0 0.0 0.0 123138.7 123562.0 46449.3 50702.0 12.0 3.0 18496.9 15594.0 239111.9 246390.0
2018 1 22 4811.6 5666.0 1194.8 957.0 31676.8 30033.0 9490.4 6259.0 572.1 492.0 8899.2 6099.0 0.0 0.0 129306.8 108211.0 44397.0 44403.0 17.5 3.0 16132.9 13656.0 246499.1 215779.0
2018 1 23 5733.2 8070.0 1209.0 1356.0 34921.7 42533.0 9555.4 8867.0 664.6 697.0 8976.4 8637.0 0.0 0.0 146212.1 153356.0 45308.3 62927.0 18.5 4.0 16945.2 19354.0 269544.3 305801.0
2018 1 24 5659.3 8097.0 1162.0 1358.0 34921.7 42594.0 9130.0 8872.0 664.6 698.0 8554.7 8642.0 0.0 0.0 146512.2 153574.0 42153.8 63016.0 14.5 4.0 13557.6 19381.0 262330.4 306236.0
2018 1 25 5689.7 8726.0 1258.3 1464.0 34921.7 45927.0 9830.3 9556.0 725.4 751.0 9236.6 9301.0 0.0 0.0 146512.2 165521.0 48339.0 67919.0 18.0 4.0 17935.6 20889.0 274466.8 330058.0
2018 1 26 5583.2 9071.0 1007.4 1518.0 34921.7 47644.0 8136.0 9937.0 722.0 777.0 7620.9 9624.0 0.0 0.0 143733.1 171737.0 35877.3 70469.0 16.0 4.0 13094.7 21673.0 250712.3 342454.0
2018 1 27 4877.3 7099.0 1113.6 1188.0 31207.4 37294.0 8813.6 7777.0 651.5 608.0 8220.3 7532.0 0.0 0.0 127424.9 134419.0 45977.2 55156.0 19.5 3.0 19900.0 16964.0 248205.2 268040.0
2018 1 28 4972.9 7821.0 1071.6 1308.0 30611.4 41103.0 8416.9 8566.0 681.5 670.0 7814.4 8298.0 0.0 0.0 130233.0 148122.0 44422.7 60779.0 19.0 3.0 19045.6 18693.0 247288.9 295363.0
2018 1 29 5325.6 6122.0 1250.1 1021.0 34921.7 32065.0 9942.9 6674.0 649.7 522.0 9265.7 6465.0 0.0 0.0 144645.9 115557.0 47767.8 47417.0 24.5 3.0 17967.9 14583.0 271761.9 230429.0
2018 1 30 5733.2 8571.0 1184.8 1409.0 34921.7 44236.0 9552.0 9197.0 664.6 719.0 8915.9 8908.0 0.0 0.0 146212.1 159651.0 45147.2 65510.0 24.5 4.0 17153.2 20148.0 269509.2 318353.0
2018 1 31 5698.2 8617.0 1188.8 1412.0 34259.4 44458.0 9432.9 9264.0 731.6 721.0 8748.4 8759.0 0.0 0.0 139518.1 160007.0 43391.0 65664.0 20.0 4.0 14476.9 20195.0 257465.4 319101.0
