year month house_pred house_true house_mape houseCooking_pred houseCooking_true houseCooking_mape houseJHeating_pred houseJHeating_true houseJHeating_mape salesOne_pred salesOne_true salesOne_mape salesTwo_pred salesTwo_true salesTwo_mape bizHeating_pred bizHeating_true bizHeating_mape bizCooling_pred bizCooling_true bizCooling_mape industry_pred industry_true industry_mape heatFacility_pred heatFacility_true heatFacility_mape heatCombined_pred heatCombined_true heatCombined_mape CNG_pred CNG_true CNG_mape pred_sum true_sum sum_mape
2018 4 52385.1 62467.0 16.1 , 36938.1 32913.0 12.2 , 418098.9 405406.0 3.1 , 225419.5 162012.0 39.1 , 13442.4 9419.0 42.7 , 110229.4 73110.0 50.8 , 437.4 0.0 -1.0 , 3466289.4 3866781.0 10.4 , 578573.6 849207.0 31.9 , 319.7 1182.0 73.0 , 519820.5 537469.0 3.3 , 5421953.9 5999966.0 9.63
2018 5 31842.4 35485.0 10.3 , 37236.8 32299.0 15.3 , 289986.1 268742.0 7.9 , 184469.0 151352.0 21.9 , 7684.4 8559.0 10.2 , 45306.6 31300.0 44.7 , 10665.6 16851.0 36.7 , 3475990.1 3972190.0 12.5 , 430236.1 623908.0 31.0 , 381.4 866.0 56.0 , 529228.7 540220.0 2.0 , 5043027.2 5681772.0 11.24
2018 6 19253.0 18440.0 4.4 , 39715.4 34295.0 15.8 , 209281.7 155090.0 34.9 , 228580.3 119564.0 91.2 , 8139.7 5951.0 36.8 , 38372.5 20536.0 86.9 , 38519.0 37882.0 1.7 , 3136710.5 3407062.0 7.9 , 392457.2 499698.0 21.5 , 50709.8 480.0 10464.5 , 586092.1 551873.0 6.2 , 4747831.4 4850871.0 2.12
2018 7 15781.3 13239.0 19.2 , 43617.8 34556.0 26.2 , 189145.0 113539.0 66.6 , 229442.5 113272.0 102.6 , 8385.9 5237.0 60.1 , 32857.7 14182.0 131.7 , 70411.6 63451.0 11.0 , 3160508.3 3242809.0 2.5 , 537884.2 656053.0 18.0 , 315562.0 331.0 95236.0 , 543727.8 587555.0 7.5 , 5147324.2 4844224.0 6.26
2018 8 16074.9 10604.0 51.6 , 41316.6 33832.0 22.1 , 188022.2 87866.0 114.0 , 219196.2 98920.0 121.6 , 12976.6 7620.0 70.3 , 28816.1 10991.0 162.2 , 80217.4 64624.0 24.1 , 3160264.2 3163215.0 0.1 , 499606.2 634696.0 21.3 , 317372.3 340829.0 6.9 , 528163.2 590027.0 10.5 , 5092026.0 5043224.0 0.97
2018 9 18790.3 15783.0 19.1 , 40964.4 34193.0 19.8 , 201141.8 112152.0 79.3 , 219426.0 92035.0 138.4 , 14187.9 8045.0 76.4 , 35170.1 14537.0 141.9 , 43159.9 26981.0 60.0 , 3075338.1 3222134.0 4.6 , 361025.1 513669.0 29.7 , 168576.5 1407.0 11881.3 , 511236.7 562130.0 9.1 , 4689016.8 4603066.0 1.87
2018 10 49914.1 63091.0 20.9 , 44722.3 39720.0 12.6 , 382054.4 380302.0 0.5 , 250638.9 178003.0 40.8 , 15058.3 15431.0 2.4 , 75385.1 66349.0 13.6 , 5318.1 0.0 -1.0 , 3326012.2 3716197.0 10.5 , 385984.2 659868.0 41.5 , 80811.4 1616.0 4900.7 , 571757.0 538942.0 6.1 , 5187656.2 5659519.0 8.34
2018 11 91318.3 107212.0 14.8 , 43432.3 38189.0 13.7 , 587306.2 569040.0 3.2 , 296437.6 174636.0 69.7 , 14880.9 16059.0 7.3 , 172618.2 104435.0 65.3 , 0.0 0.0 -1.0 , 3768990.4 3850975.0 2.1 , 554681.6 1178069.0 52.9 , 307084.6 1040.0 29427.4 , 561768.3 546473.0 2.8 , 6398518.5 6586128.0 2.85
2018 12 166476.0 218707.0 23.9 , 46851.4 35607.0 31.6 , 995399.7 1072246.0 7.2 , 322162.0 236824.0 36.0 , 23172.3 25656.0 9.7 , 272977.5 205142.0 33.1 , 0.0 0.0 -1.0 , 4360101.0 4092284.0 6.5 , 1059136.1 1677154.0 36.8 , 112339.6 4237.0 2551.4 , 705535.1 574297.0 22.9 , 8064150.7 8142154.0 0.96
2019 1 201099.3 -31.0 -1.0 , 47902.9 -31.0 -1.0 , 1093078.4 -31.0 -1.0 , 310717.8 -31.0 -1.0 , 28760.0 -31.0 -1.0 , 257919.7 -31.0 -1.0 , 0.0 -31.0 -1.0 , 4380975.3 -31.0 -1.0 , 1451435.4 -31.0 -1.0 , 346.6 -31.0 -1.0 , 639210.6 -31.0 -1.0 , 8411446.1 -341.0 -2466799.72
2019 2 179998.8 -28.0 -1.0 , 44744.5 -28.0 -1.0 , 948557.3 -28.0 -1.0 , 269895.8 -28.0 -1.0 , 24556.9 -28.0 -1.0 , 217935.5 -28.0 -1.0 , 0.0 -28.0 -1.0 , 3775612.3 -28.0 -1.0 , 1308114.2 -28.0 -1.0 , 901.8 -28.0 -1.0 , 575768.4 -28.0 -1.0 , 7346085.4 -308.0 -2385192.66
2019 3 134163.4 -31.0 -1.0 , 49000.5 -31.0 -1.0 , 741050.0 -31.0 -1.0 , 290953.7 -31.0 -1.0 , 21452.3 -31.0 -1.0 , 201703.0 -31.0 -1.0 , 0.0 -31.0 -1.0 , 4018454.9 -31.0 -1.0 , 1097098.7 -31.0 -1.0 , 899.3 -31.0 -1.0 , 630070.3 -31.0 -1.0 , 7184846.1 -341.0 -2107092.99
year month house_pred house_true house_mape houseCooking_pred houseCooking_true houseCooking_mape houseJHeating_pred houseJHeating_true houseJHeating_mape salesOne_pred salesOne_true salesOne_mape salesTwo_pred salesTwo_true salesTwo_mape bizHeating_pred bizHeating_true bizHeating_mape bizCooling_pred bizCooling_true bizCooling_mape industry_pred industry_true industry_mape heatFacility_pred heatFacility_true heatFacility_mape heatCombined_pred heatCombined_true heatCombined_mape CNG_pred CNG_true CNG_mape pred_sum true_sum sum_mape
2018 4 52997.2 62467.0 15.2 , 36938.1 32913.0 12.2 , 420393.8 405406.0 3.7 , 225419.5 162012.0 39.1 , 12728.7 9419.0 35.1 , 110229.4 73110.0 50.8 , 437.4 0.0 -1.0 , 3443310.1 3866781.0 11.0 , 578573.6 849207.0 31.9 , 319.7 1182.0 73.0 , 519820.5 537469.0 3.3 , 5401168.0 5999966.0 9.98
2018 5 33188.6 35485.0 6.5 , 37236.8 32299.0 15.3 , 286839.3 268742.0 6.7 , 184469.0 151352.0 21.9 , 7859.1 8559.0 8.2 , 45306.6 31300.0 44.7 , 10665.6 16851.0 36.7 , 3490775.3 3972190.0 12.1 , 430236.1 623908.0 31.0 , 381.4 866.0 56.0 , 529228.7 540220.0 2.0 , 5056186.4 5681772.0 11.01
2018 6 18829.5 18440.0 2.1 , 39715.4 34295.0 15.8 , 206351.0 155090.0 33.1 , 228580.3 119564.0 91.2 , 8254.7 5951.0 38.7 , 38372.5 20536.0 86.9 , 38519.0 37882.0 1.7 , 3151777.0 3407062.0 7.5 , 392457.2 499698.0 21.5 , 50709.8 480.0 10464.5 , 586092.1 551873.0 6.2 , 4759658.6 4850871.0 1.88
2018 7 15394.0 13239.0 16.3 , 43617.8 34556.0 26.2 , 179729.9 113539.0 58.3 , 229442.5 113272.0 102.6 , 8415.8 5237.0 60.7 , 32857.7 14182.0 131.7 , 70411.6 63451.0 11.0 , 3172916.6 3242809.0 2.2 , 537884.2 656053.0 18.0 , 315562.0 331.0 95236.0 , 543727.8 587555.0 7.5 , 5149960.1 4844224.0 6.31
2018 8 16508.2 10604.0 55.7 , 41316.6 33832.0 22.1 , 186397.3 87866.0 112.1 , 219196.2 98920.0 121.6 , 13068.5 7620.0 71.5 , 28816.1 10991.0 162.2 , 80217.4 64624.0 24.1 , 3160851.7 3163215.0 0.1 , 499606.2 634696.0 21.3 , 317372.3 340829.0 6.9 , 528163.2 590027.0 10.5 , 5091513.8 5043224.0 0.96
2018 9 19596.9 15783.0 24.2 , 40964.4 34193.0 19.8 , 200246.7 112152.0 78.5 , 219426.0 92035.0 138.4 , 14166.6 8045.0 76.1 , 35170.1 14537.0 141.9 , 43159.9 26981.0 60.0 , 3144405.9 3222134.0 2.4 , 361025.1 513669.0 29.7 , 168576.5 1407.0 11881.3 , 511236.7 562130.0 9.1 , 4757974.8 4603066.0 3.37
2018 10 48533.8 63091.0 23.1 , 44722.3 39720.0 12.6 , 389446.3 380302.0 2.4 , 250638.9 178003.0 40.8 , 15216.0 15431.0 1.4 , 75385.1 66349.0 13.6 , 5318.1 0.0 -1.0 , 3308789.9 3716197.0 11.0 , 385984.2 659868.0 41.5 , 80811.4 1616.0 4900.7 , 571757.0 538942.0 6.1 , 5176603.1 5659519.0 8.53
2018 11 91460.8 107212.0 14.7 , 43432.3 38189.0 13.7 , 585795.0 569040.0 2.9 , 296437.6 174636.0 69.7 , 14837.6 16059.0 7.6 , 172618.2 104435.0 65.3 , 0.0 0.0 -1.0 , 3715879.3 3850975.0 3.5 , 554681.6 1178069.0 52.9 , 307084.6 1040.0 29427.4 , 561768.3 546473.0 2.8 , 6343995.3 6586128.0 3.68
2018 12 166688.1 218707.0 23.8 , 46851.4 35607.0 31.6 , 991127.6 1072246.0 7.6 , 322162.0 236824.0 36.0 , 22883.0 25656.0 10.8 , 272977.5 205142.0 33.1 , 0.0 0.0 -1.0 , 4430656.3 4092284.0 8.3 , 1059136.1 1677154.0 36.8 , 112339.6 4237.0 2551.4 , 705535.1 574297.0 22.9 , 8130356.7 8142154.0 0.14
2019 1 202951.7 -31.0 -1.0 , 47902.9 -31.0 -1.0 , 1097990.4 -31.0 -1.0 , 310717.8 -31.0 -1.0 , 29165.8 -31.0 -1.0 , 257919.7 -31.0 -1.0 , 0.0 -31.0 -1.0 , 4401216.2 -31.0 -1.0 , 1451435.4 -31.0 -1.0 , 346.6 -31.0 -1.0 , 639210.6 -31.0 -1.0 , 8438857.1 -341.0 -2474838.15
year month house_pred house_true house_mape houseCooking_pred houseCooking_true houseCooking_mape houseJHeating_pred houseJHeating_true houseJHeating_mape salesOne_pred salesOne_true salesOne_mape salesTwo_pred salesTwo_true salesTwo_mape bizHeating_pred bizHeating_true bizHeating_mape bizCooling_pred bizCooling_true bizCooling_mape industry_pred industry_true industry_mape heatFacility_pred heatFacility_true heatFacility_mape heatCombined_pred heatCombined_true heatCombined_mape CNG_pred CNG_true CNG_mape pred_sum true_sum sum_mape
2018 4 52842.8 62467.0 15.4 , 36938.1 32913.0 12.2 , 421764.3 405406.0 4.0 , 225419.5 162012.0 39.1 , 12822.0 9419.0 36.1 , 110229.4 73110.0 50.8 , 437.4 0.0 -1.0 , 3487907.5 3866781.0 9.8 , 578573.6 849207.0 31.9 , 319.7 1182.0 73.0 , 519820.5 537469.0 3.3 , 5447074.8 5999966.0 9.21
2018 5 33906.7 35485.0 4.4 , 37236.8 32299.0 15.3 , 285633.8 268742.0 6.3 , 184469.0 151352.0 21.9 , 7684.4 8559.0 10.2 , 45306.6 31300.0 44.7 , 10665.6 16851.0 36.7 , 3485676.6 3972190.0 12.2 , 430236.1 623908.0 31.0 , 381.4 866.0 56.0 , 529228.7 540220.0 2.0 , 5050425.7 5681772.0 11.11
2018 6 17497.7 18440.0 5.1 , 39715.4 34295.0 15.8 , 200262.3 155090.0 29.1 , 228580.3 119564.0 91.2 , 8324.5 5951.0 39.9 , 38372.5 20536.0 86.9 , 38519.0 37882.0 1.7 , 3137172.5 3407062.0 7.9 , 392457.2 499698.0 21.5 , 50709.8 480.0 10464.5 , 586092.1 551873.0 6.2 , 4737703.5 4850871.0 2.33
2018 7 15743.2 13239.0 18.9 , 43617.8 34556.0 26.2 , 189129.6 113539.0 66.6 , 229442.5 113272.0 102.6 , 8420.3 5237.0 60.8 , 32857.7 14182.0 131.7 , 70411.6 63451.0 11.0 , 3149364.7 3242809.0 2.9 , 537884.2 656053.0 18.0 , 315562.0 331.0 95236.0 , 543727.8 587555.0 7.5 , 5136161.5 4844224.0 6.03
2018 8 15620.9 10604.0 47.3 , 41316.6 33832.0 22.1 , 183923.7 87866.0 109.3 , 219196.2 98920.0 121.6 , 12730.1 7620.0 67.1 , 28816.1 10991.0 162.2 , 80217.4 64624.0 24.1 , 3149692.8 3163215.0 0.4 , 499606.2 634696.0 21.3 , 317372.3 340829.0 6.9 , 528163.2 590027.0 10.5 , 5076655.7 5043224.0 0.66
2018 9 18983.7 15783.0 20.3 , 40964.4 34193.0 19.8 , 210544.2 112152.0 87.7 , 219426.0 92035.0 138.4 , 14213.1 8045.0 76.7 , 35170.1 14537.0 141.9 , 43159.9 26981.0 60.0 , 3096113.1 3222134.0 3.9 , 361025.1 513669.0 29.7 , 168576.5 1407.0 11881.3 , 511236.7 562130.0 9.1 , 4719412.7 4603066.0 2.53
2018 10 49181.1 63091.0 22.0 , 44722.3 39720.0 12.6 , 389382.6 380302.0 2.4 , 250638.9 178003.0 40.8 , 14734.0 15431.0 4.5 , 75385.1 66349.0 13.6 , 5318.1 0.0 -1.0 , 3305848.5 3716197.0 11.0 , 385984.2 659868.0 41.5 , 80811.4 1616.0 4900.7 , 571757.0 538942.0 6.1 , 5173763.4 5659519.0 8.58
2018 11 91511.4 107212.0 14.6 , 43432.3 38189.0 13.7 , 589511.9 569040.0 3.6 , 296437.6 174636.0 69.7 , 14945.3 16059.0 6.9 , 172618.2 104435.0 65.3 , 0.0 0.0 -1.0 , 3620216.3 3850975.0 6.0 , 554681.6 1178069.0 52.9 , 307084.6 1040.0 29427.4 , 561768.3 546473.0 2.8 , 6252207.5 6586128.0 5.07
2018 12 166869.1 218707.0 23.7 , 46851.4 35607.0 31.6 , 995923.4 1072246.0 7.1 , 322162.0 236824.0 36.0 , 23206.4 25656.0 9.5 , 272977.5 205142.0 33.1 , 0.0 0.0 -1.0 , 4363768.4 4092284.0 6.6 , 1059136.1 1677154.0 36.8 , 112339.6 4237.0 2551.4 , 705535.1 574297.0 22.9 , 8068768.9 8142154.0 0.90
2019 1 201841.4 -31.0 -1.0 , 47902.9 -31.0 -1.0 , 1096041.8 -31.0 -1.0 , 310717.8 -31.0 -1.0 , 27350.2 -31.0 -1.0 , 257919.7 -31.0 -1.0 , 0.0 -31.0 -1.0 , 4400520.6 -31.0 -1.0 , 1451435.4 -31.0 -1.0 , 346.6 -31.0 -1.0 , 639210.6 -31.0 -1.0 , 8433287.1 -341.0 -2473204.71
2019 2 180289.8 -28.0 -1.0 , 44744.5 -28.0 -1.0 , 949376.7 -28.0 -1.0 , 269895.8 -28.0 -1.0 , 24664.0 -28.0 -1.0 , 217935.5 -28.0 -1.0 , 0.0 -28.0 -1.0 , 3780930.0 -28.0 -1.0 , 1308114.2 -28.0 -1.0 , 901.8 -28.0 -1.0 , 575768.4 -28.0 -1.0 , 7352620.7 -308.0 -2387314.51
2019 3 131672.5 -31.0 -1.0 , 49000.5 -31.0 -1.0 , 741947.5 -31.0 -1.0 , 290953.7 -31.0 -1.0 , 21087.5 -31.0 -1.0 , 201703.0 -31.0 -1.0 , 0.0 -31.0 -1.0 , 4008364.9 -31.0 -1.0 , 1097098.7 -31.0 -1.0 , 899.3 -31.0 -1.0 , 630070.3 -31.0 -1.0 , 7172797.8 -341.0 -2103559.78
