year month date day holiday
2015 1 1 3 1
2015 1 2 4 0
2015 1 3 5 0
2015 1 4 6 0
2015 1 5 0 0
2015 1 6 1 0
2015 1 7 2 0
2015 1 8 3 0
2015 1 9 4 0
2015 1 10 5 0
2015 1 11 6 0
2015 1 12 0 0
2015 1 13 1 0
2015 1 14 2 0
2015 1 15 3 0
2015 1 16 4 0
2015 1 17 5 0
2015 1 18 6 0
2015 1 19 0 0
2015 1 20 1 0
2015 1 21 2 0
2015 1 22 3 0
2015 1 23 4 0
2015 1 24 5 0
2015 1 25 6 0
2015 1 26 0 0
2015 1 27 1 0
2015 1 28 2 0
2015 1 29 3 0
2015 1 30 4 0
2015 1 31 5 0
2015 2 1 6 0
2015 2 2 0 0
2015 2 3 1 0
2015 2 4 2 0
2015 2 5 3 0
2015 2 6 4 0
2015 2 7 5 0
2015 2 8 6 0
2015 2 9 0 0
2015 2 10 1 0
2015 2 11 2 0
2015 2 12 3 0
2015 2 13 4 0
2015 2 14 5 0
2015 2 15 6 0
2015 2 16 0 0
2015 2 17 1 0
2015 2 18 2 1
2015 2 19 3 1
2015 2 20 4 1
2015 2 21 5 0
2015 2 22 6 0
2015 2 23 0 0
2015 2 24 1 0
2015 2 25 2 0
2015 2 26 3 0
2015 2 27 4 0
2015 2 28 5 0
2015 3 1 6 1
2015 3 2 0 0
2015 3 3 1 0
2015 3 4 2 0
2015 3 5 3 0
2015 3 6 4 0
2015 3 7 5 0
2015 3 8 6 0
2015 3 9 0 0
2015 3 10 1 0
2015 3 11 2 0
2015 3 12 3 0
2015 3 13 4 0
2015 3 14 5 0
2015 3 15 6 0
2015 3 16 0 0
2015 3 17 1 0
2015 3 18 2 0
2015 3 19 3 0
2015 3 20 4 0
2015 3 21 5 0
2015 3 22 6 0
2015 3 23 0 0
2015 3 24 1 0
2015 3 25 2 0
2015 3 26 3 0
2015 3 27 4 0
2015 3 28 5 0
2015 3 29 6 0
2015 3 30 0 0
2015 3 31 1 0
2015 4 1 2 0
2015 4 2 3 0
2015 4 3 4 0
2015 4 4 5 0
2015 4 5 6 0
2015 4 6 0 0
2015 4 7 1 0
2015 4 8 2 0
2015 4 9 3 0
2015 4 10 4 0
2015 4 11 5 0
2015 4 12 6 0
2015 4 13 0 0
2015 4 14 1 0
2015 4 15 2 0
2015 4 16 3 0
2015 4 17 4 0
2015 4 18 5 0
2015 4 19 6 0
2015 4 20 0 0
2015 4 21 1 0
2015 4 22 2 0
2015 4 23 3 0
2015 4 24 4 0
2015 4 25 5 0
2015 4 26 6 0
2015 4 27 0 0
2015 4 28 1 0
2015 4 29 2 0
2015 4 30 3 0
2015 5 1 4 0
2015 5 2 5 0
2015 5 3 6 0
2015 5 4 0 0
2015 5 5 1 1
2015 5 6 2 0
2015 5 7 3 0
2015 5 8 4 0
2015 5 9 5 0
2015 5 10 6 0
2015 5 11 0 0
2015 5 12 1 0
2015 5 13 2 0
2015 5 14 3 0
2015 5 15 4 0
2015 5 16 5 0
2015 5 17 6 0
2015 5 18 0 0
2015 5 19 1 0
2015 5 20 2 0
2015 5 21 3 0
2015 5 22 4 0
2015 5 23 5 0
2015 5 24 6 0
2015 5 25 0 1
2015 5 26 1 0
2015 5 27 2 0
2015 5 28 3 0
2015 5 29 4 0
2015 5 30 5 0
2015 5 31 6 0
2015 6 1 0 0
2015 6 2 1 0
2015 6 3 2 0
2015 6 4 3 0
2015 6 5 4 0
2015 6 6 5 1
2015 6 7 6 0
2015 6 8 0 0
2015 6 9 1 0
2015 6 10 2 0
2015 6 11 3 0
2015 6 12 4 0
2015 6 13 5 0
2015 6 14 6 0
2015 6 15 0 0
2015 6 16 1 0
2015 6 17 2 0
2015 6 18 3 0
2015 6 19 4 0
2015 6 20 5 0
2015 6 21 6 0
2015 6 22 0 0
2015 6 23 1 0
2015 6 24 2 0
2015 6 25 3 0
2015 6 26 4 0
2015 6 27 5 0
2015 6 28 6 0
2015 6 29 0 0
2015 6 30 1 0
2015 7 1 2 0
2015 7 2 3 0
2015 7 3 4 0
2015 7 4 5 0
2015 7 5 6 0
2015 7 6 0 0
2015 7 7 1 0
2015 7 8 2 0
2015 7 9 3 0
2015 7 10 4 0
2015 7 11 5 0
2015 7 12 6 0
2015 7 13 0 0
2015 7 14 1 0
2015 7 15 2 0
2015 7 16 3 0
2015 7 17 4 0
2015 7 18 5 0
2015 7 19 6 0
2015 7 20 0 0
2015 7 21 1 0
2015 7 22 2 0
2015 7 23 3 0
2015 7 24 4 0
2015 7 25 5 0
2015 7 26 6 0
2015 7 27 0 0
2015 7 28 1 0
2015 7 29 2 0
2015 7 30 3 0
2015 7 31 4 0
2015 8 1 5 0
2015 8 2 6 0
2015 8 3 0 0
2015 8 4 1 0
2015 8 5 2 0
2015 8 6 3 0
2015 8 7 4 0
2015 8 8 5 0
2015 8 9 6 0
2015 8 10 0 0
2015 8 11 1 0
2015 8 12 2 0
2015 8 13 3 0
2015 8 14 4 0
2015 8 15 5 1
2015 8 16 6 0
2015 8 17 0 0
2015 8 18 1 0
2015 8 19 2 0
2015 8 20 3 0
2015 8 21 4 0
2015 8 22 5 0
2015 8 23 6 0
2015 8 24 0 0
2015 8 25 1 0
2015 8 26 2 0
2015 8 27 3 0
2015 8 28 4 0
2015 8 29 5 0
2015 8 30 6 0
2015 8 31 0 0
2015 9 1 1 0
2015 9 2 2 0
2015 9 3 3 0
2015 9 4 4 0
2015 9 5 5 0
2015 9 6 6 0
2015 9 7 0 0
2015 9 8 1 0
2015 9 9 2 0
2015 9 10 3 0
2015 9 11 4 0
2015 9 12 5 0
2015 9 13 6 0
2015 9 14 0 0
2015 9 15 1 0
2015 9 16 2 0
2015 9 17 3 0
2015 9 18 4 0
2015 9 19 5 0
2015 9 20 6 0
2015 9 21 0 0
2015 9 22 1 0
2015 9 23 2 0
2015 9 24 3 0
2015 9 25 4 0
2015 9 26 5 1
2015 9 27 6 1
2015 9 28 0 1
2015 9 29 1 1
2015 9 30 2 0
2015 10 1 3 0
2015 10 2 4 0
2015 10 3 5 1
2015 10 4 6 0
2015 10 5 0 0
2015 10 6 1 0
2015 10 7 2 0
2015 10 8 3 0
2015 10 9 4 1
2015 10 10 5 0
2015 10 11 6 0
2015 10 12 0 0
2015 10 13 1 0
2015 10 14 2 0
2015 10 15 3 0
2015 10 16 4 0
2015 10 17 5 0
2015 10 18 6 0
2015 10 19 0 0
2015 10 20 1 0
2015 10 21 2 0
2015 10 22 3 0
2015 10 23 4 0
2015 10 24 5 0
2015 10 25 6 0
2015 10 26 0 0
2015 10 27 1 0
2015 10 28 2 0
2015 10 29 3 0
2015 10 30 4 0
2015 10 31 5 0
2015 11 1 6 0
2015 11 2 0 0
2015 11 3 1 0
2015 11 4 2 0
2015 11 5 3 0
2015 11 6 4 0
2015 11 7 5 0
2015 11 8 6 0
2015 11 9 0 0
2015 11 10 1 0
2015 11 11 2 0
2015 11 12 3 0
2015 11 13 4 0
2015 11 14 5 0
2015 11 15 6 0
2015 11 16 0 0
2015 11 17 1 0
2015 11 18 2 0
2015 11 19 3 0
2015 11 20 4 0
2015 11 21 5 0
2015 11 22 6 0
2015 11 23 0 0
2015 11 24 1 0
2015 11 25 2 0
2015 11 26 3 0
2015 11 27 4 0
2015 11 28 5 0
2015 11 29 6 0
2015 11 30 0 0
2015 12 1 1 0
2015 12 2 2 0
2015 12 3 3 0
2015 12 4 4 0
2015 12 5 5 0
2015 12 6 6 0
2015 12 7 0 0
2015 12 8 1 0
2015 12 9 2 0
2015 12 10 3 0
2015 12 11 4 0
2015 12 12 5 0
2015 12 13 6 0
2015 12 14 0 0
2015 12 15 1 0
2015 12 16 2 0
2015 12 17 3 0
2015 12 18 4 0
2015 12 19 5 0
2015 12 20 6 0
2015 12 21 0 0
2015 12 22 1 0
2015 12 23 2 0
2015 12 24 3 0
2015 12 25 4 1
2015 12 26 5 0
2015 12 27 6 0
2015 12 28 0 0
2015 12 29 1 0
2015 12 30 2 0
2015 12 31 3 0
