year month date insu_house insu_houseCooking insu_houseJHeating insu_houseCHeating insu_salesOne insu_salesTwo insu_bizHeating insu_bizCooling insu_industry insu_heatFacility insu_heatCombined insu_CNG sub_houseTotal sub_house sub_houseCooking sub_houseJHeating sub_houseCHeating sub_salesTotal sub_salesOne sub_salesTwo sub_bizTotal sub_bizHeating sub_bizCooling sub_industry sub_heatFacility sub_heatCombined sub_CNG
2015 1 1 1568 138 20112 0 2862 300 5142 0 83101 0 0 7792 12568 695 2004 9869 0 302 300 2 97 69 28 66 1 1 1
2015 1 2 1853 158 23729 0 3386 354 6067 0 98065 0 0 9195 12568 695 2004 9869 0 302 300 2 97 69 28 66 1 1 1
2015 1 3 1674 143 21448 0 3059 320 5481 0 88624 0 0 8309 12568 695 2004 9869 0 302 300 2 97 69 28 66 1 1 1
2015 1 4 1443 123 18480 0 2637 276 4725 0 76375 0 0 7161 12568 695 2004 9869 0 302 300 2 97 69 28 66 1 1 1
2015 1 5 2096 179 26831 0 3865 400 6860 0 110987 0 0 10406 12568 695 2004 9869 0 302 300 2 97 69 28 66 1 1 1
2015 1 6 2307 189 28239 0 4048 419 7185 0 116936 0 0 10964 12568 695 2004 9869 0 302 300 2 97 69 28 66 1 1 1
2015 1 7 2370 187 29098 0 4149 429 7357 0 120257 0 0 11275 12568 695 2004 9869 0 302 300 2 97 69 28 66 1 1 1
2015 1 8 2276 188 29078 0 4191 429 7354 0 120047 0 0 11256 12568 695 2004 9869 0 302 300 2 97 69 28 66 1 1 1
2015 1 9 2237 217 28549 0 4140 420 7205 0 117988 0 0 11063 12568 695 2004 9869 0 302 300 2 97 69 28 66 1 1 1
2015 1 10 1967 190 25004 0 3628 368 6314 0 103377 0 0 9693 12568 695 2004 9869 0 302 300 2 97 69 28 66 1 1 1
2015 1 11 1617 156 20477 0 2985 303 5195 0 84788 0 0 7950 12568 695 2004 9869 0 302 300 2 97 69 28 66 1 1 1
2015 1 12 2228 215 28208 0 4111 417 7154 0 116787 0 0 10950 12568 695 2004 9869 0 302 300 2 97 69 28 66 1 1 1
2015 1 13 2338 215 27988 0 4061 416 7139 0 116305 0 0 10905 12568 695 2004 9869 0 302 300 2 97 69 28 66 1 1 1
2015 1 14 2171 206 26801 0 3906 400 6849 0 111268 0 0 10432 12568 695 2004 9869 0 302 300 2 97 69 28 66 1 1 1
2015 1 15 1949 199 26074 0 3795 388 6656 0 107760 0 0 10104 12568 695 2004 9869 0 302 300 2 97 69 28 66 1 1 1
2015 1 16 1913 196 25549 0 3726 381 6518 0 105609 0 0 9902 12568 695 2004 9869 0 302 300 2 97 69 28 66 1 1 1
2015 1 17 1491 152 19868 0 2903 296 5074 0 82167 0 0 7704 12568 695 2004 9869 0 302 300 2 97 69 28 66 1 1 1
2015 1 18 1490 153 19978 0 2898 298 5107 0 82557 0 0 7741 12568 695 2004 9869 0 302 300 2 97 69 28 66 1 1 1
2015 1 19 2097 217 28166 0 4077 421 7200 0 116358 0 0 10910 12568 695 2004 9869 0 302 300 2 97 69 28 66 1 1 1
2015 1 20 2055 208 26931 0 3933 403 6889 0 111505 0 0 10455 12568 695 2004 9869 0 302 300 2 97 69 28 66 1 1 1
2015 1 21 2035 206 26610 0 3905 398 6819 0 110276 0 0 10339 12568 695 2004 9869 0 302 300 2 97 69 28 66 1 1 1
2015 1 22 2034 206 26550 0 3890 396 6794 0 109995 0 0 10313 12568 695 2004 9869 0 302 300 2 97 69 28 66 1 1 1
2015 1 23 2083 209 26983 0 3953 403 6904 0 111828 0 0 10485 12568 695 2004 9869 0 302 300 2 97 69 28 66 1 1 1
2015 1 24 1500 151 19479 0 2858 291 4991 0 80751 0 0 7571 12568 695 2004 9869 0 302 300 2 97 69 28 66 1 1 1
2015 1 25 1451 146 18839 0 2764 282 4827 0 78099 0 0 7323 12568 695 2004 9869 0 302 300 2 97 69 28 66 1 1 1
2015 1 26 2037 202 26140 0 3829 390 6688 0 108386 0 0 10162 12568 695 2004 9869 0 302 300 2 97 69 28 66 1 1 1
2015 1 27 2143 212 27227 0 3990 407 6968 0 112962 0 0 10591 12568 695 2004 9869 0 302 300 2 97 69 28 66 1 1 1
2015 1 28 2079 206 26416 0 3880 394 6761 0 109626 0 0 10279 12568 695 2004 9869 0 302 300 2 97 69 28 66 1 1 1
2015 1 29 2077 205 26349 0 3869 393 6742 0 109348 0 0 10253 12568 695 2004 9869 0 302 300 2 97 69 28 66 1 1 1
2015 1 30 1949 193 24605 0 3660 367 6378 0 102496 0 0 9610 12568 695 2004 9869 0 302 300 2 97 69 28 66 1 1 1
2015 1 31 1761 160 22200 0 3309 394 5703 0 82034 0 0 7952 12568 695 2004 9869 0 302 300 2 97 69 28 66 1 1 1
2015 2 1 1670 151 21163 0 3196 374 5247 0 76979 0 0 7571 12880 720 2223 9937 0 309 307 2 98 70 28 67 1 1 1
2015 2 2 2354 215 30147 0 4509 524 7354 0 109177 0 0 10737 12880 720 2223 9937 0 309 307 2 98 70 28 67 1 1 1
2015 2 3 2359 216 30303 0 4523 526 7377 0 109661 0 0 10785 12880 720 2223 9937 0 309 307 2 98 70 28 67 1 1 1
2015 2 4 2502 221 30939 0 4608 535 7515 0 112125 0 0 11027 12880 720 2223 9937 0 309 307 2 98 70 28 67 1 1 1
2015 2 5 2366 210 29426 0 4435 504 7104 0 106617 0 0 10486 12880 720 2223 9937 0 309 307 2 98 70 28 67 1 1 1
2015 2 6 2183 133 27127 0 4084 464 6541 0 98112 0 0 9649 12880 720 2223 9937 0 309 307 2 98 70 28 67 1 1 1
2015 2 7 1832 112 22802 0 3417 389 5473 0 82360 0 0 8100 12880 720 2223 9937 0 309 307 2 98 70 28 67 1 1 1
2015 2 8 1744 107 21785 0 3255 370 5213 0 78610 0 0 7731 12880 720 2223 9937 0 309 307 2 98 70 28 67 1 1 1
2015 2 9 2357 145 29450 0 4401 499 7027 0 106213 0 0 10446 12880 720 2223 9937 0 309 307 2 98 70 28 67 1 1 1
2015 2 10 2270 139 28136 0 4200 476 6706 0 101489 0 0 9981 12880 720 2223 9937 0 309 307 2 98 70 28 67 1 1 1
2015 2 11 2241 136 27767 0 4163 468 6620 0 100203 0 0 9855 12880 720 2223 9937 0 309 307 2 98 70 28 67 1 1 1
2015 2 12 2543 147 29694 0 4556 500 7082 0 107769 0 0 10599 12880 720 2223 9937 0 309 307 2 98 70 28 67 1 1 1
2015 2 13 2454 146 29319 0 4496 492 6963 0 106192 0 0 10444 12880 720 2223 9937 0 309 307 2 98 70 28 67 1 1 1
2015 2 14 1972 117 23522 0 3606 395 5586 0 85199 0 0 8379 12880 720 2223 9937 0 309 307 2 98 70 28 67 1 1 1
2015 2 15 1783 113 22298 0 3461 378 5340 0 80784 0 0 7945 12880 720 2223 9937 0 309 307 2 98 70 28 67 1 1 1
2015 2 16 2365 148 29322 0 4552 497 7017 0 106267 0 0 10451 12880 720 2223 9937 0 309 307 2 98 70 28 67 1 1 1
2015 2 17 2120 134 26228 0 4075 445 6281 0 95090 0 0 9352 12880 720 2223 9937 0 309 307 2 98 70 28 67 1 1 1
2015 2 18 1507 96 18736 0 2911 318 4462 0 67847 0 0 6673 12880 720 2223 9937 0 309 307 2 98 70 28 67 1 1 1
2015 2 19 1394 89 17328 0 2692 294 4127 0 62752 0 0 6172 12880 720 2223 9937 0 309 307 2 98 70 28 67 1 1 1
2015 2 20 1407 89 17491 0 2717 297 4166 0 63341 0 0 6230 12880 720 2223 9937 0 309 307 2 98 70 28 67 1 1 1
2015 2 21 1462 93 18101 0 2812 307 4310 0 65561 0 0 6448 12880 720 2223 9937 0 309 307 2 98 70 28 67 1 1 1
2015 2 22 1521 97 18854 0 2929 320 4490 0 68287 0 0 6716 12880 720 2223 9937 0 309 307 2 98 70 28 67 1 1 1
2015 2 23 2330 149 28794 0 4471 488 6854 0 104293 0 0 10257 12880 720 2223 9937 0 309 307 2 98 70 28 67 1 1 1
2015 2 24 2355 152 28810 0 4490 488 6854 0 104445 0 0 10272 12880 720 2223 9937 0 309 307 2 98 70 28 67 1 1 1
2015 2 25 2263 150 27589 0 4315 467 6559 0 100074 0 0 9842 12880 720 2223 9937 0 309 307 2 98 70 28 67 1 1 1
2015 2 26 2274 152 27531 0 4279 466 6546 0 99846 0 0 9820 12880 720 2223 9937 0 309 307 2 98 70 28 67 1 1 1
2015 2 27 2360 163 28682 0 4543 485 6813 0 104199 0 0 10248 12880 720 2223 9937 0 309 307 2 98 70 28 67 1 1 1
2015 2 28 1913 131 22856 0 3680 392 5400 0 81841 0 0 8088 12880 720 2223 9937 0 309 307 2 98 70 28 67 1 1 1
2015 3 1 1335 124 15728 0 2621 225 3787 0 84264 0 0 8154 13280 755 2499 10026 0 352 350 2 98 70 28 67 1 1 1
2015 3 2 2209 164 24515 0 4304 372 5745 0 120788 0 0 8154 13280 755 2499 10026 0 352 350 2 98 70 28 67 1 1 1
2015 3 3 2158 162 23834 0 4221 363 5615 0 118248 0 0 8154 13280 755 2499 10026 0 352 350 2 98 70 28 67 1 1 1
2015 3 4 2259 167 24527 0 4444 378 5852 0 121636 0 0 8154 13280 755 2499 10026 0 352 350 2 98 70 28 67 1 1 1
2015 3 5 2137 238 23054 0 4280 359 5547 0 116284 0 0 8154 13280 755 2499 10026 0 352 350 2 98 70 28 67 1 1 1
2015 3 6 1976 219 21174 0 3959 332 5129 0 108777 0 0 8154 13280 755 2499 10026 0 352 350 2 98 70 28 67 1 1 1
2015 3 7 1523 179 16188 0 3053 256 3956 0 88495 0 0 8154 13280 755 2499 10026 0 352 350 2 98 70 28 67 1 1 1
2015 3 8 1255 154 12947 0 2521 211 3266 0 75743 0 0 8154 13280 755 2499 10026 0 352 350 2 98 70 28 67 1 1 1
2015 3 9 1870 207 19131 0 3753 312 4825 0 101631 0 0 8154 13280 755 2499 10026 0 352 350 2 98 70 28 67 1 1 1
2015 3 10 2072 225 21131 0 4165 346 5347 0 110097 0 0 8154 13280 755 2499 10026 0 352 350 2 98 70 28 67 1 1 1
2015 3 11 2000 217 20119 0 4003 332 5128 0 106146 0 0 8154 13280 755 2499 10026 0 352 350 2 98 70 28 67 1 1 1
2015 3 12 2029 216 19779 0 4077 338 5213 0 105761 0 0 8154 13280 755 2499 10026 0 352 350 2 98 70 28 67 1 1 1
2015 3 13 1993 211 18946 0 4045 333 5140 0 103147 0 0 8154 13280 755 2499 10026 0 352 350 2 98 70 28 67 1 1 1
2015 3 14 1561 176 14834 0 3181 262 4042 0 85574 0 0 8154 13280 755 2499 10026 0 352 350 2 98 70 28 67 1 1 1
2015 3 15 1339 167 13584 0 3124 257 3945 0 81218 0 0 8154 13280 755 2499 10026 0 352 350 2 98 70 28 67 1 1 1
2015 3 16 1440 221 19715 0 4491 384 5855 0 106963 0 0 8154 13280 755 2499 10026 0 352 350 2 98 70 28 67 1 1 1
2015 3 17 1340 224 19917 0 4619 397 6059 0 108163 0 0 8154 13280 755 2499 10026 0 352 350 2 98 70 28 67 1 1 1
2015 3 18 1517 249 22714 0 5280 454 6920 0 120322 0 0 8154 13280 755 2499 10026 0 352 350 2 98 70 28 67 1 1 1
2015 3 19 1520 244 22003 0 5114 439 6702 0 117368 0 0 8154 13280 755 2499 10026 0 352 350 2 98 70 28 67 1 1 1
2015 3 20 1419 242 21641 0 5035 432 6597 0 115626 0 0 8154 13280 755 2499 10026 0 352 350 2 98 70 28 67 1 1 1
2015 3 21 1053 192 16042 0 3734 321 4873 0 91311 0 0 8154 13280 755 2499 10026 0 352 350 2 98 70 28 67 1 1 1
2015 3 22 1082 196 16478 0 3838 330 5009 0 93221 0 0 8154 13280 755 2499 10026 0 352 350 2 98 70 28 67 1 1 1
2015 3 23 1646 274 24936 0 5818 499 7579 0 129932 0 0 8154 13280 755 2499 10026 0 352 350 2 98 70 28 67 1 1 1
2015 3 24 1714 284 26026 0 6066 520 7902 0 134614 0 0 8154 13280 755 2499 10026 0 352 350 2 98 70 28 67 1 1 1
2015 3 25 1652 275 25054 0 5842 501 7610 0 130419 0 0 8154 13280 755 2499 10026 0 352 350 2 98 70 28 67 1 1 1
2015 3 26 1637 273 24829 0 5803 496 7540 0 129474 0 0 8154 13280 755 2499 10026 0 352 350 2 98 70 28 67 1 1 1
2015 3 27 1485 253 22528 0 5291 450 6841 0 119562 0 0 8154 13280 755 2499 10026 0 352 350 2 98 70 28 67 1 1 1
2015 3 28 1125 204 17102 0 4012 341 5187 0 95979 0 0 8154 13280 755 2499 10026 0 352 350 2 98 70 28 67 1 1 1
2015 3 29 933 177 14211 0 3338 284 4315 0 83457 0 0 8154 13280 755 2499 10026 0 352 350 2 98 70 28 67 1 1 1
2015 3 30 1396 242 21270 0 4994 425 6457 0 114080 0 0 8154 13280 755 2499 10026 0 352 350 2 98 70 28 67 1 1 1
2015 3 31 1421 246 21673 0 5162 427 6570 0 115445 0 0 8154 13280 755 2499 10026 0 352 350 2 98 70 28 67 1 1 1
2015 4 1 1225 249 18775 0 4749 370 3901 0 123364 0 0 8187 13634 766 2778 10090 0 364 362 2 101 71 30 67 1 1 1
2015 4 2 1291 268 18788 0 5008 388 4085 0 125198 0 0 8187 13634 766 2778 10090 0 364 362 2 101 71 30 67 1 1 1
2015 4 3 1402 284 20117 0 5385 417 4393 0 132347 0 0 8187 13634 766 2778 10090 0 364 362 2 101 71 30 67 1 1 1
2015 4 4 1020 223 14599 0 3922 303 3195 0 103572 0 0 8187 13634 766 2778 10090 0 364 362 2 101 71 30 67 1 1 1
2015 4 5 721 174 10289 0 2768 214 2255 0 81045 0 0 8187 13634 766 2778 10090 0 364 362 2 101 71 30 67 1 1 1
2015 4 6 1278 264 18264 0 4865 376 3964 0 122513 0 0 8187 13634 766 2778 10090 0 364 362 2 101 71 30 67 1 1 1
2015 4 7 1323 295 18902 0 5024 388 4094 0 125852 0 0 8187 13634 766 2778 10090 0 364 362 2 101 71 30 67 1 1 1
2015 4 8 1154 265 16533 0 4285 338 3568 0 113065 0 0 8187 13634 766 2778 10090 0 364 362 2 101 71 30 67 1 1 1
2015 4 9 1165 267 16645 0 4318 341 3595 0 113679 0 0 8187 13634 766 2778 10090 0 364 362 2 101 71 30 67 1 1 1
2015 4 10 1030 245 14700 0 3851 301 3178 0 103719 0 0 8187 13634 766 2778 10090 0 364 362 2 101 71 30 67 1 1 1
2015 4 11 650 177 9103 0 2429 190 2004 0 74888 0 0 8187 13634 766 2778 10090 0 364 362 2 101 71 30 67 1 1 1
2015 4 12 570 164 8004 0 2131 167 1758 0 69095 0 0 8187 13634 766 2778 10090 0 364 362 2 101 71 30 67 1 1 1
2015 4 13 1051 250 14878 0 3967 310 3270 0 105104 0 0 8187 13634 766 2778 10090 0 364 362 2 101 71 30 67 1 1 1
2015 4 14 1124 267 16054 0 4383 340 3581 0 111765 0 0 8187 13634 766 2778 10090 0 364 362 2 101 71 30 67 1 1 1
2015 4 15 1034 255 14902 0 4218 317 3342 0 106229 0 0 8187 13634 766 2778 10090 0 364 362 2 101 71 30 67 1 1 1
2015 4 16 1177 283 16885 0 4785 359 3788 0 116801 0 0 8187 13634 766 2778 10090 0 364 362 2 101 71 30 67 1 1 1
2015 4 17 1136 289 16893 0 5049 359 3777 0 117544 0 0 8187 13634 766 2778 10090 0 364 362 2 101 71 30 67 1 1 1
2015 4 18 657 196 9747 0 2916 208 2181 0 79345 0 0 8187 13634 766 2778 10090 0 364 362 2 101 71 30 67 1 1 1
2015 4 19 527 171 7827 0 2350 167 1751 0 69100 0 0 8187 13634 766 2778 10090 0 364 362 2 101 71 30 67 1 1 1
2015 4 20 718 239 12847 0 4053 275 2878 0 96158 0 0 8187 13634 766 2778 10090 0 364 362 2 101 71 30 67 1 1 1
2015 4 21 686 231 12109 0 3822 259 2703 0 92205 0 0 8187 13634 766 2778 10090 0 364 362 2 101 71 30 67 1 1 1
2015 4 22 668 225 11617 0 3687 248 2593 0 89666 0 0 8187 13634 766 2778 10090 0 364 362 2 101 71 30 67 1 1 1
2015 4 23 668 225 11566 0 3683 248 2591 0 89473 0 0 8187 13634 766 2778 10090 0 364 362 2 101 71 30 67 1 1 1
2015 4 24 675 228 11725 0 3725 251 2620 0 90279 0 0 8187 13634 766 2778 10090 0 364 362 2 101 71 30 67 1 1 1
2015 4 25 524 193 9059 0 2890 195 2033 0 76014 0 0 8187 13634 766 2778 10090 0 364 362 2 101 71 30 67 1 1 1
2015 4 26 351 152 6031 0 1922 130 1352 0 59692 0 0 8187 13634 766 2778 10090 0 364 362 2 101 71 30 67 1 1 1
2015 4 27 589 208 10109 0 3220 217 2264 0 81657 0 0 8187 13634 766 2778 10090 0 364 362 2 101 71 30 67 1 1 1
2015 4 28 668 227 11437 0 3648 246 2565 0 88849 0 0 8187 13634 766 2778 10090 0 364 362 2 101 71 30 67 1 1 1
2015 4 29 642 221 10938 0 3507 235 2457 0 86244 0 0 8187 13634 766 2778 10090 0 364 362 2 101 71 30 67 1 1 1
2015 4 30 668 228 11338 0 3639 244 2549 0 88435 0 0 8187 13634 766 2778 10090 0 364 362 2 101 71 30 67 1 1 1
2015 5 1 590 213 9638 0 3216 210 1259 325 82138 0 0 9103 13995 789 3081 10125 0 407 405 2 101 71 30 68 1 1 1
2015 5 2 444 181 7030 0 2369 158 888 199 68148 0 0 9103 13995 789 3081 10125 0 407 405 2 101 71 30 68 1 1 1
2015 5 3 424 176 6684 0 2266 151 849 191 66386 0 0 9103 13995 789 3081 10125 0 407 405 2 101 71 30 68 1 1 1
2015 5 4 594 215 9339 0 3152 210 1181 265 80484 0 0 9103 13995 789 3081 10125 0 407 405 2 101 71 30 68 1 1 1
2015 5 5 518 198 8060 0 2758 184 1033 232 73884 0 0 9103 13995 789 3081 10125 0 407 405 2 101 71 30 68 1 1 1
2015 5 6 637 242 9808 0 3394 225 1269 285 91856 0 0 9103 13995 789 3081 10125 0 407 405 2 101 71 30 68 1 1 1
2015 5 7 552 223 8477 0 2939 195 1099 247 84022 0 0 9103 13995 789 3081 10125 0 407 405 2 101 71 30 68 1 1 1
2015 5 8 627 239 9241 0 3313 220 1236 278 89256 0 0 9103 13995 789 3081 10125 0 407 405 2 101 71 30 68 1 1 1
2015 5 9 475 259 6989 0 2518 167 938 211 76018 0 0 9103 13995 789 3081 10125 0 407 405 2 101 71 30 68 1 1 1
2015 5 10 392 233 5650 0 2086 138 776 174 68266 0 0 9103 13995 789 3081 10125 0 407 405 2 101 71 30 68 1 1 1
2015 5 11 825 359 11557 0 4401 290 1631 366 104987 0 0 9103 13995 789 3081 10125 0 407 405 2 101 71 30 68 1 1 1
2015 5 12 911 379 12481 0 4779 314 1767 397 110872 0 0 9103 13995 789 3081 10125 0 407 405 2 101 71 30 68 1 1 1
2015 5 13 801 344 10572 0 4168 274 1540 346 99892 0 0 9103 13995 789 3081 10125 0 407 405 2 101 71 30 68 1 1 1
2015 5 14 681 313 8990 0 3689 243 1367 307 90858 0 0 9103 13995 789 3081 10125 0 407 405 2 101 71 30 68 1 1 1
2015 5 15 695 321 9313 0 3830 253 1425 320 92946 0 0 9103 13995 789 3081 10125 0 407 405 2 101 71 30 68 1 1 1
2015 5 16 374 236 5443 0 2304 153 852 193 68650 0 0 9103 13995 789 3081 10125 0 407 405 2 101 71 30 68 1 1 1
2015 5 17 250 218 4592 0 1939 131 732 166 63038 0 0 9103 13995 789 3081 10125 0 407 405 2 101 71 30 68 1 1 1
2015 5 18 528 349 10559 0 4456 301 1682 381 100671 0 0 9103 13995 789 3081 10125 0 407 405 2 101 71 30 68 1 1 1
2015 5 19 383 317 9142 0 3885 263 1465 332 91586 0 0 9103 13995 789 3081 10125 0 407 405 2 101 71 30 68 1 1 1
2015 5 20 343 306 8614 0 3657 248 1382 313 88187 0 0 9103 13995 789 3081 10125 0 407 405 2 101 71 30 68 1 1 1
2015 5 21 387 331 9705 0 4115 279 1555 352 95030 0 0 9103 13995 789 3081 10125 0 407 405 2 101 71 30 68 1 1 1
2015 5 22 378 327 9495 0 4034 273 1521 345 93738 0 0 9103 13995 789 3081 10125 0 407 405 2 101 71 30 68 1 1 1
2015 5 23 237 249 5935 0 2522 171 951 215 71320 0 0 9103 13995 789 3081 10125 0 407 405 2 101 71 30 68 1 1 1
2015 5 24 163 208 4069 0 1732 117 653 148 59581 0 0 9103 13995 789 3081 10125 0 407 405 2 101 71 30 68 1 1 1
2015 5 25 224 240 5517 0 2347 159 885 201 68714 0 0 9103 13995 789 3081 10125 0 407 405 2 101 71 30 68 1 1 1
2015 5 26 274 268 6739 0 2867 194 1081 245 76429 0 0 9103 13995 789 3081 10125 0 407 405 2 101 71 30 68 1 1 1
2015 5 27 346 308 8505 0 3620 245 1365 309 87574 0 0 9103 13995 789 3081 10125 0 407 405 2 101 71 30 68 1 1 1
2015 5 28 385 328 9439 0 4015 272 1515 343 93461 0 0 9103 13995 789 3081 10125 0 407 405 2 101 71 30 68 1 1 1
2015 5 29 336 304 8246 0 3506 237 1322 300 85932 0 0 9103 13995 789 3081 10125 0 407 405 2 101 71 30 68 1 1 1
2015 5 30 219 250 5441 0 2300 157 768 500 70836 0 0 9103 13995 789 3081 10125 0 407 405 2 101 71 30 68 1 1 1
2015 5 31 168 218 3994 0 1778 119 580 378 61762 0 0 9103 13995 789 3081 10125 0 407 405 2 101 71 30 68 1 1 1
2015 6 1 569 336 13539 0 5778 287 1437 1579 96205 0 0 0 14243 803 3288 10152 0 420 418 2 103 73 30 71 1 1 1
2015 6 2 640 366 14020 0 6539 325 1625 1786 103468 0 0 0 14243 803 3288 10152 0 420 418 2 103 73 30 71 1 1 1
2015 6 3 648 367 13868 0 6622 329 1646 1809 103415 0 0 0 14243 803 3288 10152 0 420 418 2 103 73 30 71 1 1 1
2015 6 4 645 360 13584 0 6595 327 1637 1799 102025 0 0 0 14243 803 3288 10152 0 420 418 2 103 73 30 71 1 1 1
2015 6 5 670 369 13634 0 6831 339 1696 1863 103890 0 0 0 14243 803 3288 10152 0 420 418 2 103 73 30 71 1 1 1
2015 6 6 451 250 9173 0 4618 229 1146 1260 70041 0 0 0 14243 803 3288 10152 0 420 418 2 103 73 30 71 1 1 1
2015 6 7 431 238 8704 0 4412 219 1095 1204 66676 0 0 0 14243 803 3288 10152 0 420 418 2 103 73 30 71 1 1 1
2015 6 8 633 349 12692 0 6475 322 1607 1766 97512 0 0 0 14243 803 3288 10152 0 420 418 2 103 73 30 71 1 1 1
2015 6 9 644 381 12800 0 6612 327 1632 1794 98930 0 0 0 14243 803 3288 10152 0 420 418 2 103 73 30 71 1 1 1
2015 6 10 624 370 12389 0 6411 317 1583 1739 95828 0 0 0 14243 803 3288 10152 0 420 418 2 103 73 30 71 1 1 1
2015 6 11 680 402 13201 0 7088 345 1725 1896 103623 0 0 0 14243 803 3288 10152 0 420 418 2 103 73 30 71 1 1 1
2015 6 12 654 385 12538 0 6814 332 1659 1823 98988 0 0 0 14243 803 3288 10152 0 420 418 2 103 73 30 71 1 1 1
2015 6 13 511 303 9843 0 5336 260 1299 1427 77620 0 0 0 14243 803 3288 10152 0 420 418 2 103 73 30 71 1 1 1
2015 6 14 504 296 9541 0 5260 256 1280 1407 75841 0 0 0 14243 803 3288 10152 0 420 418 2 103 73 30 71 1 1 1
2015 6 15 654 383 12274 0 6775 330 1649 1812 97651 0 0 0 14243 803 3288 10152 0 420 418 2 103 73 30 71 1 1 1
2015 6 16 682 403 12836 0 7149 348 1742 1914 102542 0 0 0 14243 803 3288 10152 0 420 418 2 103 73 30 71 1 1 1
2015 6 17 587 381 12049 0 6823 334 1666 1832 96806 0 0 0 14243 803 3288 10152 0 420 418 2 103 73 30 71 1 1 1
2015 6 18 540 371 11754 0 6645 326 1630 1793 94306 0 0 0 14243 803 3288 10152 0 420 418 2 103 73 30 71 1 1 1
2015 6 19 565 388 12241 0 6930 340 1697 1867 98263 0 0 0 14243 803 3288 10152 0 420 418 2 103 73 30 71 1 1 1
2015 6 20 431 297 9360 0 5291 259 1295 1425 75083 0 0 0 14243 803 3288 10152 0 420 418 2 103 73 30 71 1 1 1
2015 6 21 363 250 7875 0 4455 218 1091 1200 63197 0 0 0 14243 803 3288 10152 0 420 418 2 103 73 30 71 1 1 1
2015 6 22 552 379 11909 0 6727 330 1647 1812 95511 0 0 0 14243 803 3288 10152 0 420 418 2 103 73 30 71 1 1 1
2015 6 23 524 358 11246 0 6352 312 1557 1713 90220 0 0 0 14243 803 3288 10152 0 420 418 2 103 73 30 71 1 1 1
2015 6 24 498 341 10671 0 6025 296 1477 1625 85603 0 0 0 14243 803 3288 10152 0 420 418 2 103 73 30 71 1 1 1
2015 6 25 503 344 10738 0 6066 298 1487 1636 86172 0 0 0 14243 803 3288 10152 0 420 418 2 103 73 30 71 1 1 1
2015 6 26 484 332 10337 0 5839 287 1431 1574 82956 0 0 0 14243 803 3288 10152 0 420 418 2 103 73 30 71 1 1 1
2015 6 27 409 281 8736 0 4934 242 1209 1330 70103 0 0 0 14243 803 3288 10152 0 420 418 2 103 73 30 71 1 1 1
2015 6 28 369 253 7873 0 4448 218 1090 1199 63192 0 0 0 14243 803 3288 10152 0 420 418 2 103 73 30 71 1 1 1
2015 6 29 483 333 10315 0 5827 286 1428 1571 82789 0 0 0 14243 803 3288 10152 0 420 418 2 103 73 30 71 1 1 1
2015 6 30 482 339 10286 0 5792 285 1426 1843 84205 0 0 0 14243 803 3288 10152 0 420 418 2 103 73 30 71 1 1 1
2015 7 1 557 385 11791 0 6579 393 1530 3331 94149 0 0 0 14482 821 3493 10168 0 434 432 2 104 74 30 71 1 1 1
2015 7 2 553 385 11386 0 6526 390 1519 3306 92226 0 0 0 14482 821 3493 10168 0 434 432 2 104 74 30 71 1 1 1
2015 7 3 562 394 11531 0 6745 397 1545 3362 94026 0 0 0 14482 821 3493 10168 0 434 432 2 104 74 30 71 1 1 1
2015 7 4 451 314 9094 0 5405 318 1238 2694 74780 0 0 0 14482 821 3493 10168 0 434 432 2 104 74 30 71 1 1 1
2015 7 5 373 261 7566 0 4495 265 1029 2241 62196 0 0 0 14482 821 3493 10168 0 434 432 2 104 74 30 71 1 1 1
2015 7 6 548 385 11112 0 6633 390 1519 3306 91567 0 0 0 14482 821 3493 10168 0 434 432 2 104 74 30 71 1 1 1
2015 7 7 602 425 12310 0 7273 428 1665 3625 100898 0 0 0 14482 821 3493 10168 0 434 432 2 104 74 30 71 1 1 1
2015 7 8 593 410 11573 0 7217 421 1637 3563 97392 0 0 0 14482 821 3493 10168 0 434 432 2 104 74 30 71 1 1 1
2015 7 9 550 414 10754 0 6696 390 1519 3306 90556 0 0 0 14482 821 3493 10168 0 434 432 2 104 74 30 71 1 1 1
2015 7 10 513 384 9876 0 6224 363 1411 3072 83710 0 0 0 14482 821 3493 10168 0 434 432 2 104 74 30 71 1 1 1
2015 7 11 444 331 8484 0 5388 314 1222 2666 72237 0 0 0 14482 821 3493 10168 0 434 432 2 104 74 30 71 1 1 1
2015 7 12 416 309 7905 0 5040 294 1143 2494 67457 0 0 0 14482 821 3493 10168 0 434 432 2 104 74 30 71 1 1 1
2015 7 13 582 432 10978 0 7050 411 1599 3489 94046 0 0 0 14482 821 3493 10168 0 434 432 2 104 74 30 71 1 1 1
2015 7 14 561 416 10508 0 6795 396 1541 3363 90363 0 0 0 14482 821 3493 10168 0 434 432 2 104 74 30 71 1 1 1
2015 7 15 517 393 9893 0 6627 373 1451 3166 85922 0 0 0 14482 821 3493 10168 0 434 432 2 104 74 30 71 1 1 1
2015 7 16 543 416 10438 0 7034 396 1539 3360 90931 0 0 0 14482 821 3493 10168 0 434 432 2 104 74 30 71 1 1 1
2015 7 17 515 413 10260 0 6995 393 1529 3337 89837 0 0 0 14482 821 3493 10168 0 434 432 2 104 74 30 71 1 1 1
2015 7 18 354 315 7686 0 5536 300 1166 2544 68600 0 0 0 14482 821 3493 10168 0 434 432 2 104 74 30 71 1 1 1
2015 7 19 310 276 6728 0 4846 262 1021 2227 60052 0 0 0 14482 821 3493 10168 0 434 432 2 104 74 30 71 1 1 1
2015 7 20 473 423 10289 0 7408 401 1560 3404 91821 0 0 0 14482 821 3493 10168 0 434 432 2 104 74 30 71 1 1 1
2015 7 21 519 465 11277 0 8161 440 1710 3740 100834 0 0 0 14482 821 3493 10168 0 434 432 2 104 74 30 71 1 1 1
2015 7 22 505 454 10965 0 7938 428 1663 3638 98068 0 0 0 14482 821 3493 10168 0 434 432 2 104 74 30 71 1 1 1
2015 7 23 459 415 9987 0 7229 389 1515 3313 89317 0 0 0 14482 821 3493 10168 0 434 432 2 104 74 30 71 1 1 1
2015 7 24 423 384 9213 0 6668 359 1397 3056 82389 0 0 0 14482 821 3493 10168 0 434 432 2 104 74 30 71 1 1 1
2015 7 25 297 272 6458 0 4673 252 979 2142 57760 0 0 0 14482 821 3493 10168 0 434 432 2 104 74 30 71 1 1 1
2015 7 26 237 215 5107 0 3695 199 774 1693 45682 0 0 0 14482 821 3493 10168 0 434 432 2 104 74 30 71 1 1 1
2015 7 27 366 333 7899 0 5716 308 1198 2619 70665 0 0 0 14482 821 3493 10168 0 434 432 2 104 74 30 71 1 1 1
2015 7 28 374 341 8061 0 5831 314 1222 2673 72108 0 0 0 14482 821 3493 10168 0 434 432 2 104 74 30 71 1 1 1
2015 7 29 396 360 8513 0 6162 332 1291 2823 76174 0 0 0 14482 821 3493 10168 0 434 432 2 104 74 30 71 1 1 1
2015 7 30 444 407 9612 0 6964 375 1457 3187 86019 0 0 0 14482 821 3493 10168 0 434 432 2 104 74 30 71 1 1 1
2015 7 31 423 384 9152 0 6663 389 1385 3034 80595 0 0 0 14482 821 3493 10168 0 434 432 2 104 74 30 71 1 1 1
2015 8 1 320 279 6901 0 5090 294 951 2296 57754 0 0 0 14674 834 3655 10185 0 444 442 2 104 74 30 71 1 1 1
2015 8 2 273 237 5705 0 4330 251 811 1957 48561 0 0 0 14674 834 3655 10185 0 444 442 2 104 74 30 71 1 1 1
2015 8 3 427 381 8908 0 6812 391 1254 3613 78002 0 0 0 14674 834 3655 10185 0 444 442 2 104 74 30 71 1 1 1
2015 8 4 434 386 9024 0 6898 396 1270 3659 79006 0 0 0 14674 834 3655 10185 0 444 442 2 104 74 30 71 1 1 1
2015 8 5 408 362 8429 0 6495 373 1196 3445 74139 0 0 0 14674 834 3655 10185 0 444 442 2 104 74 30 71 1 1 1
2015 8 6 410 364 8441 0 6528 375 1201 3461 74398 0 0 0 14674 834 3655 10185 0 444 442 2 104 74 30 71 1 1 1
2015 8 7 411 365 8481 0 6516 374 1199 3454 74470 0 0 0 14674 834 3655 10185 0 444 442 2 104 74 30 71 1 1 1
2015 8 8 305 271 6247 0 4863 279 895 2578 55271 0 0 0 14674 834 3655 10185 0 444 442 2 104 74 30 71 1 1 1
2015 8 9 255 226 5180 0 4059 233 747 2152 46014 0 0 0 14674 834 3655 10185 0 444 442 2 104 74 30 71 1 1 1
2015 8 10 455 402 9215 0 7224 415 1329 3829 81874 0 0 0 14674 834 3655 10185 0 444 442 2 104 74 30 71 1 1 1
2015 8 11 488 434 9905 0 7782 446 1431 4127 88124 0 0 0 14674 834 3655 10185 0 444 442 2 104 74 30 71 1 1 1
2015 8 12 479 421 9471 0 7605 436 1398 4033 85370 0 0 0 14674 834 3655 10185 0 444 442 2 104 74 30 71 1 1 1
2015 8 13 440 402 8993 0 7259 419 1340 3870 81357 0 0 0 14674 834 3655 10185 0 444 442 2 104 74 30 71 1 1 1
2015 8 14 335 310 6908 0 5583 321 1027 2967 62479 0 0 0 14674 834 3655 10185 0 444 442 2 104 74 30 71 1 1 1
2015 8 15 281 260 5811 0 4657 270 865 2498 52421 0 0 0 14674 834 3655 10185 0 444 442 2 104 74 30 71 1 1 1
2015 8 16 242 229 5126 0 4087 238 763 2204 46143 0 0 0 14674 834 3655 10185 0 444 442 2 104 74 30 71 1 1 1
2015 8 17 437 395 8829 0 7034 410 1313 3793 79523 0 0 0 14674 834 3655 10185 0 444 442 2 104 74 30 71 1 1 1
2015 8 18 418 390 8755 0 6847 410 1312 3789 78485 0 0 0 14674 834 3655 10185 0 444 442 2 104 74 30 71 1 1 1
2015 8 19 392 381 8581 0 6658 402 1286 3715 76677 0 0 0 14674 834 3655 10185 0 444 442 2 104 74 30 71 1 1 1
2015 8 20 426 415 9304 0 7217 436 1394 4027 83133 0 0 0 14674 834 3655 10185 0 444 442 2 104 74 30 71 1 1 1
2015 8 21 404 395 8831 0 6853 413 1323 3817 78898 0 0 0 14674 834 3655 10185 0 444 442 2 104 74 30 71 1 1 1
2015 8 22 289 282 6297 0 4897 295 945 2727 56327 0 0 0 14674 834 3655 10185 0 444 442 2 104 74 30 71 1 1 1
2015 8 23 242 236 5270 0 4099 247 791 2283 47147 0 0 0 14674 834 3655 10185 0 444 442 2 104 74 30 71 1 1 1
2015 8 24 433 421 9379 0 7314 441 1412 4074 84047 0 0 0 14674 834 3655 10185 0 444 442 2 104 74 30 71 1 1 1
2015 8 25 454 441 9832 0 7662 462 1479 4268 88072 0 0 0 14674 834 3655 10185 0 444 442 2 104 74 30 71 1 1 1
2015 8 26 460 445 9939 0 7746 467 1495 4314 89031 0 0 0 14674 834 3655 10185 0 444 442 2 104 74 30 71 1 1 1
2015 8 27 467 452 10099 0 7844 473 1514 4369 90290 0 0 0 14674 834 3655 10185 0 444 442 2 104 74 30 71 1 1 1
2015 8 28 463 449 10012 0 7775 469 1501 4331 89508 0 0 0 14674 834 3655 10185 0 444 442 2 104 74 30 71 1 1 1
2015 8 29 383 371 8261 0 6411 387 1238 3572 73835 0 0 0 14674 834 3655 10185 0 444 442 2 104 74 30 71 1 1 1
2015 8 30 266 257 5724 0 4448 268 859 2478 51201 0 0 0 14674 834 3655 10185 0 444 442 2 104 74 30 71 1 1 1
2015 8 31 474 460 10205 0 7937 478 1530 4416 91299 0 0 0 14674 834 3655 10185 0 444 442 2 104 74 30 71 1 1 1
2015 9 1 504 500 10913 0 8333 541 1890 2384 101790 0 0 0 14803 859 3746 10198 0 456 454 2 105 75 30 71 1 1 1
2015 9 2 472 439 10319 0 7785 506 1766 2228 95487 0 0 0 14803 859 3746 10198 0 456 454 2 105 75 30 71 1 1 1
2015 9 3 478 446 10457 0 7945 512 1787 2255 96972 0 0 0 14803 859 3746 10198 0 456 454 2 105 75 30 71 1 1 1
2015 9 4 449 423 9898 0 7481 480 1677 2116 91470 0 0 0 14803 859 3746 10198 0 456 454 2 105 75 30 71 1 1 1
2015 9 5 430 409 9636 0 7183 461 1611 2032 88371 0 0 0 14803 859 3746 10198 0 456 454 2 105 75 30 71 1 1 1
2015 9 6 313 297 7016 0 5204 334 1167 1472 64177 0 0 0 14803 859 3746 10198 0 456 454 2 105 75 30 71 1 1 1
2015 9 7 510 483 11451 0 8409 540 1885 2378 104189 0 0 0 14803 859 3746 10198 0 456 454 2 105 75 30 71 1 1 1
2015 9 8 511 489 11752 0 8427 541 1889 2383 105557 0 0 0 14803 859 3746 10198 0 456 454 2 105 75 30 71 1 1 1
2015 9 9 482 464 11162 0 7954 511 1784 2250 99924 0 0 0 14803 859 3746 10198 0 456 454 2 105 75 30 71 1 1 1
2015 9 10 461 443 10675 0 7564 486 1696 2139 95287 0 0 0 14803 859 3746 10198 0 456 454 2 105 75 30 71 1 1 1
2015 9 11 398 389 9481 0 6523 419 1463 1842 83307 0 0 0 14803 859 3746 10198 0 456 454 2 105 75 30 71 1 1 1
2015 9 12 373 344 8483 0 5641 363 1266 1594 73353 0 0 0 14803 859 3746 10198 0 456 454 2 105 75 30 71 1 1 1
2015 9 13 313 282 7115 0 4534 291 1017 1281 60242 0 0 0 14803 859 3746 10198 0 456 454 2 105 75 30 71 1 1 1
2015 9 14 574 403 10144 0 6390 404 1413 1779 85714 0 0 0 14803 859 3746 10198 0 456 454 2 105 75 30 71 1 1 1
2015 9 15 722 462 11590 0 7267 462 1614 2031 98057 0 0 0 14803 859 3746 10198 0 456 454 2 105 75 30 71 1 1 1
2015 9 16 754 478 11996 0 7526 478 1670 2102 101540 0 0 0 14803 859 3746 10198 0 456 454 2 105 75 30 71 1 1 1
2015 9 17 696 438 10973 0 6883 437 1527 1922 92901 0 0 0 14803 859 3746 10198 0 456 454 2 105 75 30 71 1 1 1
2015 9 18 673 419 10518 0 6533 419 1463 1841 88801 0 0 0 14803 859 3746 10198 0 456 454 2 105 75 30 71 1 1 1
2015 9 19 536 335 8414 0 5222 335 1170 1472 71002 0 0 0 14803 859 3746 10198 0 456 454 2 105 75 30 71 1 1 1
2015 9 20 400 250 6286 0 3893 250 872 1097 52988 0 0 0 14803 859 3746 10198 0 456 454 2 105 75 30 71 1 1 1
2015 9 21 667 416 10425 0 6457 414 1446 1820 87898 0 0 0 14803 859 3746 10198 0 456 454 2 105 75 30 71 1 1 1
2015 9 22 677 423 10574 0 6550 420 1467 1846 89160 0 0 0 14803 859 3746 10198 0 456 454 2 105 75 30 71 1 1 1
2015 9 23 747 457 11426 0 7075 453 1583 1992 96375 0 0 0 14803 859 3746 10198 0 456 454 2 105 75 30 71 1 1 1
2015 9 24 735 446 11137 0 6908 442 1545 1944 94041 0 0 0 14803 859 3746 10198 0 456 454 2 105 75 30 71 1 1 1
2015 9 25 564 346 8620 0 5365 342 1195 1503 72832 0 0 0 14803 859 3746 10198 0 456 454 2 105 75 30 71 1 1 1
2015 9 26 435 267 6661 0 4146 264 923 1162 56277 0 0 0 14803 859 3746 10198 0 456 454 2 105 75 30 71 1 1 1
2015 9 27 410 252 6283 0 3911 249 871 1096 53083 0 0 0 14803 859 3746 10198 0 456 454 2 105 75 30 71 1 1 1
2015 9 28 441 271 6748 0 4201 268 936 1177 57017 0 0 0 14803 859 3746 10198 0 456 454 2 105 75 30 71 1 1 1
2015 9 29 639 387 9639 0 6000 382 1336 1681 81479 0 0 0 14803 859 3746 10198 0 456 454 2 105 75 30 71 1 1 1
2015 9 30 736 434 10800 0 6718 428 1496 1882 91348 0 0 0 14803 859 3746 10198 0 456 454 2 105 75 30 71 1 1 1
2015 10 1 855 469 13062 0 7818 519 2931 0 98024 0 0 0 14980 873 3885 10222 0 467 464 3 105 75 30 71 2 1 1
2015 10 2 752 398 11774 0 6869 456 2575 0 87210 0 0 0 14980 873 3885 10222 0 467 464 3 105 75 30 71 2 1 1
2015 10 3 553 293 8681 0 5060 336 1897 0 64267 0 0 0 14980 873 3885 10222 0 467 464 3 105 75 30 71 2 1 1
2015 10 4 477 255 7590 0 4362 289 1635 0 55815 0 0 0 14980 873 3885 10222 0 467 464 3 105 75 30 71 2 1 1
2015 10 5 860 462 13821 0 7865 522 2948 0 101174 0 0 0 14980 873 3885 10222 0 467 464 3 105 75 30 71 2 1 1
2015 10 6 829 447 13378 0 7600 504 2849 0 97844 0 0 0 14980 873 3885 10222 0 467 464 3 105 75 30 71 2 1 1
2015 10 7 952 518 15572 0 8725 579 3271 0 113165 0 0 0 14980 873 3885 10222 0 467 464 3 105 75 30 71 2 1 1
2015 10 8 924 505 15327 0 8391 557 3145 0 110230 0 0 0 14980 873 3885 10222 0 467 464 3 105 75 30 71 2 1 1
2015 10 9 661 364 11022 0 6025 411 2246 0 79204 0 0 0 14980 873 3885 10222 0 467 464 3 105 75 30 71 2 1 1
2015 10 10 516 283 8582 0 4672 319 1742 0 61573 0 0 0 14980 873 3885 10222 0 467 464 3 105 75 30 71 2 1 1
2015 10 11 401 225 6945 0 3629 248 1353 0 48914 0 0 0 14980 873 3885 10222 0 467 464 3 105 75 30 71 2 1 1
2015 10 12 743 419 12974 0 6727 459 2507 0 91051 0 0 0 14980 873 3885 10222 0 467 464 3 105 75 30 71 2 1 1
2015 10 13 784 433 13328 0 6855 466 2543 0 93265 0 0 0 14980 873 3885 10222 0 467 464 3 105 75 30 71 2 1 1
2015 10 14 798 415 13216 0 6207 428 2345 0 89445 0 0 0 14980 873 3885 10222 0 467 464 3 105 75 30 71 2 1 1
2015 10 15 1202 503 15965 0 7356 514 2816 0 108345 0 0 0 14980 873 3885 10222 0 467 464 3 105 75 30 71 2 1 1
2015 10 16 1429 538 17094 0 7749 540 2962 0 115824 0 0 0 14980 873 3885 10222 0 467 464 3 105 75 30 71 2 1 1
2015 10 17 1134 426 13558 0 6036 428 2350 0 91445 0 0 0 14980 873 3885 10222 0 467 464 3 105 75 30 71 2 1 1
2015 10 18 895 336 10700 0 4765 338 1855 0 72180 0 0 0 14980 873 3885 10222 0 467 464 3 105 75 30 71 2 1 1
2015 10 19 1361 509 16174 0 7201 511 2803 0 109122 0 0 0 14980 873 3885 10222 0 467 464 3 105 75 30 71 2 1 1
2015 10 20 1388 521 16502 0 7384 521 2858 0 111476 0 0 0 14980 873 3885 10222 0 467 464 3 105 75 30 71 2 1 1
2015 10 21 1335 504 15901 0 7105 501 2749 0 107352 0 0 0 14980 873 3885 10222 0 467 464 3 105 75 30 71 2 1 1
2015 10 22 1360 513 16146 0 7256 510 2796 0 109207 0 0 0 14980 873 3885 10222 0 467 464 3 105 75 30 71 2 1 1
2015 10 23 1260 475 14914 0 6698 471 2581 0 100867 0 0 0 14980 873 3885 10222 0 467 464 3 105 75 30 71 2 1 1
2015 10 24 922 349 10970 0 4926 346 1898 0 74175 0 0 0 14980 873 3885 10222 0 467 464 3 105 75 30 71 2 1 1
2015 10 25 797 302 9481 0 4258 299 1641 0 64113 0 0 0 14980 873 3885 10222 0 467 464 3 105 75 30 71 2 1 1
2015 10 26 1335 503 15742 0 7123 496 2721 0 106684 0 0 0 14980 873 3885 10222 0 467 464 3 105 75 30 71 2 1 1
2015 10 27 1331 504 15688 0 7096 494 2805 0 106673 0 0 0 14980 873 3885 10222 0 467 464 3 105 75 30 71 2 1 1
2015 10 28 1346 511 15922 0 7169 499 2834 0 108063 0 0 0 14980 873 3885 10222 0 467 464 3 105 75 30 71 2 1 1
2015 10 29 868 508 10261 0 4616 322 1825 0 107268 9674 0 0 14980 873 3885 10222 0 467 464 3 105 75 30 71 2 1 1
2015 10 30 785 458 9216 0 4056 288 1758 0 96554 8707 0 0 14980 873 3885 10222 0 467 464 3 105 75 30 71 2 1 1
2015 10 31 982 386 12429 0 4988 361 2763 0 73212 7322 0 0 14980 873 3885 10222 0 467 464 3 105 75 30 71 2 1 1
2015 11 1 1005 347 12134 0 4847 280 3256 0 63407 6564 0 0 15403 916 4229 10258 0 487 484 3 106 76 30 71 2 1 1
2015 11 2 1341 347 16081 0 6403 369 4288 0 83587 8654 0 0 15403 916 4229 10258 0 487 484 3 106 76 30 71 2 1 1
2015 11 3 1541 400 18503 0 7364 424 4927 0 96142 9953 0 0 15403 916 4229 10258 0 487 484 3 106 76 30 71 2 1 1
2015 11 4 1486 387 18017 0 7103 409 4752 0 93229 9652 0 0 15403 916 4229 10258 0 487 484 3 106 76 30 71 2 1 1
2015 11 5 1506 398 18379 0 7197 414 4815 0 94836 9818 0 0 15403 916 4229 10258 0 487 484 3 106 76 30 71 2 1 1
2015 11 6 1467 391 18160 0 6987 402 4675 0 93021 9630 0 0 15403 916 4229 10258 0 487 484 3 106 76 30 71 2 1 1
2015 11 7 1176 315 14678 0 5642 325 3775 0 75127 7778 0 0 15403 916 4229 10258 0 487 484 3 106 76 30 71 2 1 1
2015 11 8 1068 287 13469 0 5125 295 3429 0 68638 7106 0 0 15403 916 4229 10258 0 487 484 3 106 76 30 71 2 1 1
2015 11 9 1616 431 20269 0 7662 441 5126 0 103062 10670 0 0 15403 916 4229 10258 0 487 484 3 106 76 30 71 2 1 1
2015 11 10 1679 454 21365 0 8041 460 5347 0 108286 11211 0 0 15403 916 4229 10258 0 487 484 3 106 76 30 71 2 1 1
2015 11 11 1749 476 22511 0 8333 477 5540 0 113331 11733 0 0 15403 916 4229 10258 0 487 484 3 106 76 30 71 2 1 1
2015 11 12 1504 408 19274 0 7139 407 4733 0 97034 10046 0 0 15403 916 4229 10258 0 487 484 3 106 76 30 71 2 1 1
2015 11 13 1837 426 20331 0 7107 411 4783 0 101177 10475 0 0 15403 916 4229 10258 0 487 484 3 106 76 30 71 2 1 1
2015 11 14 1266 293 13964 0 4856 279 3254 0 69333 7178 0 0 15403 916 4229 10258 0 487 484 3 106 76 30 71 2 1 1
2015 11 15 1067 246 11842 0 3970 229 2693 0 58124 6017 0 0 15403 916 4229 10258 0 487 484 3 106 76 30 71 2 1 1
2015 11 16 1960 447 21704 0 7163 417 4898 0 106090 10983 0 0 15403 916 4229 10258 0 487 484 3 106 76 30 71 2 1 1
2015 11 17 2139 485 23543 0 7753 452 5307 0 115046 11910 0 0 15403 916 4229 10258 0 487 484 3 106 76 30 71 2 1 1
2015 11 18 2537 507 24843 0 7859 468 5513 0 120988 12526 0 0 15403 916 4229 10258 0 487 484 3 106 76 30 71 2 1 1
2015 11 19 2496 476 23379 0 7137 463 5167 0 113422 11742 0 0 15403 916 4229 10258 0 487 484 3 106 76 30 71 2 1 1
2015 11 20 3711 710 34756 0 10608 688 7680 0 168611 17456 0 0 15403 916 4229 10258 0 487 484 3 106 76 30 71 2 1 1
2015 11 21 2066 390 19008 0 5804 376 4210 0 92359 9562 0 0 15403 916 4229 10258 0 487 484 3 106 76 30 71 2 1 1
2015 11 22 1622 306 14921 0 4557 295 3306 0 72509 7507 0 0 15403 916 4229 10258 0 487 484 3 106 76 30 71 2 1 1
2015 11 23 2347 436 21185 0 6484 419 4691 0 103108 10674 0 0 15403 916 4229 10258 0 487 484 3 106 76 30 71 2 1 1
2015 11 24 2472 458 22248 0 6814 440 4925 0 108315 11214 0 0 15403 916 4229 10258 0 487 484 3 106 76 30 71 2 1 1
2015 11 25 3444 636 30881 0 9473 612 6846 0 150459 15577 0 0 15403 916 4229 10258 0 487 484 3 106 76 30 71 2 1 1
2015 11 26 3414 632 30630 0 9391 607 6787 0 149205 15447 0 0 15403 916 4229 10258 0 487 484 3 106 76 30 71 2 1 1
2015 11 27 2644 490 23515 0 7219 465 5209 0 114651 11870 0 0 15403 916 4229 10258 0 487 484 3 106 76 30 71 2 1 1
2015 11 28 2276 427 20261 0 6214 401 4483 0 98759 10224 0 0 15403 916 4229 10258 0 487 484 3 106 76 30 71 2 1 1
2015 11 29 2494 469 22167 0 6796 438 4904 0 108060 11187 0 0 15403 916 4229 10258 0 487 484 3 106 76 30 71 2 1 1
2015 11 30 2661 502 23617 0 7230 466 5217 0 115088 11915 0 0 15403 916 4229 10258 0 487 484 3 106 76 30 71 2 1 1
2015 12 1 3797 791 34405 0 9642 808 10937 0 158034 42681 0 0 16078 935 4832 10311 0 503 500 3 108 78 30 71 2 1 1
2015 12 2 2506 476 23503 0 6404 534 7228 0 106396 28735 0 0 16078 935 4832 10311 0 503 500 3 108 78 30 71 2 1 1
2015 12 3 2512 477 23602 0 6395 533 7218 0 106620 28795 0 0 16078 935 4832 10311 0 503 500 3 108 78 30 71 2 1 1
2015 12 4 3094 590 29150 0 7865 655 8876 0 131469 35506 0 0 16078 935 4832 10311 0 503 500 3 108 78 30 71 2 1 1
2015 12 5 1966 378 18668 0 4996 416 5639 0 83920 22665 0 0 16078 935 4832 10311 0 503 500 3 108 78 30 71 2 1 1
2015 12 6 2758 530 26166 0 6998 583 7898 0 117607 31762 0 0 16078 935 4832 10311 0 503 500 3 108 78 30 71 2 1 1
2015 12 7 2591 503 24792 0 6583 549 7429 0 111099 30005 0 0 16078 935 4832 10311 0 503 500 3 108 78 30 71 2 1 1
2015 12 8 2400 480 23000 0 6000 510 7000 0 100000 28500 0 0 16078 935 4832 10311 0 503 500 3 108 78 30 71 2 1 1
2015 12 9 2300 460 22000 0 5500 480 6500 0 900000 27500 0 0 16078 935 4832 10311 0 503 500 3 108 78 30 71 2 1 1
2015 12 10 2200 440 21000 0 5000 450 6000 0 800000 26500 0 0 16078 935 4832 10311 0 503 500 3 108 78 30 71 2 1 1
2015 12 11 2057 415 20286 0 5215 435 5876 0 89730 24234 0 0 16078 935 4832 10311 0 503 500 3 108 78 30 71 2 1 1
2015 12 12 1766 358 17452 0 4478 374 5045 0 77139 20833 0 0 16078 935 4832 10311 0 503 500 3 108 78 30 71 2 1 1
2015 12 13 2136 434 21098 0 5425 452 6112 0 93326 25205 0 0 16078 935 4832 10311 0 503 500 3 108 78 30 71 2 1 1
2015 12 14 2960 602 29254 0 7516 627 8468 0 129363 34938 0 0 16078 935 4832 10311 0 503 500 3 108 78 30 71 2 1 1
2015 12 15 2189 445 21530 0 5544 462 6246 0 95316 25742 0 0 16078 935 4832 10311 0 503 500 3 108 78 30 71 2 1 1
2015 12 16 2282 453 21933 0 5487 472 6376 0 96849 26156 0 0 16078 935 4832 10311 0 503 500 3 108 78 30 71 2 1 1
2015 12 17 4108 817 39534 0 9777 853 11535 0 174377 47095 0 0 16078 935 4832 10311 0 503 500 3 108 78 30 71 2 1 1
2015 12 18 2527 497 24186 0 5899 513 7059 0 106477 28757 0 0 16078 935 4832 10311 0 503 500 3 108 78 30 71 2 1 1
2015 12 19 2083 414 20053 0 4828 426 5868 0 88133 23802 0 0 16078 935 4832 10311 0 503 500 3 108 78 30 71 2 1 1
2015 12 20 3164 627 30596 0 7134 650 8951 0 133804 36137 0 0 16078 935 4832 10311 0 503 500 3 108 78 30 71 2 1 1
2015 12 21 2394 475 23103 0 5364 490 6768 0 101015 27282 0 0 16078 935 4832 10311 0 503 500 3 108 78 30 71 2 1 1
2015 12 22 2357 466 22547 0 5253 480 6625 0 98745 26668 0 0 16078 935 4832 10311 0 503 500 3 108 78 30 71 2 1 1
2015 12 23 3541 705 33803 0 7897 719 9937 0 148148 40011 0 0 16078 935 4832 10311 0 503 500 3 108 78 30 71 2 1 1
2015 12 24 2247 448 21392 0 4999 455 6287 0 93800 25331 0 0 16078 935 4832 10311 0 503 500 3 108 78 30 71 2 1 1
2015 12 25 2067 413 19699 0 4606 419 5793 0 86386 23329 0 0 16078 935 4832 10311 0 503 500 3 108 78 30 71 2 1 1
2015 12 26 3280 657 31305 0 7317 666 9203 0 137260 37068 0 0 16078 935 4832 10311 0 503 500 3 108 78 30 71 2 1 1
2015 12 27 7561 1519 72273 0 16907 1540 21265 0 316951 85594 0 0 16078 935 4832 10311 0 503 500 3 108 78 30 71 2 1 1
2015 12 28 3417 679 32074 0 7608 683 9436 0 141106 38106 0 0 16078 935 4832 10311 0 503 500 3 108 78 30 71 2 1 1
2015 12 29 2348 467 22007 0 5251 469 6481 0 96932 26177 0 0 16078 935 4832 10311 0 503 500 3 108 78 30 71 2 1 1
2015 12 30 3410 675 31706 0 7540 676 9340 0 139667 37717 0 0 16078 935 4832 10311 0 503 500 3 108 78 30 71 2 1 1
2015 12 31 2379 473 22129 0 5268 473 6587 0 97678 26378 0 0 16078 935 4832 10311 0 503 500 3 108 78 30 71 2 1 1
