year month date house_pred houseCooking_pred houseJHeating_pred salesOne_pred salesTwo_pred bizHeating_pred bizCooling_pred industry_pred heatFacility_pred heatCombined_pred CNG_pred pred_sum
2019 9 1 666.7 1462.8 5325.3 4918.2 487.9 647.7 1900.6 106375.7 15937.7 9496.0 19593.9 166812.5
2019 9 2 945.4 1554.8 7869.3 5122.3 635.9 667.7 2039.4 114317.0 17265.6 10714.8 24989.9 186122.2
2019 9 3 778.9 1717.3 7007.2 5717.3 634.2 758.3 2065.0 116342.0 18826.4 11301.6 27047.8 192196.1
2019 9 4 728.2 1563.4 6277.8 5366.1 634.2 712.0 1699.9 116694.3 17018.9 10741.8 21747.1 183183.7
2019 9 5 883.3 1422.6 7276.6 5067.3 699.5 691.5 1416.9 116694.3 13729.4 8064.1 14800.4 170746.0
2019 9 6 759.9 1537.0 6806.6 5319.6 618.3 726.7 1518.2 116192.1 15384.4 7298.1 22934.3 179095.2
2019 9 7 751.1 1412.7 7756.6 4762.2 837.0 647.5 1366.6 96408.3 13877.4 8486.1 22246.0 158551.5
2019 9 8 934.7 1549.8 8210.0 5282.9 869.4 721.9 1484.7 106375.7 15014.9 7846.3 20198.0 168488.1
2019 9 9 945.4 1499.4 7869.3 5025.2 635.9 681.8 1454.0 114317.0 14753.5 8345.8 22700.3 178227.7
2019 9 10 902.1 1705.3 7970.9 5586.0 661.4 768.6 1507.7 116342.0 17077.2 8828.0 30510.7 191859.8
2019 9 11 996.2 1482.7 9297.9 4873.6 1111.5 668.7 1255.7 116694.3 14766.0 9146.5 24908.9 185202.0
2019 9 12 730.6 1313.0 7610.3 3989.4 1001.3 568.0 953.1 93555.9 11766.3 6468.9 22913.7 150870.5
2019 9 13 607.2 1313.0 7140.3 3989.4 986.7 568.0 953.1 93334.5 11766.3 6468.9 22913.7 150041.0
2019 9 14 453.4 1313.0 5823.2 3989.4 697.6 568.0 953.1 75222.3 11766.3 6468.9 22913.7 130168.9
2019 9 15 934.7 1643.9 7964.1 5420.6 824.8 769.9 1271.1 106375.7 14496.2 6428.7 19938.2 166067.9
2019 9 16 1070.2 1565.2 7967.4 5100.9 644.6 720.8 1198.9 114317.0 13878.2 6963.1 21862.1 175288.5
2019 9 17 1047.0 1733.7 9982.2 5452.8 1137.6 768.0 1289.2 116342.0 15819.1 6941.6 30189.8 190702.8
2019 9 18 996.2 1459.0 9297.9 4644.7 1111.5 654.5 1091.0 116694.3 13007.2 6714.4 22121.8 177792.4
2019 9 19 1028.3 1391.4 9297.9 4475.6 1111.5 630.8 1047.6 116694.3 12209.9 7214.5 18891.8 173993.4
2019 9 20 884.7 1364.1 6914.6 4248.4 477.6 598.9 1002.7 116192.1 12417.4 5565.2 23200.4 172866.2
2019 9 21 730.9 1436.3 5843.3 4553.0 456.3 642.9 1070.7 96408.3 12614.7 7425.6 20661.9 151843.8
2019 9 22 934.7 1653.5 8210.0 5296.8 869.4 746.8 1223.3 106375.7 14271.6 6855.0 17260.1 163696.8
2019 9 23 1070.2 1537.0 7967.4 4836.3 644.6 678.4 1121.6 114317.0 13441.9 6786.9 19845.2 172246.5
2019 9 24 1026.9 1745.9 8068.9 5346.2 623.2 766.6 1227.8 116342.0 15561.9 6669.4 26100.6 183479.3
2019 9 25 996.2 1608.7 9297.9 4940.7 1111.5 740.5 1102.5 116694.3 14213.3 6520.0 22400.9 179626.6
2019 9 26 1028.3 1526.8 9052.0 4866.3 1066.9 748.3 1031.7 116694.3 13101.5 7365.5 16763.9 173245.5
2019 9 27 904.8 1498.8 8827.9 4778.8 1096.9 758.9 997.0 116192.1 13167.9 5428.0 19131.0 172782.0
2019 9 28 730.9 1336.8 5843.3 5279.9 456.3 1249.4 614.1 96408.3 12291.4 5176.8 18547.6 147934.6
2019 9 29 914.6 1554.7 6296.7 5987.3 488.6 1371.6 719.8 106375.7 14009.2 5158.1 17092.6 159968.7
2019 9 30 2184.5 1492.7 15050.5 5698.3 1039.0 1344.4 657.7 114317.0 13795.1 5041.1 21696.6 182316.7
