year month date insu_house insu_houseCooking insu_houseJHeating insu_houseCHeating insu_salesOne insu_salesTwo insu_bizHeating insu_bizCooling insu_industry insu_heatFacility insu_heatCombined insu_CNG	insu_sum
2019 1 1 5576 967 32590 0 6837 513 6575 0 115978 47589 3 14636	231266
2019 1 2 5454 880 31471 0 6723 501 6415 0 112446 46140 3 14191	224223
2019 1 3 7728 1254 44912 0 9530 710 9122 0 160120 65702 4 20207	319288
2019 1 4 7131 1194 41152 0 8701 650 8323 0 146776 60227 3 18523	292681
2019 1 5 7423 1238 41903 0 8921 666 8531 0 150120 61599 3 18945	299349
2019 1 6 5609 937 31735 0 6751 504 6456 0 113645 46632 3 14342	226615
2019 1 7 6687 1119 37973 0 8047 601 7696 0 135788 55718 3 17137	270770
2019 1 8 5583 925 31328 0 6656 497 6363 0 112246 46058 3 14166	223826
2019 1 9 7197 1272 39852 0 8593 640 8200 0 143724 58975 3 18138	286594
2019 1 10 7218 1289 40293 0 8686 647 8289 0 145185 59574 3 18322	289508
2019 1 11 7459 1332 41637 0 8985 669 8564 0 150046 61569 3 18936	299201
2019 1 12 7609 1348 42129 0 9087 676 8663 0 151938 62345 4 19175	302973
2019 1 13 6519 1157 36213 0 7777 578 7412 0 130394 53505 3 16456	260014
2019 1 14 6814 1208 37824 0 8108 603 7728 0 136142 55864 3 17181	271476
2019 1 15 5422 963 30149 0 6455 480 6150 0 108457 44503 3 13687	216269
2019 1 16 8360 1471 46035 0 9836 747 9402 0 165795 68031 4 20923	330605
2019 1 17 6890 1211 37914 0 8110 615 7743 0 136576 56042 3 17236	272341
2019 1 18 6986 1219 38119 0 8149 618 7780 0 137422 56389 3 17343	274028
2019 1 19 7567 1298 40684 0 8488 668 8273 0 146400 60073 3 18476	291931
2019 1 20 6281 1077 33777 0 7046 554 6867 0 121533 49869 3 15337	242344
2019 1 21 6385 1094 34340 0 7164 564 6982 0 123562 50702 3 15594	246390
2019 1 22 5666 957 30033 0 6259 492 6099 0 108211 44403 3 13656	215780
2019 1 23 8070 1356 42533 0 8867 697 8637 0 153356 62927 4 19354	305800
2019 1 24 8097 1358 42594 0 8872 698 8642 0 153574 63016 4 19381	306235
2019 1 25 8726 1464 45927 0 9556 751 9301 0 165521 67919 4 20889	330058
2019 1 26 9071 1518 47644 0 9937 777 9624 0 171737 70469 4 21673	342454
2019 1 27 7099 1188 37294 0 7777 608 7532 0 134419 55156 3 16964	268039
2019 1 28 7821 1308 41103 0 8566 670 8298 0 148122 60779 3 18693	295364
2019 1 29 6122 1021 32065 0 6674 522 6465 0 115557 47417 3 14583	230428
2019 1 30 8571 1409 44236 0 9197 719 8908 0 159651 65510 4 20148	318354
2019 1 31 8617 1412 44458 0 9264 721 8759 0 160007 65664 4 20195	319101
2019 2 1 8470 1357 43854 0 9167 737 8621 0 144703 69235 0 20537	306681
2019 2 2 8209 1328 43115 0 8873 714 8343 0 141448 67677 0 20075	299783
2019 2 3 7565 1213 40197 0 8150 655 7664 0 131154 62752 0 18614	277966
2019 2 4 8749 1398 46379 0 9366 753 8805 0 151202 72344 0 21459	320455
2019 2 5 6613 1060 35152 0 7086 570 6661 0 114512 54789 0 16252	242695
2019 2 6 9328 1509 50369 0 10002 802 9372 0 163092 78033 0 23147	345653
2019 2 7 7507 1174 40582 0 8059 646 7552 0 131302 62823 0 18635	278279
2019 2 8 8393 1321 45449 0 8990 720 8424 0 146889 70280 0 20847	311314
2019 2 9 7558 1287 40680 0 8093 648 7576 0 131949 63132 0 18727	279650
2019 2 10 6865 1173 37254 0 7358 588 6876 0 120471 57640 0 17098	255324
2019 2 11 7640 1313 41698 0 8242 658 7694 0 134758 64476 0 19125	285603
2019 2 12 5897 1018 32385 0 6399 503 5955 0 104523 50010 0 14834	221524
2019 2 13 7541 1291 40807 0 8208 645 7641 0 132532 63411 0 18810	280886
2019 2 14 6869 1192 37582 0 7724 602 7141 0 122465 58595 0 17381	259550
2019 2 15 6599 1176 37165 0 7708 597 7050 0 120832 57813 0 17149	256089
2019 2 16 5029 899 28411 0 5919 457 5396 0 92409 44214 0 13115	195849
2019 2 17 5627 1006 31777 0 6628 512 6042 0 103392 49469 0 14674	219127
2019 2 18 5828 1048 33104 0 6924 534 6305 0 107701 51531 0 15285	228260
2019 2 19 4782 895 28185 0 6144 470 5393 0 91922 43981 0 13046	194818
2019 2 20 6712 1256 39586 0 8619 659 7567 0 129055 61748 0 18316	273517
2019 2 21 6991 1307 41233 0 8949 684 7851 0 134298 64256 0 19060	284629
2019 2 22 6648 1244 39285 0 8608 650 7468 0 128063 61273 0 18175	271415
2019 2 23 6018 1125 35508 0 7754 586 6739 0 115692 55354 0 16420	245196
2019 2 24 5446 1020 32274 0 7010 530 6092 0 104955 50217 0 14896	222439
2019 2 25 5821 1092 34599 0 7503 567 6524 0 112437 53796 0 15957	238296
2019 2 26 4764 894 28368 0 6147 464 5339 0 92135 44083 0 13076	195270
2019 2 27 5979 1121 35633 0 7703 581 6687 0 115640 55329 0 16412	245086
2019 2 28 6171 1173 36722 0 8440 603 7226 0 121028 57889 0 17171	256424
2019 3 1 4904 1207 27872 0 6957 480 5215 0 147911 48305 23 20967	263840
2019 3 2 3715 911 21023 0 5235 361 3922 0 111540 36427 17 15811	198962
2019 3 3 4101 994 22758 0 5780 399 4330 0 121672 39736 19 17248	217036
2019 3 4 4224 1002 23397 0 5954 411 4461 0 125115 40860 19 17736	223178
2019 3 5 3820 888 20615 0 5286 364 3950 0 110768 36175 17 15702	197585
2019 3 6 5081 1162 26620 0 7025 483 5262 0 144734 47267 22 20517	258173
2019 3 7 4632 1215 24169 0 6391 439 4788 0 132054 43126 20 18719	235555
2019 3 8 5040 1373 26239 0 6945 476 5193 0 143571 46887 22 20352	256098
2019 3 9 4960 1364 25589 0 6828 467 5092 0 140505 45886 22 19917	250630
2019 3 10 4438 1203 22315 0 6121 419 4564 0 123888 40459 19 17562	220989
2019 3 11 4630 1238 22745 0 6386 437 4762 0 127492 41637 20 18073	227418
2019 3 12 4068 1099 20191 0 5697 388 4226 0 113129 36946 17 16037	201796
2019 3 13 4465 1351 25042 0 7288 433 5297 0 139159 45446 21 19726	248228
2019 3 14 3954 1203 21553 0 6948 410 5007 0 123932 40474 19 17568	221067
2019 3 15 3204 979 17570 0 5658 334 4077 0 100931 32962 15 14307	180038
2019 3 16 4078 1245 22363 0 7164 422 5160 0 128240 41881 20 18179	228752
2019 3 17 3420 1083 19473 0 6315 371 4537 0 111642 36460 17 15826	199145
2019 3 18 3652 1228 22117 0 7326 427 5187 0 126669 41368 19 17956	225950
2019 3 19 3014 1053 18987 0 6421 373 4407 0 108644 35481 17 15401	193797
2019 3 20 3177 1107 19971 0 6745 392 4629 0 114250 37312 18 16196	203797
2019 3 21 4099 1427 25734 0 8691 505 5965 0 147234 48084 23 20871	262633
2019 3 22 4192 1459 26312 0 8878 516 6093 0 150501 49151 23 21334	268460
2019 3 23 3985 1388 25031 0 8432 490 5787 0 143084 46728 22 20283	255230
2019 3 24 3389 1180 21297 0 7164 416 4914 0 121669 39735 19 17247	217030
2019 3 25 2897 1012 18293 0 6139 357 4211 0 104378 34088 16 14796	186187
2019 3 26 3192 1116 20163 0 6758 393 4635 0 114999 37556 18 16302	205132
2019 3 27 3565 1246 22523 0 7545 438 5172 0 128422 41940 20 18204	229076
2019 3 28 2859 988 17874 0 6001 348 4037 0 101829 33255 16 14435	181641
2019 3 29 3661 1249 22912 0 7459 445 4696 0 128880 42044 46 18249	229641
2019 3 30 3561 1215 22320 0 7268 433 4514 0 125334 40887 45 17747	223323
2019 3 31 2284 794 13965 0 4735 279 2658 0 82922 26730 30 11602	146000
2019 4 1 2023 947 12267 0 4218 247 1925 0 112205 24642 35 15596	174105
2019 4 2 1807 842 10915 0 3751 220 1711 0 99856 21930 31 13880	154944
2019 4 3 1944 900 11719 0 4035 237 1841 0 107266 23557 34 14910	166441
2019 4 4 2324 1094 13781 0 4767 280 2175 0 126704 27826 40 17611	196602
2019 4 5 2174 991 12570 0 4474 261 2034 0 116760 25642 37 16229	181173
2019 4 6 2790 1251 15720 0 5710 335 2604 0 147397 32371 46 20488	228711
2019 4 7 2583 1157 14517 0 5284 310 2410 0 136245 29922 43 18938	211407
2019 4 8 2479 1109 13918 0 5071 297 2312 0 130677 28699 41 18164	202767
2019 4 9 2415 1081 13493 0 4938 289 2252 0 126954 27881 40 17646	196991
2019 4 10 2370 1062 13263 0 4841 284 2208 0 124666 27379 39 17328	193441
2019 4 11 2728 1220 15231 0 5563 326 2536 0 143217 31453 45 19907	222226
2019 4 12 2431 1203 15065 0 5614 329 2560 0 141129 30994 44 19616	218985
2019 4 13 1831 986 12351 0 4724 269 2153 0 115770 25425 36 16092	179636
2019 4 14 2101 1169 14456 0 5790 328 2603 0 137208 30133 43 19071	212901
2019 4 15 2130 1184 14640 0 5870 332 2639 0 139021 30531 44 19323	215715
2019 4 16 1785 947 11238 0 4935 279 2218 0 111037 24385 35 15434	172292
2019 4 17 1711 964 11482 0 5068 287 2276 0 113046 24827 36 15713	175410
2019 4 18 2144 1280 15430 0 6652 391 3069 0 150287 33005 47 20889	233196
2019 4 19 1947 1162 14011 0 6037 355 2786 0 136434 29963 43 18964	211700
2019 4 20 2414 1445 17371 0 7574 440 3449 0 169620 37251 53 23577	263194
2019 4 21 1538 923 11096 0 4832 280 2201 0 108280 23780 34 15050	168014
2019 4 22 1972 1182 14215 0 6190 359 2819 0 138719 30465 44 19281	215246
2019 4 23 1948 1168 14060 0 6115 355 2785 0 137139 30118 43 19062	212794
2019 4 24 1806 1083 13035 0 5670 329 2579 0 127112 27916 40 17668	197236
2019 4 25 2452 1471 17700 0 7697 445 3493 0 172557 37896 54 23985	267752
2019 4 26 1918 1147 13802 0 6006 347 2723 0 134601 29561 42 18709	208856
2019 4 27 1792 1057 12866 0 5518 324 2345 0 123960 27224 30 17230	192345
2019 4 28 1586 933 11373 0 4873 286 2071 0 109542 24057 27 15226	169973
2019 4 29 1768 1040 12677 0 5430 319 2308 0 122095 26814 30 16971	189451
2019 4 30 1556 915 11144 0 4765 279 2025 0 107277 23560 26 14911	166459
2019 5 1 1299 959 9023 0 3941 228 865 419 122064 19173 27 16601	174599
2019 5 2 1383 1017 9533 0 4202 243 923 447 129449 20333 29 17605	185163
2019 5 3 1837 1339 12539 0 5566 321 1221 591 170783 26825 38 23227	244287
2019 5 4 1444 995 9510 0 4379 252 960 465 131325 20627 29 17860	187846
2019 5 5 1419 1001 9068 0 4304 248 943 457 127213 19981 28 17301	181965
2019 5 6 1038 731 6609 0 3149 181 690 334 92875 14588 21 12631	132847
2019 5 7 1670 1175 10611 0 5066 292 1110 538 149244 23442 33 20297	213478
2019 5 8 1317 926 8354 0 4000 230 873 423 117593 18470 26 15993	168204
2019 5 9 1405 985 8696 0 4263 245 931 451 123814 19447 28 16839	177103
2019 5 10 1748 1286 10866 0 5363 308 1170 566 155414 24411 35 21136	222303
2019 5 11 1240 1010 8472 0 4361 248 939 457 122005 19163 27 16593	174515
2019 5 12 1021 885 7402 0 3909 222 838 408 107117 16825 24 14568	153220
2019 5 13 1360 1203 10016 0 5369 305 1152 561 145631 22874 33 19806	208310
2019 5 14 1164 1036 8540 0 4689 266 1003 489 125368 19691 28 17050	179325
2019 5 15 1112 1033 8162 0 4997 281 1039 517 125036 19639 28 17005	178850
2019 5 16 1017 1029 8076 0 5109 284 1050 522 124634 19576 28 16950	178275
2019 5 17 1190 1349 10621 0 6793 384 1369 688 163350 25657 37 22216	233654
2019 5 18 915 1034 8143 0 5207 294 1050 527 125239 19671 28 17033	179141
2019 5 19 773 873 6883 0 4392 248 885 445 105764 16612 24 14384	151284
2019 5 20 941 1062 8378 0 5345 302 1078 541 128724 20219 29 17507	184126
2019 5 21 890 1003 7908 0 5043 285 1016 511 121487 19082 27 16522	173774
2019 5 22 850 958 7558 0 4823 273 972 488 116135 18241 26 15794	166118
2019 5 23 912 1016 8016 0 5100 288 1027 516 123092 19334 28 16741	176070
2019 5 24 1092 1212 9557 0 6092 344 1227 617 146911 23075 33 19980	210141
2019 5 25 851 944 7436 0 4748 268 956 495 114498 17984 26 15572	163777
2019 5 26 684 759 5985 0 3820 216 769 399 92144 14473 21 12532	131802
2019 5 27 976 1082 8533 0 5448 308 1097 568 131374 20635 29 17867	187916
2019 5 28 910 1008 7931 0 5081 287 1023 530 122319 19213 27 16635	174964
2019 5 29 909 1006 7919 0 5070 287 1022 529 122117 19181 27 16608	174675
2019 5 30 922 1020 8021 0 5107 290 969 669 123911 19463 18 16852	177242
2019 5 31 1196 1363 10376 0 6616 331 1133 1683 165560 26003 24 22515	236799
2019 6 1 730 1008 6160 0 4051 202 710 1241 122918 18024 18 19906	174967
2019 6 2 617 852 5194 0 3427 171 601 1050 103831 15225 15 16815	147798
2019 6 3 698 963 5867 0 3873 193 679 1186 117321 17203 17 18999	167000
2019 6 4 676 943 5676 0 3776 187 657 1148 113870 16697 17 18440	162088
2019 6 5 692 955 5795 0 3849 192 674 1178 116241 17045 17 18824	165463
2019 6 6 839 1159 6892 0 4661 233 816 1426 139696 20484 21 22623	198849
2019 6 7 646 952 5082 0 3484 173 606 1059 104616 15340 15 16942	148915
2019 6 8 608 989 4775 0 3279 162 570 997 99200 14546 15 16065	141206
2019 6 9 544 883 4247 0 2936 145 511 892 88546 12984 13 14339	126041
2019 6 10 749 1206 5748 0 4039 200 703 1228 120917 17730 18 19582	172119
2019 6 11 625 1112 4718 0 3374 167 586 1025 101176 14836 15 16385	144019
2019 6 12 657 1204 5056 0 3697 183 642 1122 109488 16054 16 17731	155850
2019 6 13 726 1301 5550 0 4249 210 738 1290 122596 17976 18 19853	174508
2019 6 14 716 1297 5384 0 4380 216 761 1330 122765 18001 18 19881	174749
2019 6 15 600 1168 4811 0 4005 195 690 1206 110486 16201 16 17892	157270
2019 6 16 470 1022 4172 0 3515 172 601 1059 95971 14072 14 15542	136609
2019 6 17 586 1274 5207 0 4383 214 750 1320 119714 17554 18 19387	170406
2019 6 18 539 1161 4749 0 3974 195 683 1205 109017 15985 16 17654	155180
2019 6 19 549 1207 4927 0 4141 209 715 1263 113412 16630 17 18366	161436
2019 6 20 544 1197 4877 0 4114 207 708 1251 112429 16486 17 18207	160037
2019 6 21 666 1467 5981 0 5049 253 867 1530 137836 20211 20 22321	196202
2019 6 22 516 1135 4635 0 3902 196 671 1184 106685 15643 16 17277	151860
2019 6 23 461 1011 4119 0 3486 175 600 1058 95098 13944 14 15400	135367
2019 6 24 576 1261 5141 0 4354 219 749 1322 118743 17412 17 19229	169024
2019 6 25 523 1144 4667 0 3948 198 679 1199 107724 15796 16 17445	153339
2019 6 26 583 1275 5202 0 4406 221 758 1337 120134 17615 18 19455	171004
2019 6 27 584 1274 5168 0 4416 222 759 1340 119971 17592 18 19428	170772
2019 6 28 748 1685 6619 0 5569 284 902 2248 157292 23064 13 25472	223897
2019 6 29 531 1229 4737 0 3960 202 640 1595 112330 16471 10 18191	159895
2019 6 30 441 961 3934 0 3267 155 510 1593 87039 12877 7 14222	125005
2019 7 1 495 1287 4322 0 3614 175 468 2002 112133 22686 10 20317	167508
2019 7 2 447 1075 3869 0 3261 158 422 1842 100443 20321 9 18199	150045
2019 7 3 440 1048 3807 0 3240 155 415 1812 99019 20033 9 17941	147918
2019 7 4 454 1074 3886 0 3334 159 427 1864 101585 20552 9 18406	151751
2019 7 5 645 1517 5456 0 4728 226 606 2644 143539 29039 16 26007	214422
2019 7 6 447 1041 3692 0 3278 157 420 1831 98579 19943 11 17861	147260
2019 7 7 368 839 2959 0 2699 129 346 1509 80279 16241 9 14545	119923
2019 7 8 492 1118 3941 0 3609 173 462 2017 107158 21679 12 19416	160076
2019 7 9 443 1015 3539 0 3245 155 416 1814 96410 19505 11 17468	144020
2019 7 10 456 1057 3566 0 3330 159 426 1861 98479 19923 11 17843	147111
2019 7 11 475 1106 3734 0 3486 167 446 1948 103083 20855 11 18677	153988
2019 7 12 639 1592 5306 0 5069 244 653 2848 148337 30010 16 26877	221590
2019 7 13 589 1452 4786 0 4648 224 600 2618 135339 27380 15 24522	202173
2019 7 14 384 978 3225 0 3142 151 403 1760 91127 18436 10 16511	136128
2019 7 15 517 1310 4339 0 4252 204 546 2382 122934 24871 13 22274	183642
2019 7 16 428 1079 3432 0 3588 171 459 2004 101262 20486 11 18347	151268
2019 7 17 412 1030 3211 0 3456 165 443 1932 96603 19544 11 17503	144308
2019 7 18 521 1395 4306 0 4753 225 601 2629 130911 26485 14 23719	195559
2019 7 19 350 1039 3217 0 3556 156 450 1976 97472 19719 11 17661	145606
2019 7 20 459 1362 4219 0 4663 204 589 2590 127800 25855 14 23156	190912
2019 7 21 275 817 2530 0 2797 123 354 1554 76654 15508 8 13889	114508
2019 7 22 327 970 3005 0 3325 146 420 1847 91079 18426 10 16502	136057
2019 7 23 327 973 3029 0 3333 146 421 1847 91418 18495 10 16564	136563
2019 7 24 358 1063 3291 0 3673 158 457 2006 99853 20201 11 18092	149164
2019 7 25 432 1283 3973 0 4434 191 552 2422 120536 24385 13 21839	180060
2019 7 26 329 976 3028 0 3380 146 421 1846 91861 18584 10 16644	137224
2019 7 27 443 1308 4075 0 4555 196 566 2485 123644 25014 14 22403	184703
2019 7 28 243 707 2212 0 2406 108 280 1418 66857 13526 4 12114	99876
2019 7 29 356 1039 3269 0 3555 159 380 2096 98406 19909 6 17830	147007
2019 7 30 341 997 3132 0 3425 152 364 2007 94457 19110 6 17115	141107
2019 7 31 347 1009 3183 0 3438 155 369 2040 95552 19332 6 17313	142743
2019 8 1 385 1358 3470 0 3778 193 396 2469 121185 24316 13056 22604	193209
2019 8 2 282 985 2537 0 2765 141 290 1808 88589 17775 9544 16524	141240
2019 8 3 382 1337 3386 0 3742 280 392 2446 120323 24143 12963 22444	191836
2019 8 4 240 838 2107 0 2357 176 247 1541 75503 15150 8134 14083	120378
2019 8 5 282 978 2441 0 2768 207 290 1809 88255 17708 9508 16462	140708
2019 8 6 297 1023 2541 0 2910 218 305 1902 92484 18557 9964 17251	147451
2019 8 7 296 1012 2495 0 2899 217 304 1895 91706 18401 9880 17106	146210
2019 8 8 392 1327 3307 0 3841 288 402 2512 121385 24356 13077 22642	193529
2019 8 9 292 953 2465 0 2865 214 300 1873 90156 18090 9713 16817	143739
2019 8 10 371 1208 3105 0 3637 272 381 2378 114194 22913 12302 21300	182064
2019 8 11 222 710 1837 0 2138 160 225 1401 67326 13509 7253 12558	107341
2019 8 12 215 685 1777 0 2058 154 217 1350 64927 13027 6995 12111	103515
2019 8 13 385 1224 3174 0 3678 276 387 2411 116000 23275 12497 21637	184943
2019 8 14 284 896 2283 0 2716 204 286 1780 84961 17047 9153 15848	135456
2019 8 15 285 901 2287 0 2712 204 286 1783 85069 17069 9165 15868	135629
2019 8 16 305 1004 2556 0 3022 228 319 1991 94791 19020 10212 17681	151129
2019 8 17 404 1299 3347 0 3852 296 415 2584 122662 24612 13215 22880	195565
2019 8 18 322 1012 2629 0 2949 232 325 2025 95494 19161 10288 17812	152249
2019 8 19 209 652 1702 0 1892 150 211 1310 61610 12362 6637 11492	98227
2019 8 20 314 971 2545 0 2777 231 319 1958 91683 18396 9877 17101	146173
2019 8 21 324 999 2621 0 2859 238 329 2016 94389 18939 10169 17606	150488
2019 8 22 477 1471 3884 0 4207 350 484 2967 139195 27929 14996 25964	221924
2019 8 23 363 1113 2939 0 3183 265 366 2245 105340 21136 11349 19649	167947
2019 8 24 339 1041 2739 0 3001 247 341 2092 98569 19778 10619 18386	157153
2019 8 25 310 950 2501 0 2738 225 311 1909 89956 18050 9691 16779	143421
2019 8 26 444 1360 3583 0 3923 322 446 2736 128882 25860 13885 24040	205482
2019 8 27 338 1036 2731 0 2989 246 340 2084 98196 19703 10579 18316	156557
2019 8 28 377 1155 3041 0 3333 273 378 2320 109408 21953 11787 20408	174433
2019 8 29 429 1314 3462 0 3794 311 430 2640 124521 24985 13415 23227	198529
2019 8 30 571 1660 4605 0 5165 414 689 2518 157380 31578 16980 29356	250917
2019 8 31 468 1360 3769 0 4372 388 580 1871 129076 25898 13926 24075	205784
2019 9 1 281 747 2285 0 2631 233 405 815 78884 12570 33 13756	112640
2019 9 2 441 1194 3586 0 4118 366 635 1278 123874 19739 52 21601	176883
2019 9 3 370 1013 3067 0 3464 306 531 1070 104729 16688 44 18263	149545
2019 9 4 387 1077 3343 0 3620 320 555 1118 111122 17707 46 19377	158674
2019 9 5 378 1050 3282 0 3513 310 539 1085 108298 17257 45 18885	154642
2019 9 6 502 1408 4479 0 4662 412 715 1439 145182 23134 61 25317	207309
2019 9 7 356 1036 3316 0 3299 292 507 1020 104760 16693 44 18268	149590
2019 9 8 285 840 2734 0 2638 233 405 815 84770 13508 35 14782	121045
2019 9 9 405 1253 4085 0 3758 332 577 1161 123380 19660 52 21515	176178
2019 9 10 367 1181 3607 0 3308 292 508 1022 109681 17477 46 19126	156617
2019 9 11 369 1229 3737 0 3323 294 510 1027 111845 17822 47 19503	159706
2019 9 12 352 1184 3692 0 3147 278 483 972 107785 17175 45 18795	153909
2019 9 13 535 1597 5376 0 3975 345 601 1208 145421 23172 61 25358	207650
2019 9 14 439 1203 4007 0 2954 256 446 896 109471 17434 46 19079	156232
2019 9 15 447 1026 3400 0 2486 215 375 751 93375 14871 39 16274	133260
2019 9 16 498 1136 3780 0 2741 237 414 829 103392 16466 43 18020	147556
2019 9 17 508 1156 3855 0 2785 240 419 840 105201 16754 44 18335	150137
2019 9 18 728 1252 4148 0 2928 254 432 867 113849 18132 48 19842	162480
2019 9 19 732 1257 4169 0 2942 255 434 871 114397 18219 48 19938	163261
2019 9 20 952 1633 5418 0 3823 331 564 1131 148638 23672 62 25905	212128
2019 9 21 677 1160 3854 0 2716 235 400 804 105658 16827 44 18415	150790
2019 9 22 574 983 3264 0 2298 199 339 680 89469 14249 37 15593	127686
2019 9 23 716 1227 4080 0 2869 249 423 849 111740 17796 47 19474	159469
2019 9 24 459 787 2617 0 1840 159 271 544 71665 11413 30 12490	102277
2019 9 25 489 839 2789 0 1961 170 289 580 76378 12164 32 13312	109003
2019 9 26 552 945 3143 0 2210 192 326 654 86072 13708 36 15001	122837
2019 9 27 711 1220 4061 0 2850 247 420 843 111097 17693 46 19362	158552
2019 9 28 855 1483 4938 0 3458 296 756 776 135052 21509 81 23538	192741
2019 9 29 616 902 3490 0 2483 216 543 450 81140 13090 49 14325	117305
2019 9 30 802 1175 4550 0 3235 281 715 586 105809 17070 64 18681	152969
2019 10 1 1507 1183 8697 0 6080 523 2175 0 100873 17912 45 14629	153622
2019 10 2 1642 1253 9506 0 6626 570 2371 0 109891 19513 49 15937	167357
2019 10 3 2092 1590 12129 0 8446 726 3021 0 140094 24876 62 20317	213353
2019 10 4 1580 1197 9215 0 6289 541 2250 0 105411 18717 47 15287	160533
2019 10 5 1687 1280 10092 0 6705 576 2399 0 113752 20199 50 16497	173237
2019 10 6 1503 1053 9161 0 5978 513 2133 0 101752 18068 45 14757	154962