year month date avgTemp maxTemp minTemp
2019 01 01 2.30 7.10 -1.00
2019 01 02 2.20 8.40 -2.90
2019 01 03 0.20 3.80 -2.50
2019 01 04 -0.60 2.10 -2.30
2019 01 05 1.40 5.20 -1.20
2019 01 06 2.30 7.20 -1.30
2019 01 07 2.60 6.90 -2.20
2019 01 08 3.60 5.40 2.20
2019 01 09 -0.10 2.90 -1.90
2019 01 10 -3.10 0.10 -5.00
2019 01 11 -6.00 -2.30 -8.60
2019 01 12 -6.40 -1.90 -10.20
2019 01 13 -1.90 4.70 -7.20
2019 01 14 1.30 8.50 -4.20
2019 01 15 5.30 11.40 1.30
2019 01 16 4.80 8.00 1.80
2019 01 17 5.60 8.50 4.30
2019 01 18 5.10 9.90 1.20
2019 01 19 2.40 9.10 -1.70
2019 01 20 2.90 9.70 -3.20
2019 01 21 3.70 9.80 -1.10
2019 01 22 5.30 10.60 1.40
2019 01 23 -4.10 1.40 -7.20
2019 01 24 -8.00 -4.10 -11.20
2019 01 25 -7.50 -3.10 -10.60
2019 01 26 -7.90 -3.60 -10.80
2019 01 27 -4.60 3.00 -11.50
2019 01 28 -1.10 3.20 -3.70
2019 01 29 -3.90 0.30 -6.50
2019 01 30 -2.80 2.60 -8.60
2019 01 31 -0.40 4.20 -5.00
2019 02 01 -0.10 5.30 -3.90
2019 02 02 -0.90 4.60 -5.00
2019 02 03 -3.40 -1.30 -5.50
2019 02 04 -5.90 -3.00 -8.30
2019 02 05 -5.60 -1.70 -8.50
2019 02 06 -6.50 -2.80 -9.80
2019 02 07 -4.20 1.40 -10.00
2019 02 08 -0.20 7.90 -7.20
2019 02 09 3.80 9.20 -1.00
2019 02 10 2.20 7.40 -2.30
2019 02 11 -1.90 1.30 -3.80
2019 02 12 -2.90 -0.10 -6.50
2019 02 13 1.30 6.60 -2.90
2019 02 14 5.90 14.20 -1.00
2019 02 15 3.00 8.70 -0.10
2019 02 16 2.50 8.40 -1.60
2019 02 17 1.20 6.50 -1.80
2019 02 18 3.70 9.50 -2.50
2019 02 19 6.10 11.50 2.00
2019 02 20 4.80 10.80 -0.80
2019 02 21 1.80 5.10 -1.10
2019 02 22 2.30 9.00 -3.90
2019 02 23 6.30 12.80 0.90
2019 02 24 6.60 12.00 1.70
2019 02 25 6.50 12.80 2.10
2019 02 26 6.30 15.70 -1.80
2019 02 27 8.30 15.90 0.10
2019 02 28 8.00 11.30 4.00
2019 03 01 3.10 6.10 -0.90
2019 03 02 3.40 12.70 -3.10
2019 03 03 9.90 19.20 1.20
2019 03 04 14.80 20.20 9.90
2019 03 05 10.70 16.30 7.20
2019 03 06 8.90 15.50 3.30
2019 03 07 6.80 11.90 4.00
2019 03 08 3.80 6.10 1.60
2019 03 09 4.80 10.00 1.40
2019 03 10 5.20 13.30 0.90
2019 03 11 7.70 16.10 1.00
2019 03 12 10.10 19.30 2.80
2019 03 13 13.70 21.20 5.80
2019 03 14 16.70 24.80 9.60
2019 03 15 14.20 17.00 9.20
2019 03 16 8.10 11.90 6.30
2019 03 17 8.90 15.90 3.70
2019 03 18 9.80 15.40 3.60
2019 03 19 11.80 14.60 8.60
2019 03 20 7.70 13.60 1.30
2019 03 21 2.30 4.60 0.50
2019 03 22 5.80 12.10 1.70
2019 03 23 6.90 15.20 0.60
2019 03 24 9.80 17.80 2.00
2019 03 25 12.00 20.10 5.10
2019 03 26 12.90 21.60 7.00
2019 03 27 14.50 22.60 7.60
2019 03 28 15.60 23.40 8.60
2019 03 29 17.00 24.10 13.40
2019 03 30 16.60 23.80 12.30
2019 03 31 17.10 24.80 10.50
2019 04 01 18.10 23.50 13.40
2019 04 02 18.90 26.50 12.70
2019 04 03 20.00 26.60 13.90
2019 04 04 16.00 19.10 13.30
2019 04 05 12.40 14.40 11.20
2019 04 06 9.30 12.80 4.90
2019 04 07 5.00 9.70 1.10
2019 04 08 9.50 15.50 2.30
2019 04 09 14.10 21.60 8.00
2019 04 10 17.50 24.00 9.30
2019 04 11 16.50 22.60 10.90
2019 04 12 13.60 20.90 6.40
2019 04 13 14.80 19.10 10.40
2019 04 14 10.90 15.10 8.10
2019 04 15 10.10 16.40 6.50
2019 04 16 11.60 18.70 4.70
2019 04 17 14.00 21.90 8.70
2019 04 18 13.80 23.00 7.00
2019 04 19 15.20 25.90 6.00
2019 04 20 19.30 30.20 9.60
2019 04 21 19.70 29.70 11.20
2019 04 22 19.40 24.10 16.20
2019 04 23 15.30 17.60 14.40
2019 04 24 14.00 16.40 12.40
2019 04 25 15.90 23.00 12.10
2019 04 26 15.90 24.40 9.70
2019 04 27 16.20 23.40 9.60
2019 04 28 17.80 25.90 11.10
2019 04 29 17.90 26.20 9.80
2019 04 30 19.50 26.00 16.10
2019 05 01 19.70 24.20 16.00
2019 05 02 16.30 20.90 10.70
2019 05 03 12.40 17.20 9.30
2019 05 04 14.80 21.80 7.80
2019 05 05 18.40 25.70 10.10
2019 05 06 17.20 19.10 15.60
2019 05 07 18.40 22.40 16.30
2019 05 08 18.10 23.90 14.80
2019 05 09 16.80 22.60 13.80
2019 05 10 17.00 24.80 12.70
2019 05 11 17.80 24.60 11.00
2019 05 12 18.20 21.00 16.30
2019 05 13 18.50 23.30 15.40
2019 05 14 20.90 28.50 13.30
2019 05 15 23.90 31.10 16.90
2019 05 16 24.60 26.30 23.00
2019 05 17 24.40 25.70 23.30
2019 05 18 20.70 23.80 17.70
2019 05 19 18.20 24.20 14.60
2019 05 20 18.50 25.90 11.90
2019 05 21 18.60 24.50 11.00
2019 05 22 19.40 25.60 14.90
2019 05 23 19.10 24.90 14.00
2019 05 24 19.60 28.40 10.80
2019 05 25 21.00 28.10 13.40
2019 05 26 22.30 30.30 15.00
2019 05 27 21.80 27.80 16.80
2019 05 28 21.70 27.30 18.30
2019 05 29 23.60 29.90 18.90
2019 05 30 21.60 25.90 18.30
2019 05 31 20.10 26.30 16.20
2019 06 01 23.90 31.90 15.70
2019 06 02 25.00 32.40 17.30
2019 06 03 24.10 31.40 18.50
2019 06 04 22.90 30.00 18.20
2019 06 05 22.20 26.20 19.10
2019 06 06 23.70 30.60 19.80
2019 06 07 24.90 32.60 19.10
2019 06 08 22.50 28.10 18.30
2019 06 09 23.50 30.50 18.20
2019 06 10 22.00 27.00 17.60
2019 06 11 20.60 23.70 18.20
2019 06 12 21.40 27.20 18.60
2019 06 13 22.60 28.90 17.60
2019 06 14 22.80 29.30 18.00
2019 06 15 22.30 29.10 17.70
2019 06 16 22.40 30.50 17.80
2019 06 17 23.10 29.10 18.70
2019 06 18 24.90 32.40 20.10
2019 06 19 21.90 25.30 19.40
2019 06 20 22.90 28.90 17.90
2019 06 21 24.10 30.80 18.30
2019 06 22 25.10 32.20 18.90
2019 06 23 24.60 30.80 21.10
2019 06 24 26.40 34.10 20.40
2019 06 25 27.00 34.50 20.50
2019 06 26 25.70 27.70 23.50
2019 06 27 24.50 28.20 23.00
2019 06 28 22.80 25.00 21.60
2019 06 29 25.70 30.00 22.00
2019 06 30 23.10 26.60 20.90
2019 07 01 24.60 28.00 20.40
2019 07 02 25.70 29.30 21.50
2019 07 03 26.60 30.50 23.60
2019 07 04 26.70 31.70 23.00
2019 07 05 25.30 28.20 23.20
2019 07 06 23.50 26.40 22.20
2019 07 07 24.40 29.20 20.80
2019 07 08 24.00 27.40 21.30
2019 07 09 23.60 26.40 21.80
2019 07 10 27.10 31.00 23.50
2019 07 11 27.80 31.50 24.60
2019 07 12 29.10 34.30 25.10
2019 07 13 28.60 34.50 25.20
2019 07 14 28.80 34.90 24.20
2019 07 15 29.50 36.10 24.70
2019 07 16 29.10 35.00 24.50
2019 07 17 29.20 35.30 24.30
2019 07 18 29.30 34.50 25.30
2019 07 19 29.50 35.50 25.20
2019 07 20 30.80 37.30 24.80
2019 07 21 30.50 35.20 26.20
2019 07 22 29.50 34.30 27.00
2019 07 23 29.70 36.30 26.00
2019 07 24 30.50 35.90 25.80
2019 07 25 30.20 36.20 26.90
2019 07 26 30.40 37.10 26.00
2019 07 27 31.00 38.50 25.90
2019 07 28 30.40 37.60 26.30
2019 07 29 31.40 36.50 26.50
2019 07 30 30.30 36.00 27.60
2019 07 31 31.00 37.00 25.90
2019 08 01 31.50 37.80 26.20
2019 08 02 32.00 38.30 27.10
2019 08 03 30.30 35.20 27.40
2019 08 04 30.30 36.60 27.10
2019 08 05 30.10 35.90 26.50
2019 08 06 30.80 37.70 26.10
2019 08 07 30.00 36.60 28.00
2019 08 08 30.90 36.90 27.20
2019 08 09 30.30 36.30 26.80
2019 08 10 28.90 36.80 25.60
2019 08 11 28.90 34.20 24.90
2019 08 12 29.30 34.10 25.10
2019 08 13 30.70 35.70 27.30
2019 08 14 31.20 37.70 25.80
2019 08 15 30.80 38.50 26.40
2019 08 16 28.90 33.40 25.40
2019 08 17 26.90 32.60 23.20
2019 08 18 26.10 33.40 20.60
2019 08 19 27.20 33.40 22.30
2019 08 20 27.20 33.40 24.30
2019 08 21 28.50 34.70 24.20
2019 08 22 30.20 36.60 24.40
2019 08 23 26.60 29.90 24.20
2019 08 24 25.40 29.20 23.60
2019 08 25 24.90 28.30 22.70
2019 08 26 23.60 25.50 21.20
2019 08 27 24.70 25.50 22.80
2019 08 28 27.20 32.20 24.40
2019 08 29 27.40 32.00 24.20
2019 08 30 25.70 30.50 24.00
2019 08 31 24.50 27.10 22.00
2019 09 01 24.30 27.50 22.20
2019 09 02 23.80 27.90 21.00
2019 09 03 25.60 29.70 22.10
2019 09 04 24.00 28.70 20.30
2019 09 05 24.30 29.40 19.70
2019 09 06 23.30 26.50 20.80
2019 09 07 21.20 23.80 19.50
2019 09 08 20.20 25.20 16.20
2019 09 09 21.20 27.70 15.10
2019 09 10 21.80 27.70 16.50
2019 09 11 20.30 25.20 16.50
2019 09 12 22.60 27.90 16.10
2019 09 13 22.20 25.50 20.50
2019 09 14 22.70 26.20 19.80
2019 09 15 23.30 27.30 21.50
2019 09 16 23.50 27.80 21.40
2019 09 17 22.80 28.30 19.90
2019 09 18 22.30 28.80 17.40
2019 09 19 20.70 24.00 18.20
2019 09 20 21.30 23.30 19.50
2019 09 21 20.20 22.20 19.00
2019 09 22 21.20 27.20 17.70
2019 09 23 19.60 26.30 15.10
2019 09 24 17.90 22.60 14.20
2019 09 25 18.20 24.40 11.60
2019 09 26 19.60 24.60 16.20
2019 09 27 19.10 25.30 13.60
2019 09 28 19.80 27.00 14.70
2019 09 29 20.60 24.80 16.80
2019 09 30 19.30 25.10 16.10
2019 10 01 17.70 22.00 14.40
2019 10 02 17.40 22.90 13.40
2019 10 03 17.20 24.00 10.80
2019 10 04 18.90 25.40 12.40
2019 10 05 17.80 19.40 15.70
2019 10 06 18.60 21.20 16.40
2019 10 07 18.00 23.80 13.60
2019 10 08 16.40 20.80 12.00
2019 10 09 16.20 20.30 13.00
2019 10 10 14.50 17.60 10.80
2019 10 11 12.30 16.70 8.80
2019 10 12 12.40 18.80 7.00
2019 10 13 13.00 20.00 7.00
2019 10 14 14.50 21.40 8.30
2019 10 15 15.90 21.50 9.80
2019 10 16 14.40 19.20 12.00
2019 10 17 14.00 19.90 9.20
2019 10 18 12.40 18.80 7.50
2019 10 19 13.40 20.10 8.20
2019 10 20 13.60 21.10 7.20
2019 10 21 14.00 21.50 7.70
2019 10 22 14.70 21.10 9.30
2019 10 23 14.20 18.90 10.80
2019 10 24 14.10 20.50 9.50
2019 10 25 14.60 22.20 7.80
2019 10 26 13.30 15.40 11.30
2019 10 27 11.00 15.70 9.10
2019 10 28 13.20 18.80 7.60
2019 10 29 12.20 18.40 8.70
2019 10 30 9.70 13.80 7.20
2019 10 31 9.00 15.00 5.60
2019 11 01 9.30 16.40 3.70
2019 11 02 11.40 19.30 4.60
2019 11 03 11.80 19.50 5.20
2019 11 04 11.90 20.00 5.70
2019 11 05 12.70 21.00 5.80
2019 11 06 13.20 20.00 7.30
2019 11 07 13.50 16.60 11.30
2019 11 08 15.00 17.30 12.90
2019 11 09 12.60 16.60 9.10
2019 11 10 11.70 18.40 6.10
2019 11 11 10.90 14.20 7.80
2019 11 12 10.30 14.50 6.80
2019 11 13 9.40 15.90 4.50
2019 11 14 10.00 16.50 4.20
2019 11 15 11.10 18.30 5.10
2019 11 16 10.20 11.70 9.10
2019 11 17 9.00 15.00 4.70
2019 11 18 7.40 10.50 4.50
2019 11 19 8.70 14.40 4.20
2019 11 20 8.60 14.90 3.80
2019 11 21 7.90 12.70 3.90
2019 11 22 6.20 9.90 3.00
2019 11 23 5.50 10.80 0.40
2019 11 24 7.70 11.20 3.40
2019 11 25 8.30 13.20 5.80
2019 11 26 8.70 16.20 2.70
2019 11 27 10.10 16.80 4.10
2019 11 28 8.40 12.70 4.80
2019 11 29 8.00 14.80 1.50
2019 11 30 7.90 14.40 3.90
2019 12 01 7.90 12.80 4.50
2019 12 02 12.40 19.80 5.00
2019 12 03 14.80 17.40 12.30
2019 12 04 10.50 14.50 6.90
2019 12 05 4.80 10.30 0.70
2019 12 06 4.10 6.30 1.90
2019 12 07 -1.20 4.70 -4.40
2019 12 08 -2.80 1.50 -5.30
2019 12 09 -2.30 2.80 -5.30
2019 12 10 0.60 7.40 -4.90
2019 12 11 1.50 3.10 -0.80
2019 12 12 1.30 4.30 -1.30
2019 12 13 2.10 7.10 -1.30
2019 12 14 0.50 4.40 -2.30
2019 12 15 1.00 8.50 -4.90
2019 12 16 2.40 5.30 0.20
2019 12 17 4.40 9.20 -0.10
2019 12 18 4.70 10.00 0.40
2019 12 19 6.50 12.30 0.60
2019 12 20 8.20 12.80 5.60
2019 12 21 8.40 13.80 3.30
2019 12 22 8.80 15.10 3.50
2019 12 23 6.20 10.50 2.50
2019 12 24 1.80 6.60 -1.10
2019 12 25 3.00 6.90 -1.90
2019 12 26 3.80 7.70 0.60
2019 12 27 -3.20 0.60 -5.40
2019 12 28 -4.90 -1.30 -7.00
2019 12 29 -3.30 0.80 -7.00
2019 12 30 -2.40 2.10 -5.70
2019 12 31 -1.80 4.00 -7.00
