year month date house_pred houseCooking_pred houseJHeating_pred salesOne_pred salesTwo_pred bizHeating_pred bizCooling_pred industry_pred heatFacility_pred heatCombined_pred CNG_pred pred_sum
2019 1 1 6425.3 1278.2 34732.4 8522.4 899.4 6972.0 0.0 145049.9 38745.7 9.0 19221.0 261855.2
2019 1 2 6075.0 1401.0 33181.4 9779.5 933.8 7949.0 0.0 136391.1 43626.3 10.0 17549.3 256896.5
2019 1 3 6213.6 1342.4 34146.3 9122.5 933.8 7455.6 0.0 140021.1 41741.3 8.0 19894.0 260878.7
2019 1 4 6075.0 1400.0 32674.5 9367.8 906.0 7632.8 0.0 135766.4 41796.3 8.5 16343.8 251971.2
2019 1 5 5879.1 1347.9 29251.8 9058.9 796.3 7393.9 0.0 130601.7 41091.0 8.0 18769.0 244197.6
2019 1 6 6115.9 1454.3 30495.8 9882.2 802.8 8082.3 0.0 135196.8 46308.3 10.8 26529.5 264878.8
2019 1 7 6024.9 1590.5 32284.5 10607.2 879.1 8649.4 0.0 132975.2 48301.2 9.0 21715.8 263036.8
2019 1 8 6075.0 1672.9 33181.4 11243.5 933.8 9197.7 0.0 136391.1 50968.7 9.8 22102.2 271776.0
2019 1 9 6410.6 1454.3 34812.0 9799.1 929.3 8020.0 0.0 142734.9 44656.0 10.0 19214.0 268040.2
2019 1 10 6483.9 1478.5 37214.3 9689.8 972.5 7973.1 0.0 146212.6 44558.3 8.5 19083.2 273674.7
2019 1 11 6595.2 1499.0 37662.0 9875.0 943.1 8097.0 0.0 146238.6 44383.3 9.3 15702.7 271005.3
2019 1 12 6472.3 1383.1 35312.4 9096.7 895.9 7493.3 0.0 140562.6 42371.6 8.2 21334.2 264930.4
2019 1 13 6405.7 1446.3 36297.8 9645.1 922.3 7945.6 0.0 140978.1 45610.1 10.6 25462.1 274723.8
2019 1 14 6252.5 1634.0 33967.5 10690.1 1021.6 8792.3 0.0 141686.1 49133.8 9.3 20898.1 274085.5
2019 1 15 6425.3 1667.4 36478.5 10932.9 857.9 9079.8 0.0 142734.9 50723.3 10.2 22535.8 281446.0
2019 1 16 6213.6 1562.2 34264.2 10190.3 933.8 8474.7 0.0 141279.6 46971.8 10.3 18028.1 267928.5
2019 1 17 6469.1 1476.4 34812.0 9505.4 929.3 7924.5 0.0 142734.9 44418.2 9.0 19012.0 267290.9
2019 1 18 6483.9 1659.0 35971.6 10660.4 842.6 8872.2 0.0 142734.9 48390.8 10.0 13834.0 269459.3
2019 1 19 6432.9 1454.0 34550.3 9237.0 996.1 7745.1 0.0 143285.6 44666.8 9.1 24596.9 272973.8
2019 1 20 6405.7 1582.0 36297.8 10129.3 922.3 8483.0 0.0 140978.1 48428.1 11.2 24022.1 277259.6
2019 1 21 6252.5 1734.9 33967.5 11029.0 1021.6 9174.3 0.0 141686.1 51619.2 10.2 21849.8 278345.1
2019 1 22 6425.3 1696.3 37214.3 10674.5 1022.7 9012.2 0.0 145049.9 51029.9 14.1 23636.4 285775.5
2019 1 23 6780.6 1605.0 38249.5 10110.8 926.5 8538.5 0.0 148228.0 47820.0 14.3 19198.9 281472.1
2019 1 24 6886.6 1583.8 39362.7 9872.2 905.2 8328.4 0.0 148228.0 46696.4 11.7 18688.6 280563.6
2019 1 25 6595.5 1619.2 37662.0 10168.3 943.1 8588.6 0.0 147028.7 47373.0 14.0 15107.6 275100.0
2019 1 26 6430.1 1486.9 34550.3 9349.8 895.9 7907.3 0.0 140562.6 45748.0 13.3 25609.2 272553.4
2019 1 27 6430.1 1696.6 36297.8 10762.2 922.3 9035.1 0.0 140562.6 51176.1 15.4 23394.7 280293.0
2019 1 28 6319.0 1669.5 34240.6 10460.3 1021.6 8762.7 0.0 141686.1 51119.9 14.2 23467.4 278761.4
2019 1 29 6425.3 1781.3 37214.3 11068.2 1035.7 9330.3 0.0 145049.9 53869.6 17.9 22862.1 288654.5
2019 1 30 6634.6 1595.4 37487.4 10014.8 926.5 8462.9 0.0 144095.0 48740.0 17.7 19703.3 277677.7
2019 1 31 6765.0 1650.6 38249.5 10172.7 930.3 8546.0 0.0 147437.9 49352.3 14.7 19844.8 282963.7
2019 2 1 7140.6 1554.0 37500.4 9542.2 920.3 8096.8 0.0 143974.8 45741.3 16.7 16673.2 271160.3
2019 2 2 6588.3 1524.6 35112.5 9408.1 896.0 7946.4 0.0 139022.6 46895.0 15.4 26042.8 273451.7
2019 2 3 6939.8 1804.2 36888.6 11240.2 896.0 9423.8 0.0 139240.3 53785.3 19.4 22597.2 282834.9
2019 2 4 6276.8 1630.8 32275.6 9551.5 871.8 7888.0 0.0 138714.6 49407.2 43.0 23130.0 269789.3
2019 2 5 6728.8 1630.8 35575.2 9551.5 876.7 7888.0 0.0 144040.2 49407.2 43.0 23130.0 278871.3
2019 2 6 6914.3 1630.8 35575.2 9551.5 876.7 7888.0 0.0 144040.2 49407.2 43.0 23130.0 279056.8
2019 2 7 7641.6 1706.9 38097.5 10219.4 923.2 8512.5 0.0 144040.2 50223.2 17.7 21359.8 282741.9
2019 2 8 7057.1 1496.1 37500.4 8947.5 920.3 7461.1 0.0 143974.8 43984.9 19.3 17338.6 268700.0
2019 2 9 6801.3 1474.0 35112.5 8894.2 986.1 7395.5 0.0 140468.1 45398.0 17.2 25789.0 272336.1
2019 2 10 6857.7 1678.6 34925.4 10254.7 778.5 8460.1 0.0 131356.6 50257.2 22.2 22472.8 267063.8
2019 2 11 5845.6 1644.7 32722.1 9907.4 876.9 8145.8 0.0 131485.3 50121.9 40.7 23431.7 264222.0
2019 2 12 6212.4 1661.8 33721.4 9932.0 897.4 8140.5 0.0 138025.4 48948.7 42.7 20154.4 267736.5
2019 2 13 6371.1 1627.4 33843.2 9830.8 896.4 8011.3 0.0 138025.4 47988.1 40.7 18962.7 265597.0
2019 2 14 5962.8 1633.4 33721.4 9779.3 897.4 7943.2 0.0 138025.4 48137.1 36.7 20944.8 267081.3
2019 2 15 5983.0 1529.6 33206.3 9205.0 893.9 7383.8 0.0 137872.9 44104.2 37.3 15777.0 255993.0
2019 2 16 6003.1 1432.7 29849.7 8595.0 812.9 6924.0 0.0 133628.7 43883.2 30.0 24585.4 255744.7
2019 2 17 5768.5 1582.6 30870.3 9564.7 813.8 7700.4 0.0 128871.7 47856.1 43.3 23303.3 256374.9
2019 2 18 5911.2 1698.6 32690.1 10260.9 876.9 8165.1 0.0 131485.3 49599.7 38.0 20842.3 261568.0
2019 2 19 6854.5 1584.6 33843.2 9472.3 850.8 7558.2 0.0 138025.4 45740.9 42.0 19545.2 263517.1
2019 2 20 6371.1 1634.1 33843.2 9786.1 896.4 7769.6 0.0 138025.4 46351.0 40.7 17483.2 262200.7
2019 2 21 5983.3 1585.2 33721.4 9538.5 897.4 7509.4 0.0 138025.4 45035.7 34.0 18166.6 260496.7
2019 2 22 6372.7 1538.0 33328.1 9347.3 894.4 7306.9 0.0 137966.2 43032.2 38.0 14534.6 254358.4
2019 2 23 5404.3 1376.0 29727.9 8347.1 813.8 6549.2 0.0 128965.0 40933.1 30.7 22146.4 244293.5
2019 2 24 6211.5 1576.7 32462.7 9640.8 813.3 7506.9 0.0 128871.7 46294.3 42.0 22836.2 256256.3
2019 2 25 5892.2 1770.9 31389.9 10842.0 876.4 8371.5 0.0 131485.3 49676.2 38.7 18248.6 258591.7
2019 2 26 6497.2 1566.9 33843.2 9477.4 896.4 7298.6 0.0 138025.4 42601.9 25.4 20071.4 260303.9
2019 2 27 6728.4 1608.0 33843.2 9745.5 850.8 7473.8 0.0 138025.4 41956.9 22.4 15621.9 255876.3
2019 2 28 6748.3 1562.6 33843.2 9463.0 821.6 7217.0 0.0 138025.4 41346.4 21.6 17449.3 256498.3
2019 3 1 5307.6 1551.0 26642.7 9090.9 754.2 6587.2 0.0 139651.8 38478.3 36.3 26949.3 255049.4
2019 3 2 4705.2 1326.7 23360.4 8132.0 592.8 6032.2 0.0 123969.5 36615.3 19.4 20926.0 225679.5
2019 3 3 4469.2 1668.7 23605.1 10288.2 590.0 7565.6 0.0 122322.5 44561.4 23.9 21571.2 236665.8
2019 3 4 4227.9 1618.2 22884.5 9895.9 625.3 7274.0 0.0 127069.9 43164.2 24.4 21668.2 238452.5
2019 3 5 4234.2 1576.4 23978.7 9321.6 651.4 6830.6 0.0 134043.3 39614.8 30.0 23958.9 244239.9
2019 3 6 5030.5 1744.2 28646.4 10155.8 783.9 7440.9 0.0 138183.1 40225.6 27.3 17042.0 249279.6
2019 3 7 5322.9 1620.0 29545.3 9419.7 802.4 6893.8 0.0 143456.5 37675.6 25.8 18272.6 253034.4
2019 3 8 5023.9 1447.2 26642.7 8478.6 784.3 6193.8 0.0 139651.8 34532.2 24.7 18455.4 241234.7
2019 3 9 4421.5 1417.9 23360.4 8423.2 592.8 6125.2 0.0 123969.5 34160.3 23.6 18648.7 221142.9
2019 3 10 4705.2 1536.7 23360.4 9169.1 592.8 6607.1 0.0 122322.5 37438.9 26.2 22510.4 228269.2
2019 3 11 5105.7 1627.5 28454.8 9805.1 933.5 7047.1 0.0 137112.1 39131.2 29.3 21989.6 251236.0
2019 3 12 4947.9 1711.4 29493.8 10067.8 708.0 7155.2 0.0 142636.6 38284.4 33.7 21680.7 256719.3
2019 3 13 4316.9 1725.7 27580.5 9985.7 783.9 7068.3 0.0 138183.1 37048.8 31.1 19587.6 246311.5
2019 3 14 4447.1 1697.2 27444.5 9792.0 714.5 6999.9 0.0 137245.3 36365.4 30.9 18536.9 243273.7
2019 3 15 4305.7 1480.8 24466.0 8614.3 657.9 6062.2 0.0 135396.4 32470.6 27.6 20479.1 233960.6
2019 3 16 3761.0 1476.4 20669.1 8811.9 557.7 6136.8 0.0 120861.5 31981.3 27.0 17423.1 211706.0
2019 3 17 3475.7 1442.1 21261.4 8535.9 633.3 5902.0 0.0 123160.3 32215.9 28.2 22622.1 219276.9
2019 3 18 3681.9 1721.7 21720.6 10327.2 625.3 7131.3 0.0 123089.0 37780.8 34.4 23487.6 229599.7
2019 3 19 3362.5 1725.9 21632.3 10348.4 672.4 7109.6 0.0 128802.0 36936.4 31.3 21037.1 231658.0
2019 3 20 4064.7 1797.4 25370.1 10668.4 727.4 7308.4 0.0 138183.1 38225.3 33.2 22644.3 249022.2
2019 3 21 4324.0 1555.4 27444.5 9182.0 714.5 6329.7 0.0 137245.3 32988.4 28.9 19767.7 239580.5
2019 3 22 4305.7 1575.0 25497.2 9447.1 690.2 6423.9 0.0 135396.4 33056.9 27.9 18875.9 235296.3
2019 3 23 4398.6 1490.8 21700.3 8957.0 590.0 6049.0 0.0 120861.5 31317.9 26.9 18209.6 213601.6
2019 3 24 4131.0 1564.7 21700.3 9388.2 590.0 6302.0 0.0 121543.1 32855.7 27.8 20264.2 218367.0
2019 3 25 4350.9 1679.3 25595.6 10181.4 681.8 6872.1 0.0 127069.9 35698.5 32.6 21606.4 233768.5
2019 3 26 4234.2 1635.7 26689.8 9917.9 708.0 6625.4 0.0 134043.3 34588.3 36.0 21142.4 239621.0
2019 3 27 4064.7 1664.3 25370.1 10107.7 727.4 6663.4 0.0 138183.1 35175.6 35.0 21916.8 243907.9
2019 3 28 3637.7 1447.7 23492.1 8893.8 770.7 5795.3 0.0 133264.5 30621.7 29.3 17916.2 225868.9
2019 3 29 2862.1 1475.9 19674.7 8635.0 786.5 5211.5 0.0 127559.5 28628.8 29.6 17228.6 212092.0
2019 3 30 2578.5 1408.0 16461.2 7932.8 499.5 4726.3 0.0 112296.8 26620.7 28.3 17719.3 190271.4
2019 3 31 2279.3 1590.6 15416.5 8978.9 499.5 5233.3 0.0 117445.2 28639.5 28.7 15932.4 196043.9
2019 4 1 2490.2 1673.1 17106.6 9497.1 543.2 5461.5 0.0 123045.8 31250.3 34.6 20594.4 211696.7
2019 4 2 2680.9 1588.8 17165.3 9021.4 551.0 5136.4 0.0 124293.9 29636.6 36.9 20386.3 210497.5
2019 4 3 2465.4 1697.1 17165.3 9634.0 551.0 5403.8 0.0 125349.9 31507.8 38.4 21632.7 215445.4
2019 4 4 2397.3 1466.2 15830.6 8310.4 551.0 4533.8 0.0 125349.9 26812.6 32.1 17700.6 202984.5
2019 4 5 3004.3 1419.0 19792.0 7529.0 701.7 3666.7 0.0 126873.9 23826.1 32.8 17896.3 204741.7
2019 4 6 3278.2 1437.4 20578.4 7412.3 617.0 3619.9 0.0 119043.4 23341.2 31.4 17613.3 196972.7
2019 4 7 3749.1 1615.2 21212.9 8279.2 617.0 3975.1 0.0 126260.9 24818.0 31.7 15766.0 206325.1
2019 4 8 2684.4 1619.6 18999.8 8205.8 693.8 3975.3 0.0 122580.5 25631.4 35.8 19209.7 203636.0
2019 4 9 2397.3 1686.2 15830.6 8622.1 551.0 4110.3 0.0 124293.9 26295.8 40.9 18739.3 202567.5
2019 4 10 2332.8 1533.9 15812.1 7891.4 551.0 3635.9 0.0 125349.9 24352.1 37.9 19935.1 201432.0
2019 4 11 2397.3 1570.0 15830.6 8171.4 551.0 3727.4 0.0 125349.9 24284.7 36.1 17320.4 199238.8
2019 4 12 2367.1 1481.0 15709.7 7218.8 544.5 3055.3 0.0 123622.6 21674.8 36.3 20107.6 195817.7
2019 4 13 2252.4 1383.5 15709.7 6797.6 533.5 2885.7 0.0 112803.7 20162.6 33.2 17970.1 180532.0
2019 4 14 3038.3 1521.4 18825.7 7500.5 617.0 3153.8 0.0 123272.5 21050.0 33.2 15996.8 195009.2
2019 4 15 2206.6 1532.3 15772.0 7363.1 543.2 3116.2 0.0 123045.8 22491.8 39.3 23500.7 199611.0
2019 4 16 2680.9 1577.9 17165.3 7751.7 551.0 3266.5 0.0 124293.9 22680.9 38.2 21283.7 201290.0
2019 4 17 3034.4 1485.1 19000.4 7350.9 551.0 3074.7 0.0 128601.2 22302.1 40.0 25079.9 210519.8
2019 4 18 2397.3 1450.8 15830.6 7250.5 551.0 3014.8 0.0 125349.9 21011.6 36.3 20808.9 197701.7
2019 4 19 2650.7 1432.2 17315.4 7128.6 544.5 2971.4 0.0 123622.6 21282.4 38.0 23489.3 200475.2
2019 4 20 2563.2 1305.0 17315.4 6536.0 533.5 2736.0 0.0 112803.7 19966.1 36.6 23582.6 187377.9
2019 4 21 2394.8 1471.7 15711.5 7529.1 499.9 3104.2 0.0 120021.2 20731.9 34.6 18648.4 190147.3
2019 4 22 2245.4 1496.8 14834.7 7532.9 471.2 3121.0 0.0 123045.8 22385.1 41.4 26654.9 201829.2
2019 4 23 2346.0 1518.1 15627.2 7734.6 551.0 3204.0 0.0 124293.9 22411.9 39.3 23924.3 201650.4
2019 4 24 2332.8 1575.4 15812.1 8281.1 525.3 3337.6 0.0 125349.9 22467.7 37.1 21450.6 201169.5
2019 4 25 1633.5 1430.7 11568.8 7559.5 462.7 3008.6 0.0 125349.9 20769.2 35.1 20239.7 192057.7
2019 4 26 1603.3 1335.3 11447.9 6989.3 456.2 2810.4 0.0 123622.6 19725.9 34.9 22307.3 190333.1
2019 4 27 2258.0 1329.8 15711.5 7287.0 533.5 2870.8 0.0 112803.7 19971.2 34.8 22036.2 184836.4
2019 4 28 2394.8 1530.4 15008.5 6745.6 499.9 2265.0 130.5 120021.2 18984.8 31.9 16876.1 184488.8
2019 4 29 1602.7 1544.1 11278.0 7145.4 448.3 2437.5 133.4 123045.8 20701.7 38.2 23596.1 191971.1
2019 4 30 1395.1 1594.3 10757.8 7399.2 456.1 2489.1 155.2 124293.9 21108.7 38.3 23661.8 193349.6
2019 5 1 1523.2 1636.4 10872.0 7980.1 463.2 2765.7 135.1 126427.5 21393.1 35.9 20637.6 193869.6
2019 5 2 1534.4 1379.1 10872.0 6786.4 475.3 2295.1 123.5 124425.7 18422.6 31.4 18485.7 184831.1
2019 5 3 2412.4 1262.7 15193.9 6196.2 470.5 2119.1 108.1 121837.1 16963.8 29.4 17869.6 184462.8
2019 5 4 2446.8 1426.3 15193.9 7260.3 421.1 2408.5 142.4 107572.2 19560.6 35.3 22828.0 179295.4
2019 5 5 1800.3 1177.9 11452.8 4997.5 412.3 983.3 333.6 120307.8 13676.2 27.7 20271.3 175440.6
2019 5 6 1738.3 1282.5 11452.8 5665.7 453.3 1117.6 379.1 121482.0 14592.7 30.2 21043.3 179237.5
2019 5 7 1738.3 1630.1 11452.8 6921.7 454.3 1709.1 334.1 122671.2 19650.8 38.2 24416.9 191017.5
2019 5 8 1534.4 1440.9 10872.0 6460.7 463.2 1594.2 290.5 124279.3 17424.8 31.1 19326.3 183717.5
2019 5 9 2641.0 1351.0 15193.9 6278.2 497.5 1551.9 273.8 125556.1 16623.3 30.2 18381.9 188378.7
2019 5 10 2451.3 1224.1 15193.9 5669.7 470.5 1363.5 264.7 121837.1 14996.7 27.7 18124.8 181623.8
2019 5 11 1415.1 1343.0 10872.0 6338.6 400.1 1548.0 299.8 104789.0 16784.9 32.7 22135.8 165958.7
2019 5 12 1553.6 1282.5 10872.0 5665.7 412.3 1117.6 379.1 120307.8 14592.7 30.2 21043.3 177256.8
2019 5 13 1573.5 1335.6 10872.0 5675.5 440.2 1114.4 370.0 120918.2 14839.2 29.6 18982.8 176150.8
2019 5 14 1582.6 1620.6 10872.0 6909.4 423.4 1352.2 460.3 123174.4 18297.5 38.8 26714.3 191445.5
2019 5 15 1448.8 1436.4 10872.0 6411.5 463.2 1278.2 411.3 126427.5 15858.9 30.7 18910.3 183548.8
2019 5 16 1586.6 1359.6 10872.0 6089.7 475.3 1230.2 395.8 125672.7 15039.7 29.6 17682.7 180433.7
2019 5 17 1305.7 1271.4 10872.0 5763.2 484.4 1162.9 379.8 122133.8 14215.1 28.1 18415.3 176031.8
2019 5 18 1506.8 1342.9 10872.0 6020.9 400.1 1214.7 410.5 107869.0 15446.8 33.6 23438.3 168555.5
2019 5 19 1540.1 1434.5 10872.0 6649.4 435.4 1347.6 428.6 123684.9 15690.9 29.4 16945.9 179058.7
2019 5 20 1582.6 1358.5 10872.0 6006.7 422.4 1212.4 397.6 121985.1 15125.1 30.7 19371.2 178364.3
2019 5 21 1331.9 1610.7 10872.0 7090.8 423.4 1421.9 477.8 123174.4 18149.5 38.7 25974.1 190565.1
2019 5 22 1197.1 1445.1 9786.7 6507.3 463.2 1313.9 425.8 130234.0 15836.3 31.0 18453.6 185694.0
2019 5 23 1197.1 1396.5 9786.7 6238.8 475.3 1279.1 409.0 129479.3 15118.5 29.7 15829.6 181239.5
2019 5 24 1305.7 1392.9 10872.0 6283.7 484.4 1280.5 424.8 122133.8 15513.3 30.9 20509.8 180231.7
2019 5 25 1265.9 1416.9 10872.0 6292.5 423.1 1279.7 430.3 107869.0 15879.3 33.6 21743.8 167506.0
2019 5 26 1334.5 1530.0 9786.7 7008.7 435.4 1429.6 459.1 123684.9 16566.0 31.3 17420.4 179686.5
2019 5 27 1197.1 1438.7 9786.7 6289.8 422.4 1250.8 459.6 132972.8 15935.6 32.4 20088.7 189874.6
2019 5 28 1165.6 1679.8 9786.7 7281.2 423.4 1402.5 798.2 134162.1 18868.5 38.9 26228.9 201835.7
2019 5 29 1165.6 1386.9 9786.7 6236.3 463.2 1178.5 775.2 137415.2 15364.0 28.9 20233.7 194034.1
2019 5 30 1197.1 1397.2 9786.7 6086.4 475.3 1162.8 732.1 129479.3 14734.1 26.9 16328.9 181406.7
2019 5 31 1156.2 1361.5 9786.7 5958.2 484.4 1134.2 716.6 125940.4 14678.4 26.9 19859.9 181103.3
2019 6 1 742.5 1446.7 7823.8 6314.8 456.1 1166.0 747.1 94666.2 15539.4 30.9 22056.8 150990.3
2019 6 2 792.9 1552.9 7658.9 6812.2 456.1 1263.4 800.3 106845.0 16003.0 28.0 17363.1 159575.8
2019 6 3 1020.3 1459.3 9689.4 6325.1 522.2 1144.0 790.2 105987.8 15586.8 29.7 22193.0 164747.8
2019 6 4 1172.6 1668.1 10811.0 7150.9 522.2 1260.8 1113.0 110891.0 17552.8 32.9 22741.3 174916.8
2019 6 5 1163.1 1442.2 10661.0 6398.7 522.2 1091.9 1121.4 111010.3 14885.3 25.9 19288.8 167610.8
2019 6 6 1163.1 1390.8 10661.0 6124.1 522.2 1008.0 1275.5 111010.3 14496.3 23.3 26615.0 174289.6
2019 6 7 1152.0 1433.9 10058.5 6042.2 517.4 1031.7 1061.2 110438.5 14266.2 23.7 19671.8 165697.0
2019 6 8 958.5 1404.3 8754.9 6046.2 456.1 1033.0 1032.4 94666.2 14440.3 27.7 22823.6 151643.2
2019 6 9 849.2 1436.4 7980.4 5907.4 456.1 1019.3 1021.1 106845.0 14086.6 25.0 20623.1 160249.7
2019 6 10 1080.2 1508.8 10261.7 6050.6 522.2 1016.9 1092.6 105987.8 14921.8 631.0 23300.0 166373.6
2019 6 11 1068.3 1747.4 10224.1 7033.0 522.2 1172.1 1327.8 110891.0 16774.4 698.9 21281.2 172740.5
2019 6 12 1111.1 1511.2 10224.1 6369.5 522.2 1052.4 1283.7 111010.3 14369.0 610.2 20594.4 168658.1
2019 6 13 1111.1 1407.8 10224.1 5905.7 522.2 975.2 1178.8 111010.3 13067.2 606.7 16737.2 162746.3
2019 6 14 1022.7 1450.1 9058.7 5918.5 517.4 972.9 1203.6 110438.5 13600.6 554.0 21085.4 165822.5
2019 6 15 742.5 1420.0 7823.8 5985.2 456.1 977.4 1209.4 94666.2 13613.1 718.9 23126.7 150739.2
2019 6 16 884.1 1438.7 7980.4 5811.4 456.1 951.2 1170.2 106845.0 13203.8 579.8 21449.3 160770.0
2019 6 17 1080.2 1520.0 10102.3 6003.6 522.2 981.6 1218.9 105987.8 14066.9 1199.1 23541.8 166224.3
2019 6 18 783.1 1669.0 7813.5 6591.7 522.2 1082.0 1322.4 109769.4 14950.6 1264.7 21373.9 167142.4
2019 6 19 953.7 1570.8 9408.3 6287.2 522.2 1023.6 1243.0 111010.3 14073.1 1376.7 20071.9 167540.9
2019 6 20 996.2 1436.3 9789.1 5759.2 522.2 938.9 1134.0 111010.3 12773.0 1286.4 17043.0 162688.6
2019 6 21 956.3 1432.6 8794.8 5614.8 517.4 903.6 1132.1 110438.5 13028.7 1078.2 22791.0 166687.9
2019 6 22 771.1 1506.1 7102.1 6039.9 456.1 972.9 1194.9 94666.2 13565.4 1322.2 21375.8 148972.7
2019 6 23 668.8 1696.3 6476.2 6647.5 456.1 1072.8 1295.5 106845.0 14552.1 1176.7 19186.8 160073.6
2019 6 24 904.2 1575.9 9126.4 6027.2 522.2 964.7 1190.8 104866.2 13861.8 1788.9 22270.0 163098.2
2019 6 25 927.1 1753.2 9248.2 6655.9 522.2 1056.8 1388.0 109769.4 15477.4 1889.6 26303.6 174991.3
2019 6 26 1035.6 1591.6 9686.3 6112.1 522.2 959.0 1304.8 111010.3 13880.7 1950.2 20868.1 168921.0
2019 6 27 1111.1 1511.1 10224.1 5775.5 522.2 873.1 1396.6 111010.3 13014.9 1982.4 17621.9 165043.2
2019 6 28 1007.1 1485.6 8933.8 5160.7 517.4 764.3 1360.6 110438.5 15064.4 3180.8 22641.3 170554.5
2019 6 29 697.5 1498.0 6956.0 5342.5 456.1 794.7 1387.0 94666.2 15090.4 3866.2 21726.4 152481.0
2019 6 30 884.1 1664.2 7980.4 5978.8 456.1 883.2 1528.3 106845.0 16540.6 3321.7 18479.4 164561.8
2019 7 1 771.2 1517.4 7713.5 5577.5 488.3 817.6 1429.0 104646.1 15171.6 4231.9 21462.3 163826.3
2019 7 2 801.3 1758.3 7818.1 6374.2 495.3 926.6 1723.4 111321.2 17764.3 4168.3 28146.7 181297.6
2019 7 3 817.3 1599.4 7768.8 5882.9 495.3 838.9 1635.2 111627.6 16030.0 5314.0 21152.0 173161.3
2019 7 4 872.7 1621.6 8483.9 5926.1 625.8 809.9 1816.5 120225.0 16001.5 5301.3 15551.7 177235.9
2019 7 5 872.7 1453.1 8483.9 4804.9 584.2 641.5 1633.9 113308.7 16616.4 5592.9 21983.0 175975.2
2019 7 6 657.1 1370.3 6052.5 4625.3 445.4 617.5 1570.1 89752.9 15693.3 6328.6 21487.1 148600.0
2019 7 7 698.5 1632.3 6223.7 5529.6 445.4 738.6 1848.6 106240.1 18377.3 6497.2 18474.3 166705.7
2019 7 8 760.3 1492.8 7305.4 5047.0 488.3 671.0 1702.7 103558.9 16915.5 6348.9 21514.7 165805.4
2019 7 9 813.3 1818.8 8051.4 6087.3 625.8 801.7 2167.5 103572.5 20869.9 6979.7 30137.8 181925.5
2019 7 10 627.6 1623.3 5993.6 5469.6 435.4 705.9 2030.6 113705.7 18583.3 7728.5 23734.7 180638.3
2019 7 11 608.1 1570.8 5783.8 5406.1 370.9 699.6 2008.1 105540.4 17469.3 6997.0 15088.0 161542.1
2019 7 12 608.1 1452.9 5783.8 4703.7 370.9 584.4 1874.5 100023.2 17714.1 7049.2 22806.0 162970.9
2019 7 13 510.5 1400.6 4994.2 4644.3 370.9 571.7 1873.7 79062.0 17203.8 8946.7 21762.2 141340.8
2019 7 14 552.0 1593.0 5165.5 5346.3 370.9 668.6 2077.6 93033.0 19065.9 8533.4 17382.0 153788.2
2019 7 15 602.6 1550.4 5673.0 5152.0 381.6 638.2 2058.1 98437.9 18851.3 8602.6 22800.1 164748.0
2019 7 16 581.2 1722.9 5425.0 5701.6 377.6 716.1 2309.0 100266.4 21025.6 9064.5 26287.9 173477.6
2019 7 17 728.2 1694.6 7045.7 5654.6 625.8 709.2 2318.8 101227.6 20750.9 10527.8 26039.6 177322.8
2019 7 18 728.2 1504.1 7045.7 5108.7 625.8 646.2 2034.9 104556.1 17950.4 9734.5 15919.9 165854.3
2019 7 19 627.6 1439.4 5993.6 4840.2 466.8 611.9 1945.0 106513.4 17511.8 6966.2 20502.7 167418.4
2019 7 20 530.0 1428.8 5204.1 4835.1 467.0 606.8 1989.0 83188.6 17435.1 9460.3 21195.1 146339.9
2019 7 21 571.5 1682.9 5375.4 5759.0 467.0 731.3 2281.9 98170.1 20025.7 9582.7 17682.8 162330.3
2019 7 22 622.0 1590.2 5882.9 5355.8 464.4 672.0 2180.5 99178.2 19330.5 8619.3 24263.2 168159.0
2019 7 23 600.6 1659.3 5634.8 5599.1 462.3 713.7 2275.0 99101.9 19961.2 9025.8 21895.1 166928.9
2019 7 24 581.1 1781.8 5713.3 5964.2 434.9 758.9 2494.2 110666.3 21718.1 10793.1 27833.6 188739.4
2019 7 25 583.9 1429.5 5713.3 4849.3 442.9 619.5 1960.7 113889.8 16921.3 8921.8 14659.3 169991.3
2019 7 26 583.9 1481.5 5713.3 4925.2 442.9 616.5 2097.1 106259.0 17913.6 8123.5 20811.0 168967.4
2019 7 27 477.4 1516.8 4882.6 5023.2 442.2 619.9 2184.7 83188.6 18437.7 11476.7 22793.6 151043.3
2019 7 28 518.9 1713.2 5053.9 5696.1 442.2 710.4 2409.5 98170.1 20326.1 10422.2 18299.4 163762.0
2019 7 29 485.9 1625.2 4796.1 5293.7 389.2 647.9 2385.5 99267.7 19652.2 13303.7 26800.2 174647.2
2019 7 30 523.4 1550.4 5026.4 5219.5 435.9 653.9 2324.1 104145.2 18672.0 13495.8 18245.2 170291.8
2019 7 31 583.9 1714.2 5713.3 5698.6 435.9 708.7 2590.3 112352.6 21070.7 15016.7 27266.9 193151.8
2019 8 1 537.6 1481.1 5189.7 5066.1 572.9 643.7 2264.8 104569.1 17581.2 13375.1 13441.4 164722.8
2019 8 2 597.4 1319.5 5720.7 4386.3 585.8 543.9 2038.1 105553.2 16022.7 10388.6 18924.3 166080.6
2019 8 3 541.2 1429.6 5911.3 4680.5 585.8 575.3 2197.3 83787.2 17424.1 13589.7 21665.4 152387.5
2019 8 4 466.0 1651.7 4371.1 5470.0 572.9 676.8 2530.6 97883.3 19750.6 13805.8 18610.4 165789.2
2019 8 5 458.0 1604.6 4160.8 5141.9 501.6 622.7 2527.0 103737.3 19498.4 18031.5 26868.9 183152.7
2019 8 6 423.5 1556.8 3963.5 5256.6 501.6 645.9 2548.7 104634.6 18933.3 18217.0 18562.1 175243.7
2019 8 7 537.6 1584.2 5084.2 5214.0 572.9 634.6 2548.7 106141.0 19474.4 17502.0 26274.1 185567.8
2019 8 8 582.5 1456.9 5525.7 4997.6 585.8 615.7 2387.8 108640.7 17190.7 15563.1 11614.9 169161.4
2019 8 9 641.5 1225.3 5975.0 4129.4 585.8 497.3 1991.3 110247.0 14828.1 12154.7 16603.6 168878.8
2019 8 10 541.2 1419.7 5928.7 4670.1 585.8 558.2 2272.5 82049.8 17361.6 16052.8 22501.2 153941.8
2019 8 11 586.3 1461.8 5947.4 4950.1 585.8 599.6 2384.1 96146.0 17587.2 15171.2 17587.7 163007.1
2019 8 12 647.1 1519.7 5905.2 4685.3 585.8 554.7 2364.7 102602.0 18311.2 20835.7 25021.2 183032.6
2019 8 13 612.7 1571.2 5707.9 5040.1 585.8 608.4 2509.5 105639.9 18780.5 21098.5 19335.6 181490.1
2019 8 14 641.5 1553.2 5766.4 4838.9 585.8 575.5 2445.8 112802.2 18665.3 19676.7 25328.0 192879.2
2019 8 15 641.5 1261.9 5766.4 3935.0 585.8 470.5 1977.4 112090.7 15099.0 16745.6 18556.0 177129.7
2019 8 16 641.5 1135.3 5798.9 3705.0 585.8 453.4 1842.0 112335.3 13392.4 8576.6 12337.3 160803.5
2019 8 17 506.0 1321.0 5043.7 4134.5 585.8 494.7 2096.2 82049.8 16020.9 11419.3 21491.7 145163.5
2019 8 18 551.0 1405.0 5540.6 4535.4 585.8 553.7 2269.6 96146.0 16703.3 11230.1 16901.3 156421.9
2019 8 19 647.1 1492.4 5905.2 4615.1 585.8 554.7 2367.8 102602.0 18218.0 13339.3 25655.6 175982.9
2019 8 20 577.5 1501.9 5014.9 4672.7 585.8 568.2 2367.8 101547.9 17889.1 13175.7 20719.4 168621.0
2019 8 21 606.2 1540.9 5073.4 4846.6 585.8 593.3 2462.5 105537.6 18223.1 11748.7 21051.7 172269.8
2019 8 22 641.5 1421.6 5766.4 4463.3 585.8 545.5 2239.8 112090.7 16772.2 12149.8 17126.1 173802.6
2019 8 23 606.2 1285.5 5629.3 4111.9 585.8 512.3 2088.5 106006.8 15197.7 9656.5 14925.1 160605.8
2019 8 24 506.0 1371.2 5043.7 4236.4 585.8 515.7 2172.4 82049.8 16547.1 11702.7 21590.7 146321.5
2019 8 25 751.8 1424.0 6761.7 4522.1 608.1 561.1 2301.3 97713.2 16913.8 11036.6 17695.6 160289.2
2019 8 26 934.0 1507.2 9464.6 4674.6 696.3 572.5 2409.6 105104.8 18216.2 12412.1 23836.0 179827.8
2019 8 27 1013.8 1560.7 9870.1 4925.2 696.3 612.1 2369.1 112949.7 18836.7 12840.2 24352.9 190026.8
2019 8 28 854.1 1631.6 8311.2 5385.6 696.3 677.0 2298.3 112830.1 19481.0 12700.7 22034.1 186900.1
2019 8 29 1011.0 1421.6 11023.2 4820.6 696.3 619.7 1877.4 117167.3 15517.5 9990.9 16197.0 180342.5
2019 8 30 949.0 1394.5 8955.7 4752.3 689.9 619.4 1829.3 109758.4 15303.7 8225.6 18246.3 170724.1
2019 8 31 740.2 1339.7 7560.6 4418.2 608.1 568.4 1754.1 92102.0 14806.9 9508.0 20081.4 153487.7
2019 9 1 661.8 1462.8 5633.9 4918.2 708.5 647.7 1900.6 110461.0 15937.7 9496.0 19593.9 171422.2
2019 9 2 913.0 1554.8 7763.0 5122.3 722.9 667.7 2039.4 116892.8 17265.6 10714.8 24989.9 188646.3
2019 9 3 783.6 1717.3 6992.8 5717.3 722.9 758.3 2065.0 112500.9 18826.4 11301.6 27047.8 188433.9
2019 9 4 743.2 1563.4 6693.9 5366.1 722.9 712.0 1699.9 113119.8 17018.9 10741.8 21747.1 180128.9
2019 9 5 871.8 1422.6 7371.4 5067.3 722.9 691.5 1416.9 119057.9 13729.4 8064.1 14800.4 173216.3
2019 9 6 765.3 1537.0 6644.7 5319.6 708.5 726.7 1518.2 122636.3 15384.4 7298.1 22934.3 185473.3
2019 9 7 729.8 1412.7 7286.6 4762.2 768.2 647.5 1366.6 89500.8 13877.4 8486.1 22246.0 151084.0
2019 9 8 902.8 1549.8 7618.4 5282.9 768.2 721.9 1484.7 102844.9 15014.9 7846.3 20198.0 164232.7
2019 9 9 913.0 1499.4 7763.0 5025.2 722.9 681.8 1454.0 113950.1 14753.5 8345.8 22700.3 177809.0
2019 9 10 887.9 1705.3 7670.3 5586.0 722.9 768.6 1507.7 116554.9 17077.2 8828.0 30510.7 191819.4
2019 9 11 994.1 1482.7 8850.2 4873.6 768.2 668.7 1255.7 116671.9 14766.0 9146.5 24908.9 184386.4
2019 9 12 723.1 1313.0 7364.6 3989.4 768.2 568.0 953.1 89962.2 11766.3 6468.9 22913.7 146790.4
2019 9 13 616.6 1313.0 6536.0 3989.4 768.2 568.0 953.1 87584.1 11766.3 6468.9 22913.7 143477.3
2019 9 14 434.6 1313.0 5800.9 3989.4 768.2 568.0 953.1 66735.0 11766.3 6468.9 22913.7 121711.1
2019 9 15 902.8 1643.9 7618.4 5420.6 768.2 769.9 1271.1 102844.9 14496.2 6428.7 19938.2 162102.9
2019 9 16 1059.5 1565.2 8389.5 5100.9 711.6 720.8 1198.9 113648.1 13878.2 6963.1 21862.1 175098.0
2019 9 17 1034.4 1733.7 9149.1 5452.8 768.2 768.0 1289.2 114041.9 15819.1 6941.6 30189.8 187187.7
2019 9 18 994.1 1459.0 8850.2 4644.7 768.2 654.5 1091.0 116671.9 13007.2 6714.4 22121.8 176976.9
2019 9 19 1018.3 1391.4 8850.2 4475.6 768.2 630.8 1047.6 117702.7 12209.9 7214.5 18891.8 174201.0
2019 9 20 911.8 1364.1 7169.3 4248.4 711.6 598.9 1002.7 114914.3 12417.4 5565.2 23200.4 172104.4
2019 9 21 729.8 1436.3 6434.2 4553.0 711.6 642.9 1070.7 91711.8 12614.7 7425.6 20661.9 147992.5
2019 9 22 902.8 1653.5 7618.4 5296.8 768.2 746.8 1223.3 104354.3 14271.6 6855.0 17260.1 160950.8
2019 9 23 1059.5 1537.0 8389.5 4836.3 711.6 678.4 1121.6 113648.1 13441.9 6786.9 19845.2 172056.0
2019 9 24 1034.4 1745.9 8296.7 5346.2 711.6 766.6 1227.8 116252.9 15561.9 6669.4 26100.6 183714.0
2019 9 25 994.1 1608.7 8850.2 4940.7 768.2 740.5 1102.5 116671.9 14213.3 6520.0 22400.9 178811.1
2019 9 26 1018.3 1526.8 8850.2 4866.3 768.2 748.3 1031.7 116193.4 13101.5 7365.5 16763.9 172234.2
2019 9 27 911.8 1498.8 8021.7 4778.8 768.2 758.9 997.0 114212.6 13167.9 5428.0 19131.0 169674.8
2019 9 28 729.8 1336.8 6434.2 5279.9 711.6 1249.4 614.1 91711.8 12291.4 5176.8 18547.6 144083.4
2019 9 29 902.8 1554.7 6766.0 5987.3 711.6 1371.6 719.8 105056.0 14009.2 5158.1 17092.6 159329.6
2019 9 30 2128.2 1492.7 13900.4 5698.3 753.7 1344.4 657.7 113648.1 13795.1 5041.1 21696.6 180156.3
2019 10 1 2160.1 1599.5 17179.6 5994.6 693.4 1348.6 733.2 118983.7 14719.6 6008.1 22469.6 191889.9
2019 10 2 1445.6 1574.7 13403.0 6000.5 693.4 1418.9 650.7 120067.8 14525.7 5709.4 21412.1 186901.8
2019 10 3 1078.1 1616.1 9343.1 8046.3 693.4 2632.5 0.0 94275.2 15968.2 1544.3 21571.5 156768.7
2019 10 4 917.9 1494.5 6484.4 6008.3 563.3 1456.6 589.1 117629.5 14018.6 4623.8 18709.7 172495.4
2019 10 5 2030.3 1345.8 12609.4 6514.9 667.7 1937.2 318.6 93586.9 13143.0 3876.4 16405.6 152435.7
2019 10 6 2030.3 1518.6 13151.4 7148.9 674.9 2135.3 308.8 107037.2 14607.7 3790.5 16840.6 169244.2
2019 10 7 2160.1 1494.2 16786.8 6918.1 693.4 2096.9 280.9 116038.9 14444.6 3360.9 19883.1 184158.1
2019 10 8 2160.1 1496.7 17179.6 6840.8 693.4 2056.8 299.2 118983.7 14553.9 3211.9 19628.4 187104.6
2019 10 9 1760.5 1616.1 10568.3 8046.3 651.6 2632.5 0.0 95181.1 15968.2 1544.3 21571.5 159540.5
2019 10 10 2323.5 1430.2 15015.3 6467.5 651.6 1984.9 212.6 123851.2 13542.3 3992.9 15399.3 184871.4
2019 10 11 2747.1 1455.6 17550.5 6703.2 651.6 2058.8 203.2 126163.6 14423.9 3059.4 19275.2 194292.2
2019 10 12 2873.0 1441.7 15615.4 7053.2 612.8 2346.3 0.0 103581.6 14225.6 1703.3 18290.8 167743.6
2019 10 13 2747.1 1724.2 19721.4 8099.0 620.1 2657.4 0.0 130434.4 16787.7 1747.4 16760.1 201298.8
2019 10 14 2323.5 1617.6 14904.8 7460.6 651.6 2471.3 0.0 114645.4 15771.1 1770.7 20260.0 181876.6
2019 10 15 2323.5 1664.8 16072.0 7512.7 651.6 2484.7 0.0 120959.1 16455.1 1678.0 21342.3 191143.9
2019 10 16 2323.5 1615.3 15616.2 7261.6 651.6 2409.1 0.0 118882.0 15623.9 1714.7 16836.9 182934.9
2019 10 17 2323.5 1505.7 15015.3 6627.7 651.6 2231.0 0.0 123851.2 14252.1 1881.4 14782.7 183122.3
2019 10 18 2278.9 1550.3 14012.0 6778.6 651.6 2285.7 0.0 116443.8 15567.4 1533.9 20396.7 181498.9
2019 10 19 2193.7 1572.4 13385.3 6690.9 625.9 2271.7 0.0 95931.6 15135.7 1991.3 20517.9 160316.4
2019 10 20 2193.7 1811.0 15401.5 7691.7 633.1 2582.7 0.0 113541.9 17774.1 1836.5 18447.7 181914.0
2019 10 21 2323.5 1601.2 15135.2 6652.2 651.6 2254.8 0.0 118175.9 15701.6 1786.5 20528.0 184810.6
2019 10 22 2160.1 1859.1 14158.0 7620.2 651.6 2579.0 0.0 120959.1 18612.2 1857.6 25440.1 195897.0
2019 10 23 2323.5 1597.5 15616.2 6493.1 651.6 2219.8 0.0 118882.0 15639.8 1736.7 19356.9 184517.1
2019 10 24 2791.7 1505.6 17720.6 6109.5 651.6 2082.0 0.0 130040.5 14244.4 1828.1 14478.1 191452.1
2019 10 25 2747.1 1572.8 17767.6 6310.2 651.6 2183.3 0.0 116443.8 16002.7 1399.6 21562.6 186641.4
2019 10 26 2747.1 1743.1 17402.0 6934.1 612.8 2427.7 0.0 106461.1 16593.2 2161.9 19564.9 176648.1
2019 10 27 2873.0 1833.3 19721.4 7318.0 620.1 2545.7 0.0 130434.4 18238.1 1670.9 18272.7 203527.5
2019 10 28 3015.7 1594.6 17185.9 6236.9 651.6 2224.4 0.0 117865.7 15927.2 1517.5 19159.0 185378.5
2019 10 29 3678.9 1954.1 24510.5 8209.1 651.6 3634.1 0.0 125838.1 23356.6 2930.3 27317.7 222081.1
2019 10 30 4160.2 1451.0 22705.8 6715.3 651.6 2985.3 0.0 158959.9 18444.1 2491.5 18685.1 237249.8
2019 10 31 4160.2 1482.4 22893.0 7222.4 651.6 3302.3 0.0 148830.7 18865.6 2502.9 12712.2 222623.2
2019 11 1 3860.2 1479.3 21262.0 7072.1 651.0 3234.0 0.0 134220.7 20164.4 1893.9 22000.9 215838.5
2019 11 2 3120.8 1611.0 19073.0 7648.7 649.2 3477.4 0.0 111833.7 20374.3 2524.9 17997.6 188310.7
2019 11 3 3391.4 1639.6 19685.0 7818.0 628.9 3523.7 0.0 127202.6 21294.6 2360.5 18471.2 206015.6
2019 11 4 3815.6 1525.2 21576.3 7258.1 651.0 3378.5 0.0 122464.4 20753.3 2269.0 21233.3 204924.7
2019 11 5 3853.6 1770.8 21678.7 8971.1 651.0 4793.8 0.0 127377.5 26674.6 6167.0 24771.4 226709.5
2019 11 6 3829.0 1508.1 21684.4 8573.5 651.0 4639.5 0.0 130820.8 25120.3 6351.2 20389.2 223567.0
2019 11 7 2902.9 1442.5 18400.5 8773.4 651.0 4809.0 0.0 128202.8 24182.1 5376.8 10933.0 205673.8
2019 11 8 3397.1 1486.5 17954.4 8617.7 651.0 4746.0 0.0 129063.6 25921.3 4655.8 19099.8 215593.1
2019 11 9 3104.5 1445.5 19073.0 8046.4 628.9 4392.3 0.0 111299.2 23570.9 6080.8 18498.7 196140.1
2019 11 10 3391.4 1581.8 19685.0 9032.7 628.9 5027.3 0.0 127202.6 26457.6 7070.8 18635.1 218713.2
2019 11 11 3817.6 1475.4 21576.3 8071.4 651.0 4516.3 0.0 120588.0 25641.2 5703.4 23435.6 215476.1
2019 11 12 3815.6 1623.0 21678.7 8997.7 651.0 5190.0 0.0 127377.5 28737.2 8389.5 21047.1 227507.3
2019 11 13 3982.1 1575.5 21935.3 9303.9 651.0 5397.5 0.0 131630.2 29864.1 9099.5 21308.4 234747.5
2019 11 14 4033.2 1442.4 21935.3 8840.8 651.0 5206.5 0.0 131630.2 26959.7 7984.9 11237.3 219921.1
2019 11 15 3790.5 1526.1 21262.0 8830.8 651.0 5245.9 0.0 130426.5 29738.6 7357.8 20499.1 229328.2
2019 11 16 3070.6 1398.7 19073.0 7931.0 649.2 4781.3 0.0 115679.9 26485.0 9263.3 19334.8 207666.7
2019 11 17 3405.8 1537.2 19685.0 8972.7 628.9 5367.7 0.0 127202.6 29077.3 9207.2 17443.7 222528.0
2019 11 18 4233.6 1491.9 21576.3 8240.0 651.0 4921.4 0.0 129555.4 29500.3 7812.8 25650.6 233633.3
2019 11 19 3990.3 1551.9 21678.7 8604.6 651.0 5196.9 0.0 135003.1 29811.4 9626.2 23235.9 239350.0
2019 11 20 3984.1 1689.8 21935.3 9371.0 651.0 5684.8 0.0 132757.2 31978.4 11293.5 23601.9 242947.0
2019 11 21 4414.9 1582.8 21935.3 8993.6 651.0 5529.0 0.0 141605.6 29340.2 9931.8 13542.3 237526.6
2019 11 22 4659.2 1550.7 24603.9 8176.5 651.0 5081.4 0.0 141927.2 29842.4 9452.9 24264.4 250209.6
2019 11 23 5490.5 1629.6 26049.6 8815.8 649.2 5542.7 0.0 138106.0 30189.3 11954.9 19656.2 248083.8
2019 11 24 5799.1 1668.3 26661.6 8995.0 649.2 5590.9 0.0 154009.4 31618.2 10477.4 21828.0 267296.9
2019 11 25 5364.4 1542.0 27888.6 8072.7 651.0 5033.1 0.0 143869.2 29763.8 9112.5 24120.6 255417.8
2019 11 26 5814.1 1696.1 28266.9 8588.0 651.0 5446.7 0.0 152328.0 33453.4 10817.8 26936.4 273998.5
2019 11 27 5913.3 1778.9 28317.9 9241.6 651.0 6258.8 0.0 160354.7 33880.4 11927.4 20827.2 279151.3
2019 11 28 5358.9 1732.9 25277.3 10004.2 651.0 7341.5 0.0 150795.2 38402.0 7669.2 15244.8 262476.9
2019 11 29 5020.8 1520.4 24603.9 8631.8 651.0 6275.5 0.0 143410.3 35320.0 7308.2 22748.7 255490.5
2019 11 30 5482.8 1621.1 26049.6 9438.3 649.2 6942.5 0.0 138106.0 36862.6 9090.3 17864.6 252106.9
2019 12 1 7857.5 1565.1 37155.2 9339.4 824.0 6883.2 0.0 138241.9 37147.0 6594.5 19993.0 265600.8
2019 12 2 7819.2 1496.7 37004.8 8909.9 940.0 6615.1 0.0 135932.6 36642.7 6680.8 23472.1 265513.8
2019 12 3 8443.8 1665.0 40044.1 9498.8 1048.6 7051.8 0.0 141781.1 41052.5 8201.1 28858.8 287645.6
2019 12 4 8443.8 1669.9 40377.2 9888.4 942.6 7784.8 0.0 141781.1 39618.4 8937.7 16800.4 276244.3
2019 12 5 8593.3 1724.4 40377.2 11137.0 1076.6 9221.9 0.0 141781.1 47494.9 5013.3 17710.7 284130.4
2019 12 6 7668.6 1469.2 39404.1 9512.2 1071.0 7773.1 0.0 141781.1 42149.7 4675.2 21939.1 277443.3
2019 12 7 8608.2 1539.7 38969.7 10099.1 818.9 8316.5 0.0 133465.3 43658.1 5518.2 17954.8 268948.4
2019 12 8 8704.7 1578.5 41902.5 10197.7 905.5 8332.2 0.0 133465.3 45575.3 4259.3 23247.3 278168.5
2019 12 9 7687.5 1471.2 38604.9 9591.1 1022.8 7881.0 0.0 135932.6 43627.3 4498.4 23912.7 274229.5
2019 12 10 8088.0 1614.1 40494.2 10146.1 1076.6 8348.7 0.0 141781.1 48094.7 5028.7 27221.7 291893.7
2019 12 11 7668.6 1648.4 40094.9 10610.4 1116.1 8943.6 0.0 141781.1 48537.1 5262.3 19435.3 285097.8
2019 12 12 7668.6 1708.8 40094.9 11473.7 1116.1 9785.5 0.0 141781.1 52891.3 1648.0 19372.6 287540.5
2019 12 13 8088.0 1473.5 39631.8 10173.4 1043.8 8674.8 0.0 141781.1 47761.1 1453.2 19465.6 279546.3
2019 12 14 7335.7 1445.3 34760.1 9990.2 914.3 8538.9 0.0 133465.3 46823.2 1681.8 17848.9 262803.7
2019 12 15 7891.6 1497.3 38771.8 10233.5 907.9 8724.8 0.0 133465.3 48912.7 1436.8 22095.4 273937.2
2019 12 16 8175.0 1525.8 40935.1 10377.3 1205.1 8859.7 0.0 145135.0 50593.5 1753.7 25640.4 294200.7
2019 12 17 8635.7 1586.1 45276.5 10746.7 1210.4 9189.2 0.0 148991.5 51993.8 1536.0 24244.1 303410.0
2019 12 18 7668.6 1559.9 40094.9 10592.4 1116.1 9085.6 0.0 141781.1 51151.7 1662.7 21420.2 286133.0
2019 12 19 8593.3 1575.8 40377.2 10717.0 1012.9 9185.2 0.0 141781.1 51361.0 1612.1 20287.6 286503.1
2019 12 20 8281.7 1523.2 39686.4 10296.8 946.3 8827.6 0.0 141781.1 49535.6 1443.0 19486.0 281807.7
2019 12 21 7397.8 1360.8 34537.7 9170.3 922.1 7880.2 0.0 138241.9 45069.6 1643.6 20243.8 266467.7
2019 12 22 7763.6 1584.0 37155.2 10569.0 915.7 9069.5 0.0 138241.9 52109.3 1457.7 24220.9 283086.8
2019 12 23 7819.2 1473.6 37004.8 9774.6 890.3 8409.4 0.0 135932.6 48578.9 1645.2 22794.1 274322.7
2019 12 24 7838.6 1630.5 40494.2 10750.8 1145.4 9278.4 0.0 141781.1 53254.9 1636.2 23698.4 291508.6
2019 12 25 7668.6 1467.8 36585.0 10171.1 1018.0 8485.7 0.0 141781.1 45535.7 695.2 20624.8 274033.1
2019 12 26 7668.6 1588.5 40094.9 10507.7 1116.1 9071.8 0.0 141781.1 51822.2 1598.5 21428.6 286677.9
2019 12 27 8782.4 1527.3 44618.8 10048.6 1111.4 8676.4 0.0 148281.3 49444.2 960.8 18891.4 292342.9
2019 12 28 8691.5 1346.6 42248.8 8981.0 1011.8 7782.2 0.0 143764.7 44186.6 1042.4 18568.6 277624.2
2019 12 29 8545.4 1491.2 44150.2 10165.1 1152.6 8539.6 0.0 143996.3 46983.2 1001.8 22054.9 288080.4
2019 12 30 8175.0 1429.1 40030.8 9891.7 897.8 8261.2 0.0 135932.6 44883.2 1046.7 19417.9 269965.9
2019 12 31 8635.7 1511.8 44425.5 10466.5 989.7 8772.9 0.0 145538.8 48891.8 1046.8 25878.2 296157.8
2020 1 1 7805.9 1675.6 37384.9 11150.9 999.4 8789.9 0.0 149517.4 46899.1 12.2 20376.7 284612.0
2020 1 2 7788.1 1833.6 36600.3 12403.9 1011.1 9752.2 0.0 147129.3 51799.7 14.0 20996.3 289328.5
2020 1 3 7292.2 1683.3 35122.6 11514.1 942.8 9030.3 0.0 145751.4 47816.1 15.4 30241.3 289409.5
2020 1 4 6511.3 1670.8 32176.5 11075.0 788.4 8725.0 0.0 136093.6 46669.7 12.5 27604.1 271326.9
2020 1 5 6675.0 1632.1 33341.1 10771.6 845.9 8477.4 0.0 136905.9 44672.2 13.2 24040.8 267375.1
2020 1 6 6750.6 1611.8 32607.3 10691.5 862.5 8415.2 0.0 134386.9 44692.5 13.0 22561.7 262593.1
2020 1 7 7292.2 1913.0 35331.6 12661.1 999.4 9967.6 0.0 145751.4 53100.4 15.0 21904.6 288936.3
2020 1 8 7514.2 1801.4 35331.6 11815.6 981.6 9301.6 0.0 147129.3 49521.4 13.4 18859.8 282270.0
2020 1 9 7805.9 1829.3 37645.3 12052.4 1017.4 9533.2 0.0 149710.6 50896.8 13.9 23475.1 293979.9
2020 1 10 8161.1 1756.7 39174.3 11663.9 1080.3 9217.2 0.0 157540.2 49060.1 15.3 29755.4 307424.5
2020 1 11 8146.9 1737.2 38342.1 11258.5 986.8 8925.7 0.0 149181.1 47725.7 13.1 26540.6 292857.7
2020 1 12 8328.0 1760.6 39438.3 11516.8 999.1 9126.7 0.0 149310.6 48062.2 14.5 24969.2 293525.8
2020 1 13 7361.1 1819.7 36272.3 11613.6 988.7 9235.4 0.0 146271.7 49671.0 13.4 23547.9 286794.8
2020 1 14 8545.0 1909.4 39569.2 12245.3 962.9 9718.7 0.0 156176.2 51799.2 14.9 20902.1 301842.9
2020 1 15 8156.6 1931.6 38921.4 12350.9 930.1 9797.6 0.0 149781.2 51946.3 14.8 15832.6 289663.3
2020 1 16 7805.9 1894.2 37384.9 11928.4 1017.4 9631.1 0.0 149517.4 51772.4 14.7 26967.9 297934.2
2020 1 17 7805.9 1847.1 37175.9 11710.2 951.1 9439.0 0.0 149517.4 50401.5 15.9 27985.3 296849.2
2020 1 18 7534.8 1834.4 36054.5 11494.4 754.9 9262.0 0.0 138182.0 49382.5 14.4 25230.4 279744.3
2020 1 19 8186.2 1874.0 38431.6 11844.2 973.9 9569.2 0.0 149310.6 50417.4 17.1 24364.0 294988.1
2020 1 20 7361.1 1919.8 36012.3 11914.2 978.1 9659.0 0.0 146271.7 52070.6 15.8 23025.8 289228.4
2020 1 21 8545.0 1990.5 39615.2 12424.6 962.9 10064.5 0.0 156176.2 53767.1 16.5 20204.6 303767.0
2020 1 22 8156.6 1973.4 39174.3 12263.4 959.2 9931.4 0.0 156176.2 52987.3 16.3 16064.7 297702.9
2020 1 23 9458.5 1976.0 42131.0 12158.3 1021.7 9982.6 0.0 158690.1 54062.3 21.9 30014.6 319516.9
2020 1 24 9431.8 1896.1 42131.0 11761.1 1021.9 9626.5 0.0 158690.1 51300.5 23.1 26870.7 312752.8
2020 1 25 8999.0 1834.8 40609.0 11266.8 980.2 9200.2 0.0 152260.1 49607.3 19.1 27740.0 302516.5
2020 1 26 8567.7 1841.2 39347.2 11365.7 999.1 9312.6 0.0 149310.6 49484.9 23.5 25874.5 296127.0
2020 1 27 7361.1 1934.7 36272.3 11842.6 988.7 9724.1 0.0 146271.7 52604.5 23.7 23625.5 290648.8
2020 1 28 8156.6 2075.9 39174.3 12732.3 1103.9 10398.8 0.0 157540.2 56114.3 24.8 21299.6 308620.7
2020 1 29 8156.6 1994.9 39174.3 12237.3 963.5 9949.0 0.0 157164.4 55610.0 24.0 17877.2 303151.3
2020 1 30 8549.5 1950.0 39954.3 11956.8 977.9 9734.8 0.0 156176.2 55175.3 28.5 31489.3 315992.7
2020 1 31 8584.2 1911.8 39694.3 11947.1 1008.7 9693.6 0.0 156176.2 53948.2 29.7 26635.3 309629.0
2020 2 1 8297.5 1871.9 38226.9 11388.5 1002.7 9298.0 0.0 143574.9 52472.0 31.3 29734.9 295898.5
2020 2 2 8297.5 1798.1 39981.5 10864.0 1025.7 8885.1 0.0 151563.8 49651.8 34.7 26671.9 298774.2
2020 2 3 8175.8 1916.8 36346.3 11518.0 987.0 9416.0 0.0 143771.8 53829.9 33.0 27748.0 293742.7
2020 2 4 8163.0 2002.5 40656.1 12184.3 955.5 9924.2 0.0 159816.6 55592.4 30.9 23523.7 312849.3
2020 2 5 8634.3 1946.8 41287.7 11791.9 950.9 9557.9 0.0 159096.3 55637.2 44.2 19180.9 308128.2
2020 2 6 8943.4 1989.4 42230.3 11704.9 1001.0 9468.8 0.0 160322.8 55620.0 45.2 30030.9 321356.5
2020 2 7 8648.1 1969.9 41351.4 11789.0 1019.5 9507.0 0.0 158402.1 54967.4 47.1 25529.3 313230.8
2020 2 8 7845.8 1953.9 36366.6 11399.3 1039.3 9146.6 0.0 144156.6 54802.0 59.1 28618.1 295387.4
2020 2 9 7945.3 1815.1 37701.9 10468.0 828.9 8390.3 0.0 137904.3 49939.5 60.6 24450.9 279504.8
2020 2 10 7600.5 1889.7 35651.0 10911.2 1096.8 8718.6 0.0 146388.7 52970.4 54.6 27207.0 292488.7
2020 2 11 8230.0 1970.3 38428.9 11529.3 991.2 9209.6 0.0 151436.1 54500.7 52.7 23552.1 299900.8
2020 2 12 7445.7 1908.1 36359.8 11101.4 978.8 8809.6 0.0 140418.9 52590.7 50.5 18537.4 278200.8
2020 2 13 8333.0 1887.1 37671.7 10855.6 880.1 8591.4 0.0 150471.9 50746.9 49.9 28173.9 297661.6
2020 2 14 7488.4 1921.0 36359.8 11137.9 937.6 8758.8 0.0 145694.9 51327.0 55.3 25604.7 289285.4
2020 2 15 7906.3 1912.0 35947.3 11082.7 766.8 8675.0 0.0 129915.3 51298.9 57.3 26103.7 273665.3
2020 2 16 7576.0 1775.0 33234.3 10322.3 825.9 8034.2 0.0 131698.2 46796.8 59.5 21962.1 262284.3
2020 2 17 7297.8 1845.3 32004.3 10775.1 885.0 8356.6 0.0 128266.1 49452.0 53.0 22813.3 261748.5
2020 2 18 8230.0 2034.1 38428.9 11924.9 991.2 9208.1 0.0 151436.1 53984.6 58.8 21428.8 297725.5
2020 2 19 8107.3 1897.5 36856.7 11175.4 858.4 8547.8 0.0 143638.5 50253.7 56.7 16626.4 278018.4
2020 2 20 7796.7 1775.5 36359.8 10650.9 1005.7 8124.1 0.0 145705.6 47431.9 52.8 26120.7 285023.5
2020 2 21 8379.3 1837.3 38428.9 11064.1 937.6 8399.6 0.0 150088.2 48816.9 61.2 25845.0 293858.1
2020 2 22 7148.4 1804.4 31911.3 10845.8 800.8 8205.2 0.0 123773.2 47568.5 52.8 23238.6 255349.0
2020 2 23 7527.4 1739.5 33234.3 10490.2 831.2 7895.7 0.0 128358.6 45077.1 53.8 21419.4 256627.3
2020 2 24 7576.0 1793.2 34248.6 10794.0 885.0 8100.3 0.0 132042.2 46960.0 46.2 20269.7 262715.2
2020 2 25 7796.7 1989.3 36359.8 12093.8 983.0 8987.2 0.0 143205.9 52052.3 52.3 19470.4 282990.7
2020 2 26 7796.7 1914.8 36359.8 11151.9 984.7 8150.7 0.0 145331.3 46911.8 45.7 23990.3 282637.6
2020 2 27 7954.1 1712.7 37230.1 10018.9 917.8 7377.0 0.0 149263.2 42726.6 36.7 24469.1 281706.1
2020 2 28 7929.4 1880.3 37230.1 11014.2 904.4 8081.6 0.0 146928.0 46003.5 42.8 24332.9 284347.3
2020 2 29 7168.3 1751.9 32781.7 10385.4 857.3 7720.7 0.0 128063.7 44515.9 36.4 24477.8 257759.1
2020 3 1 5661.1 1723.8 26629.1 10235.1 648.5 7428.2 0.0 140539.3 42702.1 38.3 23482.2 259087.7
2020 3 2 6530.6 1809.4 29862.1 10684.6 657.7 7719.4 0.0 143461.3 44808.1 35.0 20515.9 266084.1
2020 3 3 5517.1 1999.9 29658.2 11823.9 624.0 8503.9 0.0 137128.3 49047.9 39.3 19132.0 263474.3
2020 3 4 5059.3 1931.9 25259.3 10961.5 621.7 7780.6 0.0 136917.5 45110.2 45.8 22844.8 256532.8
2020 3 5 4908.7 1813.0 25178.1 10172.8 621.7 7248.0 0.0 136917.5 42163.0 39.6 23205.2 252267.6
2020 3 6 6201.8 1902.7 28566.5 10775.3 624.0 7662.4 0.0 137128.3 43772.2 43.1 24823.0 261499.2
2020 3 7 5602.6 1756.1 26672.1 10001.3 648.5 7079.0 0.0 134713.6 40747.0 38.1 25643.3 252901.5
2020 3 8 5661.1 1771.3 26629.1 10081.3 648.5 7137.8 0.0 140539.3 40000.3 39.7 24819.0 257327.4
2020 3 9 6530.6 1861.8 29862.1 10522.5 657.7 7390.8 0.0 143461.3 41614.6 38.4 21235.0 263174.8
2020 3 10 6915.7 2002.7 31728.3 11439.5 657.7 8039.1 0.0 145303.5 44324.7 42.4 19013.9 269467.5
2020 3 11 7014.1 1936.8 31775.1 10655.6 657.7 7401.1 0.0 145303.5 40918.9 48.4 24178.4 269889.6
2020 3 12 6160.1 1851.2 29668.7 10073.9 624.0 6974.5 0.0 137128.3 38608.1 42.8 21220.9 252352.4
2020 3 13 5766.4 1892.5 26408.3 10430.2 621.7 7213.0 0.0 137128.3 39457.2 43.9 24859.6 253821.2
2020 3 14 4936.5 1810.3 23409.1 10084.9 612.5 6902.3 0.0 131598.7 37956.0 42.2 27631.2 244983.7
2020 3 15 5166.9 1777.7 23412.9 9970.6 612.5 6773.8 0.0 137424.3 36459.2 42.8 26097.2 247738.1
2020 3 16 4905.7 1877.7 27786.3 10459.7 624.0 7053.2 0.0 135286.0 38174.7 43.5 24397.4 250608.3
2020 3 17 5032.6 2071.6 25259.3 11614.6 621.7 7870.4 0.0 136917.5 41685.5 48.7 20059.6 251181.6
2020 3 18 5059.3 1927.9 25259.3 10703.1 621.7 7220.5 0.0 136917.5 38771.2 44.7 21867.6 248392.7
2020 3 19 4229.6 2013.9 23445.8 11122.9 621.7 7461.7 0.0 134316.0 39989.3 46.1 19888.1 243135.1
2020 3 20 5766.4 1849.8 26408.3 10257.7 621.7 6871.4 0.0 137128.3 36658.8 42.6 25408.2 251013.2
2020 3 21 5288.8 1878.8 26672.1 10543.2 648.5 7022.9 0.0 134268.2 37111.5 43.9 26720.8 250198.7
2020 3 22 5602.4 1839.7 25571.1 10390.7 614.7 6846.6 0.0 137424.3 35858.2 43.7 25059.9 249251.4
2020 3 23 5173.3 1897.5 27786.3 10657.5 624.0 6964.4 0.0 135286.0 36906.9 44.3 26393.4 251733.6
2020 3 24 5734.2 2011.2 27577.4 11481.8 621.7 7540.9 0.0 137128.3 39115.4 47.4 19945.5 251203.8
2020 3 25 5422.8 1913.6 29658.2 10857.4 624.0 6991.2 0.0 137128.3 37059.3 50.2 21479.4 251184.2
2020 3 26 5342.6 1911.2 29576.9 10844.6 624.0 6874.5 0.0 137128.3 36985.3 48.7 20448.8 249784.9
2020 3 27 5084.8 1786.1 26181.8 10211.4 621.7 6400.7 0.0 137128.3 34150.3 43.5 21826.2 243434.7
2020 3 28 4221.3 1813.0 22419.4 9893.0 612.5 6054.8 0.0 129398.6 33230.4 46.5 25599.7 233289.2
2020 3 29 4343.2 1779.1 22637.9 9736.8 612.5 5867.3 0.0 134822.9 32213.0 45.7 23774.7 235833.0
2020 3 30 2661.6 1798.1 16074.8 9825.4 567.0 5882.4 0.0 132405.4 32633.5 46.4 26591.9 228486.6
2020 3 31 2933.3 1932.6 17463.7 10523.8 567.0 6250.2 0.0 134247.7 34901.7 49.6 19455.4 228325.2
2020 4 1 2979.9 1810.7 17742.5 9869.7 563.6 5557.2 0.0 131109.3 32536.2 51.9 21573.0 223794.1
2020 4 2 3139.2 1881.2 17665.0 10136.6 562.0 5568.5 0.0 129691.4 33406.9 52.9 20639.2 222742.8
2020 4 3 3133.4 1767.7 17665.0 9544.2 562.0 5172.1 0.0 127657.3 30585.5 46.8 19561.0 215695.0
2020 4 4 2894.4 1795.6 17401.8 9157.8 576.8 4794.9 0.0 120817.1 29545.6 49.9 23087.6 210121.4
2020 4 5 3864.8 1766.9 20115.3 9029.2 589.7 4709.1 0.0 132427.6 28949.7 50.4 22855.1 224357.8
2020 4 6 4048.9 1763.8 22671.1 9003.2 637.3 4663.1 0.0 124420.4 29015.1 50.2 25136.7 221409.8
2020 4 7 4675.3 1841.4 25989.9 9321.2 681.0 4741.8 0.0 135956.6 29804.8 52.0 18830.0 231894.0
2020 4 8 3671.2 1819.4 20330.4 9062.3 563.6 4445.4 0.0 137043.5 29015.0 57.3 20662.4 226670.6
2020 4 9 3139.2 1735.7 17665.0 8603.4 562.0 4069.4 0.0 131694.1 27445.8 53.4 20690.9 215658.8
2020 4 10 2927.2 1786.7 17367.5 8969.9 522.6 4195.3 0.0 128003.3 27463.5 51.7 17218.6 208506.4
2020 4 11 2894.4 1784.0 17401.8 8348.4 576.8 3660.3 0.0 122413.2 26053.3 54.6 24503.4 207690.0
2020 4 12 3314.9 1723.6 19274.0 8159.8 589.7 3564.6 0.0 132427.6 24800.9 52.6 22647.7 216555.4
2020 4 13 2928.6 1687.7 17255.3 8006.7 557.6 3471.2 0.0 127318.6 24482.3 52.6 26063.3 211823.8
2020 4 14 3025.4 1838.0 17355.6 8636.4 555.5 3689.2 0.0 133796.7 26509.4 56.8 21377.0 216840.0
2020 4 15 3213.3 1810.7 18488.7 8454.9 566.2 3520.9 0.0 131109.3 25654.8 56.1 23050.0 215924.9
2020 4 16 2631.0 1801.7 17276.8 8464.4 556.6 3515.2 0.0 132620.0 25807.3 56.9 23113.2 215843.1
2020 4 17 2976.1 1761.4 17650.5 8341.9 561.0 3441.9 0.0 133167.6 24421.5 52.9 19020.9 211395.6
2020 4 18 2906.0 1817.1 18133.4 8561.3 582.5 3540.4 0.0 126213.3 25639.4 57.4 27697.7 215148.5
2020 4 19 3536.6 1825.5 19288.5 8761.1 586.6 3613.7 0.0 130447.1 25417.8 56.3 24181.9 217715.0
2020 4 20 2437.8 1714.6 14647.7 8244.0 538.0 3361.6 0.0 128597.5 23936.0 53.7 26320.4 209851.4
2020 4 21 2667.4 1854.8 15063.3 8897.1 501.3 3615.4 0.0 132349.5 26161.7 59.4 24171.0 215340.7
2020 4 22 2929.9 1845.1 15584.6 8826.1 510.4 3569.1 0.0 134474.0 25728.0 57.5 25173.8 218698.6
2020 4 23 2631.0 1745.7 17050.7 8591.3 554.2 3385.4 0.0 133451.9 24531.1 54.5 25114.3 217110.1
2020 4 24 2625.2 1777.6 16899.2 8671.8 517.5 3310.4 46.0 127657.3 23870.1 51.7 18200.7 203627.5
2020 4 25 1642.0 1704.0 10395.3 8260.7 416.4 3177.7 47.0 109231.0 23599.7 54.7 31058.9 189587.3
2020 4 26 3158.8 1809.2 16492.7 8989.7 588.3 3443.3 54.7 132201.8 24593.4 54.1 25786.7 217172.7
2020 4 27 2928.6 1651.3 17255.3 7711.5 553.4 2776.8 91.6 127318.6 21358.5 50.7 27319.6 209015.8
2020 4 28 2667.4 1741.2 15063.3 8153.0 501.3 2925.5 98.4 132003.4 22966.5 55.4 25077.8 211253.1
2020 4 29 2015.4 1779.0 12390.5 8259.4 467.5 2905.3 123.3 131884.9 23146.2 55.4 25295.2 208322.0
2020 4 30 1720.8 1708.9 11247.7 8238.6 476.0 2860.0 105.4 132546.5 22709.8 53.7 27944.7 209611.9
2020 5 1 1962.8 1624.8 11645.1 7714.2 552.6 2544.4 146.3 133522.9 20457.7 47.1 20759.1 200976.9
2020 5 2 1988.0 1509.6 11798.1 7195.3 476.1 2396.2 134.0 124391.2 19475.3 47.7 30182.2 199593.8
2020 5 3 3126.1 1825.2 17262.4 8718.8 670.0 2872.0 172.6 131548.0 23143.6 54.6 27698.0 217091.3
2020 5 4 2161.4 1586.8 11852.5 7163.3 513.2 2168.5 221.9 130810.7 18954.7 47.3 25212.7 200693.1
2020 5 5 1988.0 1620.5 11622.0 7339.6 507.8 2212.5 228.6 131805.3 19720.5 50.1 24144.9 201239.9
2020 5 6 1988.0 1764.6 11622.0 7831.8 515.7 2224.5 293.0 131805.3 20837.0 53.6 22806.8 201742.3
2020 5 7 1988.0 1619.2 11622.0 7576.2 538.5 2145.6 255.2 131805.3 19377.2 48.2 26422.8 203398.2
2020 5 8 1988.0 1573.8 11622.0 7134.3 529.7 1829.8 295.1 131805.3 18058.4 45.2 21671.8 196553.4
2020 5 9 3080.5 1456.1 17055.2 6579.3 618.4 1658.3 290.3 124489.3 16793.0 44.0 27070.3 199134.6
2020 5 10 3126.1 1768.6 17262.4 8090.3 661.4 2039.7 350.9 131548.0 20135.4 51.9 29004.4 214039.3
2020 5 11 1988.0 1545.3 11798.1 6697.7 513.9 1453.7 388.1 130810.7 16454.4 44.6 23860.6 195555.1
2020 5 12 1988.0 1526.9 11798.1 6396.9 513.9 1366.7 379.7 131805.3 16272.7 44.8 21947.7 194040.7
2020 5 13 1988.0 1796.9 11798.1 7479.3 538.5 1549.3 465.5 131805.3 19127.3 53.0 20962.4 197563.6
2020 5 14 1988.0 1599.7 11645.1 6843.6 554.2 1449.1 410.9 133522.9 17101.5 47.6 26892.3 202054.8
2020 5 15 1962.8 1541.6 11645.1 6454.7 564.3 1227.3 438.2 133522.9 15843.8 44.1 21250.6 194495.3
2020 5 16 1988.0 1464.6 11645.1 6152.1 491.8 1164.0 424.3 126108.8 15209.2 43.2 24452.8 189143.9
2020 5 17 1707.7 1794.8 11743.8 7562.3 594.7 1475.3 500.1 141767.8 18616.8 52.8 29602.0 215418.1
2020 5 18 1553.7 1576.8 10155.8 6822.4 537.6 1328.0 445.0 136972.7 16309.9 44.9 21677.9 197424.8
2020 5 19 1732.7 1579.6 11645.1 6579.7 537.6 1284.4 432.9 133522.9 16325.7 45.6 19637.0 193323.1
2020 5 20 1553.7 1828.5 10155.8 7615.5 567.4 1463.2 513.1 137967.3 18971.5 53.1 20953.3 201642.5
2020 5 21 1553.7 1622.7 10155.8 6811.0 579.3 1322.9 454.7 136572.0 16772.8 47.7 25428.0 201320.6
2020 5 22 1536.1 1610.7 10155.8 6755.5 586.5 1288.5 455.9 142609.1 16102.5 44.8 18383.4 199528.8
2020 5 23 1553.7 1586.7 10155.8 6611.0 519.6 1246.8 467.4 130315.3 16363.8 46.3 23961.0 192827.4
2020 5 24 2077.1 1841.4 13233.1 7676.5 594.7 1447.8 563.0 137561.2 18633.5 53.0 28883.8 212565.1
2020 5 25 1732.7 1653.8 11645.1 7038.2 537.6 1320.3 524.9 132528.2 16756.5 46.4 20987.7 194771.4
2020 5 26 1732.7 1676.3 11645.1 6839.4 537.6 1258.9 550.0 133522.9 16899.9 46.8 17202.6 191912.1
2020 5 27 1553.7 1884.0 10155.8 7689.5 574.6 1387.2 727.2 137967.3 19347.1 53.2 21421.9 202761.5
2020 5 28 1536.1 1634.4 10155.8 6949.4 586.5 1255.0 747.7 142609.1 16622.6 45.2 25170.3 207312.0
2020 5 29 1536.1 1627.4 10155.8 6898.6 586.5 1262.4 705.9 142609.1 16015.4 41.7 16804.7 198243.6
2020 5 30 1536.1 1555.8 10155.8 6535.2 519.6 1179.4 693.7 135558.7 15819.6 42.4 25030.5 198626.5
2020 5 31 1690.0 1830.3 11743.8 7678.9 594.7 1378.9 868.3 141767.8 18267.9 49.3 26790.0 212660.0
2020 6 1 881.1 1645.4 7166.6 6943.4 464.6 1198.9 792.2 111912.3 16196.3 42.3 21393.6 168636.7
2020 6 2 901.3 1701.1 7337.7 7093.5 464.6 1195.0 882.1 118399.6 16717.3 43.0 21953.6 176688.8
2020 6 3 973.3 1836.1 7486.8 7574.2 469.4 1264.9 978.6 122333.1 17971.4 46.5 21546.1 182480.3
2020 6 4 1380.3 1671.5 9524.4 7218.2 520.4 1197.0 1036.6 124818.9 16069.4 41.3 24174.2 187652.1
2020 6 5 1037.1 1570.1 7780.6 6749.4 460.0 1129.7 937.3 121775.6 14748.5 36.5 19476.5 175701.2
2020 6 6 1055.4 1598.1 8408.5 6669.3 471.6 1100.5 965.7 100910.0 15351.5 139.2 27078.5 163748.3
2020 6 7 1165.0 1887.2 8690.2 7990.2 487.9 1309.6 1198.0 125509.7 17643.6 156.1 24297.7 190335.2
2020 6 8 866.8 1707.5 7368.8 7011.6 464.6 1150.1 1097.4 113596.7 15628.4 135.8 22564.1 171591.8
2020 6 9 1110.6 1757.6 9022.6 7003.2 481.2 1115.9 1166.1 118297.8 16125.1 740.5 22802.3 179622.8
2020 6 10 1119.7 1857.5 9122.8 7341.5 485.9 1157.6 1266.0 122231.2 16892.4 799.7 22029.8 184304.2
2020 6 11 1131.6 1719.4 9346.4 7168.2 485.9 1124.7 1313.4 122882.8 15431.0 739.8 25106.8 186450.2
2020 6 12 994.1 1606.0 7493.4 6627.9 460.0 1044.3 1198.3 120091.1 14081.9 712.1 21778.7 176087.7
2020 6 13 716.2 1662.6 6351.4 6615.3 420.6 1031.3 1239.5 98442.7 14752.9 864.0 28597.9 160694.4
2020 6 14 831.8 1899.7 7306.6 7791.5 436.9 1210.6 1453.7 123042.4 16418.5 1051.6 22729.4 184172.8
2020 6 15 881.1 1743.9 7166.6 6905.6 464.6 1069.3 1328.0 111912.3 14747.2 915.2 23280.4 170414.2
2020 6 16 1128.4 1763.7 9026.8 6816.7 481.2 1047.9 1348.3 118297.8 15052.4 1518.5 23991.8 180473.4
2020 6 17 993.0 1820.2 8191.2 6939.2 485.9 1068.0 1347.3 122497.7 15239.5 1540.7 24620.5 184743.2
2020 6 18 845.9 1821.2 7446.0 7109.1 474.0 1090.3 1344.1 123171.6 15114.1 1721.5 24153.6 184291.2
2020 6 19 844.1 1711.8 6845.2 6600.8 475.9 1015.7 1244.2 120128.3 13946.8 1583.4 22070.0 176466.2
2020 6 20 716.2 1767.4 6351.4 6594.6 420.6 1007.8 1285.7 98442.7 14643.8 1681.4 28530.4 161442.0
2020 6 21 828.4 1942.8 6709.8 7426.4 452.8 1136.1 1426.1 123079.7 15741.8 1964.4 24945.4 185653.7
2020 6 22 939.0 1869.9 8068.0 6929.6 480.6 1058.3 1355.8 111501.9 14838.8 1832.8 23751.7 172626.4
2020 6 23 745.7 1848.1 6360.1 6715.2 454.1 1015.2 1334.8 118007.9 14689.6 2434.8 19375.4 172980.9
2020 6 24 997.5 2002.9 8630.5 7105.0 485.3 1062.3 1509.3 122520.0 16291.2 2691.7 26663.0 189958.7
2020 6 25 798.8 1873.3 6624.5 6793.8 463.2 1003.2 1467.8 122895.3 15077.9 2934.8 24594.8 184527.4
2020 6 26 979.4 1842.0 7944.9 6695.3 475.9 984.5 1525.5 120128.3 14565.9 2828.8 20334.4 178305.0
2020 6 27 639.9 1819.0 5247.5 6190.5 437.2 888.2 1490.7 98322.8 15777.7 4243.0 27576.6 162633.2
2020 6 28 755.5 1939.0 6202.6 6754.6 453.4 970.0 1621.4 123057.3 16741.9 4947.7 28774.8 192218.1
2020 6 29 819.8 1825.3 7479.1 6387.7 480.6 908.0 1533.7 111501.9 15791.9 4584.7 24316.2 175629.0
2020 6 30 981.2 1809.8 8078.1 6334.4 480.6 886.2 1564.3 118564.3 15655.2 4637.1 18949.5 177940.7
2020 7 1 817.5 1986.7 6793.7 6890.0 453.9 954.1 1871.1 119760.4 17959.1 5588.6 28495.0 191570.1
2020 7 2 818.8 1880.6 6793.7 6715.9 453.9 917.2 1840.0 123930.0 16721.0 6953.0 23060.7 190084.8
2020 7 3 793.2 1871.4 6255.3 6734.1 447.0 917.3 1914.5 118010.1 16342.0 6833.3 18157.0 178275.1
2020 7 4 642.8 1755.6 5163.6 5912.5 433.1 781.7 1789.0 98708.5 16764.3 7213.8 27071.3 166236.1
2020 7 5 724.3 1849.3 5620.4 6349.3 440.2 838.1 1929.4 116015.2 17639.4 8008.3 33851.8 193265.6
2020 7 6 774.6 1815.1 6094.4 6260.3 453.2 817.9 1931.3 111827.1 17334.7 8472.1 25562.7 181343.4
2020 7 7 761.6 1810.5 6185.6 6219.2 453.2 801.2 1966.7 116009.8 17156.4 8224.2 18121.9 177710.3
2020 7 8 811.8 2050.7 6782.8 6740.9 453.9 848.9 2326.9 119760.4 20547.2 9099.4 28212.1 197635.1
2020 7 9 722.1 1883.1 5907.0 6278.4 453.9 774.9 2247.9 113658.6 18794.7 10341.2 24502.8 185564.5
2020 7 10 654.8 1786.8 5366.0 6086.0 429.8 753.5 2181.7 113751.9 17356.9 9514.5 18391.9 176273.9
2020 7 11 578.9 1719.2 4640.8 5477.7 421.4 649.7 2106.2 95918.0 18262.6 9563.4 28181.3 167519.2
2020 7 12 659.8 1852.8 5097.6 6064.0 428.3 719.6 2328.2 110334.1 19563.9 11494.5 33505.3 192048.2
2020 7 13 637.1 1766.6 5346.6 5812.6 443.0 683.7 2258.0 108332.4 18708.1 11631.0 27825.8 183445.0
2020 7 14 639.0 1827.3 5033.8 5987.2 429.1 700.0 2360.2 111100.2 19250.5 11456.5 17753.6 176537.4
2020 7 15 654.8 1908.3 5145.3 6068.4 429.8 709.1 2501.9 114156.8 20826.1 11510.4 26643.1 190554.1
2020 7 16 654.8 1935.2 5145.3 6253.9 429.8 730.9 2587.9 113504.2 21057.9 13673.7 24059.2 190032.8
2020 7 17 658.6 1766.8 5290.4 5798.0 422.9 684.7 2327.2 111189.3 18745.0 12914.3 17815.7 177612.9
2020 7 18 588.5 1670.8 4724.4 5404.0 421.4 634.3 2213.0 95918.0 18193.6 10168.3 29095.8 169032.3
2020 7 19 659.8 1862.3 5349.8 6103.8 452.4 720.8 2496.6 110334.1 19963.1 12729.4 29966.0 190637.9
2020 7 20 598.0 1869.9 5005.2 6141.0 453.1 721.1 2536.6 109157.2 20090.3 13462.7 29628.8 189663.8
2020 7 21 596.8 1842.2 4957.1 6021.6 452.7 704.3 2489.8 111244.2 19789.7 12035.2 17720.4 177854.0
2020 7 22 615.6 1823.0 5399.8 5871.8 453.9 690.3 2490.2 119007.2 19782.6 11867.9 25124.1 193126.3
2020 7 23 619.6 2031.9 5443.2 6554.1 453.9 771.7 2821.4 116305.2 22110.8 14722.2 24845.8 196679.7
2020 7 24 582.3 1708.4 5024.5 5573.9 405.9 658.0 2328.9 114150.2 18094.7 12766.3 18382.1 179675.4
2020 7 25 486.5 1763.3 4399.0 5668.9 405.9 655.6 2428.5 95918.0 19109.9 12330.4 29960.2 173126.1
2020 7 26 546.5 1973.0 4641.0 6446.9 405.9 753.6 2742.3 110334.1 21082.8 15625.0 22363.9 186915.2
2020 7 27 597.2 1942.3 4926.3 6327.3 452.7 739.3 2714.6 109157.2 20888.1 15379.9 30190.0 193315.0
2020 7 28 596.8 1945.7 4957.1 6026.7 452.7 691.4 2648.4 110800.4 20720.0 17399.4 16355.6 182594.2
2020 7 29 553.1 1759.2 4702.0 5506.4 398.8 639.9 2460.5 118222.1 18918.8 16559.3 20884.3 190604.4
2020 7 30 616.1 2026.5 5195.2 6319.0 453.4 730.9 2851.4 114243.7 21984.4 19386.4 24023.5 197830.6
2020 7 31 618.2 1781.8 5277.5 5631.1 453.9 654.9 2479.1 116553.0 18804.4 17742.9 16814.5 186811.2
2020 8 1 436.3 1675.4 4540.9 5288.7 519.1 612.7 2371.7 89943.2 18166.8 15911.2 31373.9 170839.8
2020 8 2 539.9 1865.9 4789.1 5969.3 520.3 700.8 2661.7 108456.1 20067.1 19020.9 19581.7 184172.8
2020 8 3 620.6 1925.4 5263.1 6121.9 576.9 716.7 2748.4 105613.0 20827.0 19622.8 29737.3 193773.0
2020 8 4 524.3 1958.2 4846.5 5886.1 519.1 674.2 2727.0 110763.8 20925.5 22718.8 13255.9 184799.2
2020 8 5 516.9 1787.4 4295.9 5476.1 480.4 627.9 2544.4 119984.7 19350.6 21772.9 17344.3 194181.5
2020 8 6 507.1 1925.9 4295.9 5845.2 480.4 665.3 2735.1 114946.9 20996.2 22731.5 25306.2 200435.7
2020 8 7 655.0 1703.2 5307.8 5232.3 559.5 599.8 2396.9 115297.3 18036.1 20654.3 16885.0 187327.4
2020 8 8 524.8 1592.9 4971.2 4831.9 559.5 540.7 2265.5 91251.6 17171.2 19459.8 31556.7 174725.8
2020 8 9 671.2 1829.5 5356.6 5600.3 585.9 630.0 2623.3 109411.8 19749.3 23197.7 20015.6 189671.3
2020 8 10 562.6 1777.7 5263.1 5419.2 551.8 609.9 2546.1 105613.0 19203.8 22279.1 29747.2 193573.5
2020 8 11 563.7 1874.7 5278.8 5389.3 551.8 595.8 2611.9 108201.9 19895.4 26553.0 14190.1 185706.4
2020 8 12 612.6 1745.1 5370.5 5139.3 579.2 569.8 2490.8 119802.2 18836.2 24532.8 13646.3 193324.7
2020 8 13 665.4 1804.2 5370.5 5196.7 579.2 565.2 2557.2 116442.6 19705.3 24752.3 26220.1 203858.7
2020 8 14 667.1 1744.8 5370.5 5147.4 585.9 572.3 2460.9 116490.5 18511.8 24087.4 16310.3 191948.8
2020 8 15 550.5 1417.3 5167.5 4107.8 585.9 450.7 2009.5 90745.7 15218.1 20124.7 31769.8 172147.4
2020 8 16 670.2 1694.8 5356.6 4923.7 585.9 541.1 2417.8 109258.5 18301.9 24148.8 23039.7 190938.9
2020 8 17 620.4 1666.2 5269.8 4834.2 523.9 532.6 2373.5 107332.8 17929.9 23328.4 28347.9 192759.5
2020 8 18 630.1 1805.9 5285.5 5201.0 512.4 570.1 2568.9 111632.1 19561.3 25587.2 17298.4 190653.0
2020 8 19 681.8 1688.2 5370.5 4904.9 547.5 539.8 2404.0 120870.8 18221.4 23169.5 13740.1 192138.4
2020 8 20 693.6 1677.1 5370.5 4786.9 547.5 518.4 2376.9 117532.8 18301.8 22537.4 27131.6 201474.4
2020 8 21 695.3 1687.5 5370.5 4893.7 547.5 539.1 2367.4 117580.6 17885.4 22828.7 17279.9 191675.7
2020 8 22 523.7 1516.0 5167.5 4324.7 585.9 473.1 2143.4 90899.0 16349.0 20757.9 30638.9 173379.1
2020 8 23 672.1 1723.6 5356.6 4934.6 547.5 541.5 2417.2 109258.5 18571.8 23705.7 25471.1 193200.3
2020 8 24 656.2 1671.8 5271.8 4817.4 546.8 531.0 2327.4 107229.7 17963.3 22306.0 27445.7 190767.0
2020 8 25 652.6 1735.8 5285.5 4951.2 513.1 543.9 2398.4 109322.3 18678.7 23417.8 20703.0 188202.4
2020 8 26 1086.0 1737.6 7845.8 5054.1 592.0 569.9 2274.4 121835.1 18715.4 22084.0 17661.0 199455.1
2020 8 27 1108.3 1750.2 7910.2 5104.3 592.0 572.5 2215.4 126659.0 18918.5 22847.5 25397.6 213075.6
2020 8 28 879.3 1630.0 6951.5 4880.5 569.4 566.7 2060.1 119794.5 16358.8 18918.8 19326.5 191936.0
2020 8 29 802.9 1583.7 6482.5 4736.5 535.2 554.3 2001.9 99708.7 16333.0 17179.1 31859.2 181777.0
2020 8 30 946.5 1690.3 7314.1 5091.0 558.1 599.2 2088.8 121654.1 17110.4 19109.1 28555.8 204717.5
2020 8 31 991.5 1701.7 7750.4 5159.7 592.0 607.9 2069.2 111338.4 17277.9 18759.3 26042.5 192290.5
2020 9 1 832.9 1756.4 5810.1 5386.0 530.0 643.5 2139.2 121107.8 17818.3 19689.9 19323.8 195038.0
2020 9 2 947.8 1857.0 7337.8 5757.8 670.2 705.6 2090.9 124646.0 18882.2 19729.8 22740.3 205365.4
2020 9 3 759.1 1715.6 5760.9 5340.8 493.7 651.5 1858.6 121107.8 17296.9 19648.7 24754.8 199388.4
2020 9 4 613.2 1585.1 5383.0 5086.6 495.9 640.7 1704.6 121107.8 14709.7 15694.9 20428.1 187449.8
2020 9 5 583.8 1683.2 4540.6 5282.2 421.1 664.4 1821.0 104155.3 16393.1 15103.8 31111.4 181759.9
2020 9 6 912.5 1782.8 7358.4 5654.4 661.2 717.6 1827.7 122176.0 16681.1 17002.1 31870.1 206644.0
2020 9 7 1112.5 1712.5 8282.1 5408.3 872.7 684.9 1716.7 124646.0 16181.1 16044.9 27661.6 204323.4
2020 9 8 1081.4 1684.3 8035.3 5286.1 884.0 673.0 1641.5 124646.0 15434.0 15490.8 20845.5 195701.8
2020 9 9 947.8 1881.2 7337.8 5819.9 626.4 753.0 1675.0 124646.0 17637.2 15772.1 27527.4 204623.7
2020 9 10 955.0 1738.4 7288.7 5433.6 626.4 701.5 1482.8 124646.0 16000.5 16603.4 24940.9 200417.3
2020 9 11 891.3 1615.6 6583.3 5275.1 584.2 705.9 1330.6 124039.0 13381.0 12681.1 21019.8 188107.0
2020 9 12 779.7 1650.4 5933.0 5260.4 614.1 703.9 1359.1 104993.4 14373.8 11345.8 29184.1 176197.8
2020 9 13 912.5 1828.6 7358.4 5825.7 736.8 779.8 1454.0 122176.0 15455.9 13839.6 33934.8 204302.1
2020 9 14 1059.8 1739.3 7584.7 5473.4 651.6 732.4 1330.2 124646.0 14720.8 13129.0 26586.1 197653.3
2020 9 15 1028.8 1727.1 7337.8 5410.0 662.8 729.9 1277.6 124646.0 14137.7 13123.2 20174.0 190254.8
2020 9 16 1030.0 1927.3 8035.3 5821.1 915.2 785.6 1388.4 124646.0 16253.3 12717.3 27856.6 201376.1
2020 9 17 1037.2 1692.4 7986.1 5181.9 887.7 699.4 1227.3 124646.0 13864.3 12874.5 24469.8 194566.5
2020 9 18 891.3 1728.2 6583.3 5447.2 584.2 735.7 1274.1 124039.0 13850.3 13380.2 18886.9 187400.4
2020 9 19 861.9 1676.5 6630.4 5084.5 812.7 685.6 1207.1 104993.4 13939.3 11222.6 26088.4 173202.3
2020 9 20 1020.6 1832.0 7166.3 5622.9 601.9 760.8 1310.1 122176.0 14828.9 13879.3 31978.2 201176.8
2020 9 21 1112.5 1732.8 7392.5 5224.7 590.0 710.5 1206.7 123074.1 14045.6 13067.9 25501.3 193658.5
2020 9 22 1081.4 1696.9 7145.7 5060.0 598.5 693.3 1151.9 124646.0 13570.3 12767.8 20902.4 189314.2
2020 9 23 1030.0 1856.2 7145.7 5314.0 588.4 754.1 1207.7 123074.1 15242.1 12044.2 25950.4 194206.9
2020 9 24 1037.2 1731.4 7096.5 5110.9 581.6 814.4 1063.4 124646.0 14104.0 12085.4 23742.5 192013.3
2020 9 25 891.3 1752.3 7472.9 5473.0 897.1 878.9 1068.9 124039.0 13778.7 13171.1 17215.5 186638.8
2020 9 26 779.7 1655.0 5933.0 5121.5 614.1 836.9 981.0 104993.4 13461.6 10514.0 25559.2 170449.3
2020 9 27 1020.6 1727.1 7166.3 6087.9 622.5 1263.5 900.2 122176.0 14109.2 10138.3 29278.7 194490.1
2020 9 28 1112.5 1735.1 7392.5 5947.3 583.2 1249.2 856.9 124646.0 14003.4 10012.6 24084.9 191623.5
2020 9 29 1108.3 1779.9 7381.7 6415.8 605.4 1477.4 766.0 123074.1 14629.2 9520.4 21177.2 187935.3
2020 9 30 1823.9 1782.9 10922.7 5932.4 722.2 1245.3 874.9 121692.5 14698.9 9311.8 23765.6 192773.1
2020 10 1 2058.6 1695.5 11931.5 6101.9 615.6 1426.5 729.2 128671.1 14279.9 10419.2 21323.6 199252.7
2020 10 2 989.7 1672.1 6358.6 6287.1 532.5 1470.7 689.5 125910.8 13741.1 11161.6 16764.2 185577.7
2020 10 3 874.6 1629.1 6289.4 6172.3 532.5 1479.0 632.6 100067.0 13897.5 8757.7 25053.6 165385.3
2020 10 4 1037.1 1644.5 7030.5 6933.6 532.5 1872.2 513.6 125694.4 14006.0 7715.4 25065.4 192045.4
2020 10 5 1875.2 1749.6 11861.4 7241.1 615.6 2025.9 444.0 119466.0 14657.7 7282.4 23743.0 190961.8
2020 10 6 2000.2 1770.1 12435.8 7512.1 615.6 2191.1 360.7 124290.4 14908.1 6606.3 19094.5 191785.0
2020 10 7 1992.3 1710.1 12161.3 6923.7 615.6 1937.8 441.3 125020.1 14560.6 6380.5 21847.3 193590.5
2020 10 8 2058.6 1731.8 11931.5 7225.4 615.6 2163.4 324.9 128671.1 14783.4 6206.3 19698.1 195410.3
2020 10 9 2217.7 1695.5 11561.5 7244.8 664.1 2154.2 283.7 126993.7 14111.4 7056.0 16051.7 190034.3
2020 10 10 2276.5 1704.5 11886.3 7333.8 642.6 2192.2 265.7 100552.7 14715.0 5730.3 23940.9 171240.4
2020 10 11 2994.2 1773.3 18103.4 8185.4 694.7 2638.2 381.3 144917.7 15268.8 3880.9 22173.1 221011.1
2020 10 12 3633.5 1881.1 18005.2 8356.8 692.0 2722.8 240.3 127834.1 15988.1 3651.8 20771.3 203777.1
2020 10 13 3321.3 1883.6 17978.9 8467.6 692.0 2814.0 78.5 133541.6 16052.7 3454.7 17251.9 205536.8
2020 10 14 2711.1 1891.1 15085.1 8172.3 696.1 2648.0 292.7 126421.3 16459.9 3597.5 21320.0 199295.1
2020 10 15 2733.3 1780.1 14954.0 7892.5 696.1 2613.6 117.7 134608.2 15148.9 3401.9 18629.2 202575.6
2020 10 16 2695.2 1816.7 14583.9 8018.6 696.1 2642.2 114.1 126659.1 15134.7 3595.8 15138.0 191094.3
2020 10 17 2531.3 1818.7 14820.5 7935.1 659.7 2628.0 103.8 108514.0 16041.4 3064.8 23046.3 181163.4
2020 10 18 2960.8 1963.1 16968.5 8396.1 694.7 2779.6 110.5 144917.7 16711.1 3650.1 21863.8 221016.0
2020 10 19 2515.1 1953.3 14715.3 8246.4 686.2 2761.0 0.0 121628.6 16874.8 3182.1 19735.8 192298.5
2020 10 20 2640.1 1860.0 15289.7 7685.6 686.2 2567.7 78.5 126453.0 15901.1 3517.8 13997.9 190677.7
2020 10 21 2666.9 2072.5 15085.1 8445.3 696.1 2818.7 75.1 130957.3 18413.8 3358.6 22513.4 207102.8
2020 10 22 2733.3 1868.1 14954.0 7670.2 714.3 2587.0 0.0 134608.2 16044.5 3177.9 20275.0 204632.6
2020 10 23 2728.6 1843.2 15427.0 7545.7 696.1 2527.4 0.0 126659.1 15430.9 3210.6 16142.6 192211.2
2020 10 24 3295.4 1835.5 17566.3 7350.8 665.7 2517.0 0.0 117790.4 16473.2 2612.6 24132.0 194238.9
2020 10 25 3525.0 2101.4 20413.7 8413.1 700.7 2997.0 0.0 149886.6 18178.1 3835.2 24277.6 234328.4
2020 10 26 3120.8 1901.6 17488.8 7517.0 692.0 2689.7 0.0 127208.5 17139.9 3101.0 19910.3 200769.5
2020 10 27 3321.3 1783.8 17978.9 7036.5 692.0 2592.9 0.0 133541.6 16079.5 2937.7 14777.0 200741.2
2020 10 28 3431.0 2170.1 18580.2 8686.6 712.4 3483.9 0.0 131411.4 22424.4 4618.9 25069.1 220587.9
2020 10 29 4105.0 1753.3 20440.5 7452.2 744.5 2961.0 0.0 140876.0 18236.5 4308.7 21828.3 222706.0
2020 10 30 4335.9 1716.3 22456.3 7307.3 748.2 2859.3 0.0 150667.5 17424.3 4203.9 18783.5 230502.5
2020 10 31 4000.8 1721.5 19480.5 7209.2 711.8 2923.5 0.0 130837.5 19292.8 3348.1 26786.9 216312.7
2020 11 1 4604.0 1882.4 23028.9 8296.3 645.3 3489.1 0.0 144134.4 20669.0 4986.9 28949.6 240685.8
2020 11 2 4135.6 1700.7 21620.0 7721.1 630.2 3323.7 0.0 130753.4 19919.4 4710.7 23554.6 218069.4
2020 11 3 4357.2 1674.2 21087.9 7785.9 630.2 3470.4 0.0 129553.1 20379.1 4460.2 15296.0 208694.2
2020 11 4 4574.0 1944.3 22111.5 9089.7 635.1 4262.4 0.0 131636.0 25144.9 6659.5 24919.5 230976.9
2020 11 5 4138.6 1724.7 21527.7 8667.7 635.1 4096.1 0.0 138748.3 23320.3 7240.8 21271.0 231370.1
2020 11 6 3670.9 1529.3 19905.3 7740.2 630.3 3636.8 0.0 136554.2 20347.1 6424.2 20815.6 221254.0
2020 11 7 3386.2 1587.4 18567.6 7795.1 617.1 3745.8 0.0 123315.6 22691.4 5544.4 27980.7 215231.4
2020 11 8 3887.0 1760.5 20725.1 8778.0 630.3 4378.5 0.0 147566.0 24242.6 7995.8 27538.3 247502.2
2020 11 9 4870.8 1707.6 23353.4 8891.0 645.1 4547.3 0.0 145738.1 24805.8 8943.2 22109.5 245611.8
2020 11 10 4357.2 1688.9 21087.9 8793.4 630.2 4572.0 0.0 129553.1 25554.3 7420.0 13247.2 216904.1
2020 11 11 5773.5 1819.0 25295.0 9479.9 650.1 5122.1 0.0 159185.7 28527.9 9517.7 23444.1 268814.9
2020 11 12 4744.8 1739.0 22798.7 9555.4 635.1 5183.9 0.0 135569.8 28647.0 10735.7 20081.6 239691.0
2020 11 13 4106.4 1522.1 20700.3 8463.8 630.3 4632.8 0.0 130809.1 24498.3 9859.0 19001.1 224223.2
2020 11 14 3117.9 1655.5 18250.9 8737.8 630.3 4853.2 0.0 123382.4 28361.3 8878.8 28888.2 226756.4
2020 11 15 5281.8 1712.5 23761.9 9248.5 645.3 5284.1 0.0 151296.3 28475.9 11816.7 24839.0 262361.9
2020 11 16 5576.1 1700.4 23604.6 9414.2 665.6 5364.6 0.0 138751.3 28909.2 12146.3 23374.0 249506.2
2020 11 17 4604.9 1741.6 21620.0 9508.4 630.2 5431.4 0.0 132149.1 30713.8 10395.6 13649.2 230444.2
2020 11 18 5697.1 1792.5 26500.9 9616.3 670.5 5570.9 0.0 157142.4 31140.4 11736.8 23195.9 273063.7
2020 11 19 5319.3 1889.0 24609.6 10104.1 650.1 5894.5 0.0 156552.9 31989.2 14083.0 18369.9 269461.6
2020 11 20 4474.7 1670.4 23303.4 9030.2 645.3 5327.5 0.0 149679.2 27913.6 12792.1 18447.4 253283.6
2020 11 21 4002.2 1800.4 21340.1 9218.6 645.3 5477.5 0.0 138788.8 31383.1 11755.0 27771.5 252182.4
2020 11 22 7243.4 1870.4 29247.0 9755.7 665.7 5907.3 0.0 152529.3 31521.8 14898.2 22575.0 276213.7
2020 11 23 6540.3 1893.8 28119.3 9893.0 665.6 5976.1 0.0 152367.4 32703.5 14101.5 22867.7 275128.2
2020 11 24 6838.2 1813.7 28119.3 9498.5 665.6 5848.3 0.0 152828.4 32283.4 11890.5 13479.5 263265.5
2020 11 25 6576.0 1949.6 29472.4 9702.6 670.5 6061.7 0.0 157142.4 35734.0 13189.0 24129.9 284628.1
2020 11 26 7232.1 1909.7 30206.0 9653.2 670.5 6224.2 0.0 164139.3 33803.8 15092.3 16937.7 285868.9
2020 11 27 6459.8 1829.5 29049.2 9923.7 665.7 6716.9 0.0 151674.1 35246.4 10710.3 18539.6 270815.2
2020 11 28 5343.5 1772.9 24747.0 9626.9 665.7 6467.0 0.0 149337.3 35970.6 9993.3 27025.6 270949.9
2020 11 29 6346.8 1842.9 26435.8 10082.2 665.7 6886.9 0.0 152529.3 36670.9 12324.0 25649.5 279434.0
2020 11 30 6540.3 1793.4 28119.3 9760.5 665.6 6671.5 0.0 152367.4 36283.0 10626.0 22640.8 275467.8
2020 12 1 10685.8 1783.9 46168.6 10520.5 979.2 7567.1 0.0 147683.4 39364.5 9288.7 15714.1 289755.7
2020 12 2 10533.7 1897.1 44883.9 10586.1 1039.7 7570.7 0.0 148122.2 42468.9 10465.6 25806.2 303374.2
2020 12 3 10192.3 1748.2 41718.3 9977.1 1039.7 7316.2 0.0 143544.9 37573.3 11879.9 16669.6 281659.6
2020 12 4 10533.7 1830.4 44883.9 11183.0 1039.7 8437.2 0.0 147912.7 43371.6 7616.5 21409.6 298218.3
2020 12 5 9338.2 1679.5 39655.3 10525.3 916.6 7891.3 0.0 133402.7 41975.3 7161.9 26179.6 278725.8
2020 12 6 9768.4 1754.3 41335.3 10948.1 962.3 8271.8 0.0 135769.6 43392.8 8467.6 27994.2 288664.6
2020 12 7 9886.7 1780.4 43069.7 11017.1 942.1 8357.6 0.0 136522.2 44457.0 7656.8 21479.0 285168.6
2020 12 8 10678.5 1807.3 49071.5 11805.5 1239.6 9217.0 0.0 162756.0 47777.9 6121.6 16820.6 317295.5
2020 12 9 10610.1 1816.0 47609.7 11389.3 1064.4 8868.0 0.0 153988.9 49115.5 6460.5 23311.3 314233.8
2020 12 10 9725.4 1732.9 44434.1 11000.2 1129.1 8746.5 0.0 149527.9 46295.8 7091.0 16568.6 296251.5
2020 12 11 11025.1 1795.1 49035.2 11985.1 1055.6 9675.0 0.0 153751.5 50926.1 3285.7 22428.3 314962.7
2020 12 12 10335.3 1593.9 44484.8 11103.2 914.7 8972.4 0.0 136514.7 48027.6 3207.8 27249.2 292403.5
2020 12 13 9965.8 1661.7 43177.2 11494.5 956.9 9323.0 0.0 139781.8 49529.9 3682.5 27619.4 297192.6
2020 12 14 9902.3 1681.5 44611.1 11579.0 1239.6 9443.6 0.0 147635.5 50469.8 3627.2 21262.3 301451.9
2020 12 15 10730.4 1824.9 49505.8 12837.3 1239.6 10569.2 0.0 162756.0 56026.8 2784.6 18689.3 326963.9
2020 12 16 10617.2 1698.8 48479.2 11932.5 1202.4 9804.5 0.0 162756.0 53101.7 2487.0 22477.3 324556.6
2020 12 17 11025.1 1665.7 49035.2 11667.9 1074.8 9625.8 0.0 153988.9 51857.9 2788.1 18312.6 311041.9
2020 12 18 9704.5 1680.0 43953.5 11729.7 1086.1 9658.9 0.0 146987.5 52304.9 2492.8 24664.0 304261.9
2020 12 19 9661.7 1590.3 42255.9 11022.4 899.0 9082.8 0.0 133402.7 49871.2 2452.6 27294.6 287533.2
2020 12 20 9938.4 1647.9 43051.4 11400.0 980.1 9440.4 0.0 136694.9 51211.6 2675.9 25967.4 293008.0
2020 12 21 9414.0 1706.0 39114.3 11727.8 893.9 9681.8 0.0 123928.7 53280.8 2424.6 23586.5 275758.4
2020 12 22 10565.8 1721.2 44883.9 11880.4 972.8 9890.4 0.0 147683.4 53847.5 2182.2 20668.7 304296.3
2020 12 23 10702.0 1732.1 46168.6 11880.5 1038.1 9902.4 0.0 148122.2 54680.8 2025.8 20123.1 306375.6
2020 12 24 9704.5 1733.8 43953.5 11866.8 1129.1 9913.0 0.0 147197.0 54899.9 2237.6 18161.6 300796.8
2020 12 25 9725.4 1686.5 44434.1 11527.5 1080.6 9593.1 0.0 149290.5 53060.0 1998.1 24566.4 306962.3
2020 12 26 9274.8 1576.7 39255.0 10769.1 926.3 8944.8 0.0 132477.4 49672.1 1934.4 25218.7 280049.3
2020 12 27 10978.8 1588.3 47833.2 10899.4 1139.5 9084.0 0.0 152887.3 49718.3 2010.3 25797.4 311936.5
2020 12 28 10696.9 1633.9 44487.7 11680.2 1100.1 9517.5 0.0 147635.5 49692.7 1241.8 22964.2 300650.6
2020 12 29 11151.0 1578.1 49188.0 11383.2 1088.7 9316.5 0.0 162756.0 48599.1 1408.2 21603.8 318072.7
2020 12 30 10669.1 1740.5 49505.8 12567.5 1239.6 10255.0 0.0 162756.0 53677.0 1288.4 21314.3 325013.2
2020 12 31 11040.7 1652.3 49214.8 11825.3 1114.3 9684.6 0.0 162437.7 51014.4 1408.5 19741.6 319134.2
