year month house_pred house_true house_mape houseCooking_pred houseCooking_true houseCooking_mape houseJHeating_pred houseJHeating_true houseJHeating_mape salesOne_pred salesOne_true salesOne_mape salesTwo_pred salesTwo_true salesTwo_mape bizHeating_pred bizHeating_true bizHeating_mape bizCooling_pred bizCooling_true bizCooling_mape industry_pred industry_true industry_mape heatFacility_pred heatFacility_true heatFacility_mape heatCombined_pred heatCombined_true heatCombined_mape CNG_pred CNG_true CNG_mape pred_sum true_sum sum_mape
2018 1 160581.5 219758.0 26.9 , 34092.5 37444.0 9.0 , 1005602.5 1199917.0 16.2 , 279044.6 253619.0 10.0 , 19528.2 19356.0 0.9 , 258334.1 243799.0 6.0 , 0.0 0.0 -1.0 , 4205185.6 4314448.0 2.5 , 1300784.2 1770366.0 26.5 , 424.5 102.0 316.2 , 484593.3 544487.0 11.0 , 7748170.9 8603296.0 9.94
2018 2 145538.1 189619.0 23.2 , 29054.1 32890.0 11.7 , 895335.9 1057353.0 15.3 , 247164.7 219773.0 12.5 , 17662.5 17135.0 3.1 , 219511.6 200004.0 9.8 , 0.0 0.0 -1.0 , 3771493.1 3440559.0 9.6 , 1136008.2 1646150.0 31.0 , 772.0 0.0 -1.0 , 474693.0 488293.0 2.8 , 6937233.1 7291776.0 4.86
year month house_pred house_true house_mape houseCooking_pred houseCooking_true houseCooking_mape houseJHeating_pred houseJHeating_true houseJHeating_mape salesOne_pred salesOne_true salesOne_mape salesTwo_pred salesTwo_true salesTwo_mape bizHeating_pred bizHeating_true bizHeating_mape bizCooling_pred bizCooling_true bizCooling_mape industry_pred industry_true industry_mape heatFacility_pred heatFacility_true heatFacility_mape heatCombined_pred heatCombined_true heatCombined_mape CNG_pred CNG_true CNG_mape pred_sum true_sum sum_mape
2018 1 160422.6 219758.0 27.0 , 34092.5 37444.0 9.0 , 1009731.0 1199917.0 15.8 , 279044.6 253619.0 10.0 , 20085.5 19356.0 3.8 , 258334.1 243799.0 6.0 , 0.0 0.0 -1.0 , 4204876.6 4314448.0 2.5 , 1300784.2 1770366.0 26.5 , 424.5 102.0 316.2 , 484593.3 544487.0 11.0 , 7752388.8 8603296.0 9.89
2018 2 145379.1 189619.0 23.3 , 29054.1 32890.0 11.7 , 894529.2 1057353.0 15.4 , 247164.7 219773.0 12.5 , 17636.8 17135.0 2.9 , 219511.6 200004.0 9.8 , 0.0 0.0 -1.0 , 3784293.9 3440559.0 10.0 , 1136008.2 1646150.0 31.0 , 772.0 0.0 -1.0 , 474693.0 488293.0 2.8 , 6949042.5 7291776.0 4.70
2018 3 95100.7 120261.0 20.9 , 33990.6 35979.0 5.5 , 653233.4 687033.0 4.9 , 280874.2 207540.0 35.3 , 13614.6 12906.0 5.5 , 217386.6 146748.0 48.1 , 0.0 0.0 -1.0 , 3809193.4 3845098.0 0.9 , 976217.0 1255293.0 22.2 , 788.0 661.0 19.2 , 545504.1 544870.0 0.1 , 6625902.6 6856389.0 3.36
2018 4 58257.7 62467.0 6.7 , 32329.0 32913.0 1.8 , 453139.3 405406.0 11.8 , 230302.2 162012.0 42.2 , 10950.8 9419.0 16.3 , 114822.3 73110.0 57.1 , 450.7 0.0 -1.0 , 3514546.4 3866781.0 9.1 , 578573.6 849207.0 31.9 , 479.5 1182.0 59.4 , 519820.5 537469.0 3.3 , 5513672.0 5999966.0 8.10
2018 5 38191.5 35485.0 7.6 , 32309.2 32299.0 0.0 , 325869.5 268742.0 21.3 , 192662.7 151352.0 27.3 , 10309.8 8559.0 20.5 , 48138.2 31300.0 53.8 , 11312.0 16851.0 32.9 , 3536320.2 3972190.0 11.0 , 430236.1 623908.0 31.0 , 572.2 866.0 33.9 , 529228.7 540220.0 2.0 , 5155150.0 5681772.0 9.27
2018 6 20092.5 18440.0 9.0 , 34622.9 34295.0 1.0 , 217642.0 155090.0 40.3 , 232275.6 119564.0 94.3 , 10169.4 5951.0 70.9 , 40770.8 20536.0 98.5 , 40853.5 37882.0 7.8 , 3071594.6 3407062.0 9.8 , 392457.2 499698.0 21.5 , 50709.8 480.0 10464.5 , 586092.1 551873.0 6.2 , 4697280.5 4850871.0 3.17
2018 7 18375.8 13239.0 38.8 , 37994.6 34556.0 10.0 , 177358.3 113539.0 56.2 , 241006.6 113272.0 112.8 , 10484.2 5237.0 100.2 , 34869.4 14182.0 145.9 , 76812.7 63451.0 21.1 , 3083244.3 3242809.0 4.9 , 537884.2 656053.0 18.0 , 420749.3 331.0 127014.6 , 543727.8 587555.0 7.5 , 5182507.3 4844224.0 6.98
2018 8 16736.8 10604.0 57.8 , 35684.1 33832.0 5.5 , 211536.1 87866.0 140.7 , 230443.4 98920.0 133.0 , 12464.1 7620.0 63.6 , 31168.5 10991.0 183.6 , 87509.9 64624.0 35.4 , 3081665.0 3163215.0 2.6 , 499606.2 634696.0 21.3 , 423163.1 340829.0 24.2 , 528163.2 590027.0 10.5 , 5158140.3 5043224.0 2.28
2018 9 25983.9 15783.0 64.6 , 35147.4 34193.0 2.8 , 237845.1 112152.0 112.1 , 228026.1 92035.0 147.8 , 14172.6 8045.0 76.2 , 37259.4 14537.0 156.3 , 47083.5 26981.0 74.5 , 3070348.7 3222134.0 4.7 , 361025.1 513669.0 29.7 , 224768.7 1407.0 15875.0 , 511236.7 562130.0 9.1 , 4792897.0 4603066.0 4.12
2018 10 81376.4 63091.0 29.0 , 38161.4 39720.0 3.9 , 519668.3 380302.0 36.6 , 262322.4 178003.0 47.4 , 14730.8 15431.0 4.5 , 81476.8 66349.0 22.8 , 5801.6 0.0 -1.0 , 3408329.9 3716197.0 8.3 , 385984.2 659868.0 41.5 , 80811.4 1616.0 4900.7 , 571757.0 538942.0 6.1 , 5450420.3 5659519.0 3.69
2018 11 114469.9 107212.0 6.8 , 36640.2 38189.0 4.1 , 678172.9 569040.0 19.2 , 301478.0 174636.0 72.6 , 14345.0 16059.0 10.7 , 172618.2 104435.0 65.3 , 0.0 0.0 -1.0 , 3749165.3 3850975.0 2.6 , 554681.6 1178069.0 52.9 , 307084.6 1040.0 29427.4 , 561768.3 546473.0 2.8 , 6490424.1 6586128.0 1.45
2018 12 205292.0 218707.0 6.1 , 39351.0 35607.0 10.5 , 1146978.8 1072246.0 7.0 , 325857.3 236824.0 37.6 , 23361.5 25656.0 8.9 , 280631.1 205142.0 36.8 , 0.0 0.0 -1.0 , 4349084.9 4092284.0 6.3 , 1059136.1 1677154.0 36.8 , 112339.6 4237.0 2551.4 , 705535.1 574297.0 22.9 , 8247567.3 8142154.0 1.29
year month house_pred house_true house_mape houseCooking_pred houseCooking_true houseCooking_mape houseJHeating_pred houseJHeating_true houseJHeating_mape salesOne_pred salesOne_true salesOne_mape salesTwo_pred salesTwo_true salesTwo_mape bizHeating_pred bizHeating_true bizHeating_mape bizCooling_pred bizCooling_true bizCooling_mape industry_pred industry_true industry_mape heatFacility_pred heatFacility_true heatFacility_mape heatCombined_pred heatCombined_true heatCombined_mape CNG_pred CNG_true CNG_mape pred_sum true_sum sum_mape
2018 1 159864.5 219758.0 27.3 , 34092.5 37444.0 9.0 , 1004334.9 1199917.0 16.3 , 279044.6 253619.0 10.0 , 19845.5 19356.0 2.5 , 258334.1 243799.0 6.0 , 0.0 0.0 -1.0 , 4204158.1 4314448.0 2.6 , 1300784.2 1770366.0 26.5 , 424.5 102.0 316.2 , 484593.3 544487.0 11.0 , 7745476.2 8603296.0 9.97
2018 2 145639.7 189619.0 23.2 , 29054.1 32890.0 11.7 , 892198.7 1057353.0 15.6 , 247164.7 219773.0 12.5 , 17680.3 17135.0 3.2 , 219511.6 200004.0 9.8 , 0.0 0.0 -1.0 , 3793326.1 3440559.0 10.3 , 1136008.2 1646150.0 31.0 , 772.0 0.0 -1.0 , 474693.0 488293.0 2.8 , 6956048.4 7291776.0 4.60
2018 3 95426.3 120261.0 20.7 , 33990.6 35979.0 5.5 , 656073.0 687033.0 4.5 , 280874.2 207540.0 35.3 , 13836.8 12906.0 7.2 , 217386.6 146748.0 48.1 , 0.0 0.0 -1.0 , 3856451.8 3845098.0 0.3 , 976217.0 1255293.0 22.2 , 788.0 661.0 19.2 , 545504.1 544870.0 0.1 , 6676548.3 6856389.0 2.62
2018 4 58752.2 62467.0 5.9 , 32329.0 32913.0 1.8 , 451397.6 405406.0 11.3 , 230302.2 162012.0 42.2 , 10846.5 9419.0 15.2 , 114822.3 73110.0 57.1 , 450.7 0.0 -1.0 , 3477475.3 3866781.0 10.1 , 578573.6 849207.0 31.9 , 479.5 1182.0 59.4 , 519820.5 537469.0 3.3 , 5475249.3 5999966.0 8.75
2018 5 38358.6 35485.0 8.1 , 32309.2 32299.0 0.0 , 328759.3 268742.0 22.3 , 192662.7 151352.0 27.3 , 9831.8 8559.0 14.9 , 48138.2 31300.0 53.8 , 11312.0 16851.0 32.9 , 3552670.9 3972190.0 10.6 , 430236.1 623908.0 31.0 , 572.2 866.0 33.9 , 529228.7 540220.0 2.0 , 5174079.6 5681772.0 8.94
2018 6 19835.6 18440.0 7.6 , 34622.9 34295.0 1.0 , 211736.7 155090.0 36.5 , 232275.6 119564.0 94.3 , 10419.5 5951.0 75.1 , 40770.8 20536.0 98.5 , 40853.5 37882.0 7.8 , 3083435.5 3407062.0 9.5 , 392457.2 499698.0 21.5 , 50709.8 480.0 10464.5 , 586092.1 551873.0 6.2 , 4703209.4 4850871.0 3.04
2018 7 16508.4 13239.0 24.7 , 37994.6 34556.0 10.0 , 187560.4 113539.0 65.2 , 241006.6 113272.0 112.8 , 10354.6 5237.0 97.7 , 34869.4 14182.0 145.9 , 76812.7 63451.0 21.1 , 3062900.8 3242809.0 5.5 , 537884.2 656053.0 18.0 , 420749.3 331.0 127014.6 , 543727.8 587555.0 7.5 , 5170368.9 4844224.0 6.73
2018 8 17466.0 10604.0 64.7 , 35684.1 33832.0 5.5 , 196736.1 87866.0 123.9 , 230443.4 98920.0 133.0 , 12170.1 7620.0 59.7 , 31168.5 10991.0 183.6 , 87509.9 64624.0 35.4 , 3077135.6 3163215.0 2.7 , 499606.2 634696.0 21.3 , 423163.1 340829.0 24.2 , 528163.2 590027.0 10.5 , 5139246.2 5043224.0 1.90
2018 9 26589.9 15783.0 68.5 , 35147.4 34193.0 2.8 , 240493.3 112152.0 114.4 , 228026.1 92035.0 147.8 , 13944.1 8045.0 73.3 , 37259.4 14537.0 156.3 , 47083.5 26981.0 74.5 , 3059955.5 3222134.0 5.0 , 361025.1 513669.0 29.7 , 224768.7 1407.0 15875.0 , 511236.7 562130.0 9.1 , 4785529.6 4603066.0 3.96
2018 10 82331.9 63091.0 30.5 , 38161.4 39720.0 3.9 , 519988.8 380302.0 36.7 , 262322.4 178003.0 47.4 , 14428.7 15431.0 6.5 , 81476.8 66349.0 22.8 , 5801.6 0.0 -1.0 , 3422516.4 3716197.0 7.9 , 385984.2 659868.0 41.5 , 80811.4 1616.0 4900.7 , 571757.0 538942.0 6.1 , 5465580.7 5659519.0 3.43
2018 11 114680.8 107212.0 7.0 , 36640.2 38189.0 4.1 , 691109.1 569040.0 21.5 , 301478.0 174636.0 72.6 , 15261.5 16059.0 5.0 , 172618.2 104435.0 65.3 , 0.0 0.0 -1.0 , 3778587.7 3850975.0 1.9 , 554681.6 1178069.0 52.9 , 307084.6 1040.0 29427.4 , 561768.3 546473.0 2.8 , 6533910.2 6586128.0 0.79
2018 12 206106.5 218707.0 5.8 , 39351.0 35607.0 10.5 , 1149671.4 1072246.0 7.2 , 325857.3 236824.0 37.6 , 23424.5 25656.0 8.7 , 280631.1 205142.0 36.8 , 0.0 0.0 -1.0 , 4413953.6 4092284.0 7.9 , 1059136.1 1677154.0 36.8 , 112339.6 4237.0 2551.4 , 705535.1 574297.0 22.9 , 8316006.3 8142154.0 2.14
year month house_pred house_true house_mape houseCooking_pred houseCooking_true houseCooking_mape houseJHeating_pred houseJHeating_true houseJHeating_mape salesOne_pred salesOne_true salesOne_mape salesTwo_pred salesTwo_true salesTwo_mape bizHeating_pred bizHeating_true bizHeating_mape bizCooling_pred bizCooling_true bizCooling_mape industry_pred industry_true industry_mape heatFacility_pred heatFacility_true heatFacility_mape heatCombined_pred heatCombined_true heatCombined_mape CNG_pred CNG_true CNG_mape pred_sum true_sum sum_mape
2018 1 158785.3 219758.0 27.7 , 34092.5 37444.0 9.0 , 1008134.3 1199917.0 16.0 , 279044.6 253619.0 10.0 , 20078.2 19356.0 3.7 , 258334.1 243799.0 6.0 , 0.0 0.0 -1.0 , 4204971.1 4314448.0 2.5 , 1300784.2 1770366.0 26.5 , 424.5 102.0 316.2 , 484593.3 544487.0 11.0 , 7749242.0 8603296.0 9.93
2018 2 145553.1 189619.0 23.2 , 29054.1 32890.0 11.7 , 894559.7 1057353.0 15.4 , 247164.7 219773.0 12.5 , 17706.4 17135.0 3.3 , 219511.6 200004.0 9.8 , 0.0 0.0 -1.0 , 3802936.4 3440559.0 10.5 , 1136008.2 1646150.0 31.0 , 772.0 0.0 -1.0 , 474693.0 488293.0 2.8 , 6967959.1 7291776.0 4.44
2018 3 94373.9 120261.0 21.5 , 33990.6 35979.0 5.5 , 651387.2 687033.0 5.2 , 280874.2 207540.0 35.3 , 13867.2 12906.0 7.4 , 217386.6 146748.0 48.1 , 0.0 0.0 -1.0 , 3857787.4 3845098.0 0.3 , 976217.0 1255293.0 22.2 , 788.0 661.0 19.2 , 545504.1 544870.0 0.1 , 6672176.2 6856389.0 2.69
2018 4 58070.5 62467.0 7.0 , 32329.0 32913.0 1.8 , 453194.4 405406.0 11.8 , 230302.2 162012.0 42.2 , 10891.2 9419.0 15.6 , 114822.3 73110.0 57.1 , 450.7 0.0 -1.0 , 3489428.6 3866781.0 9.8 , 578573.6 849207.0 31.9 , 479.5 1182.0 59.4 , 519820.5 537469.0 3.3 , 5488362.4 5999966.0 8.53
2018 5 40149.8 35485.0 13.1 , 32309.2 32299.0 0.0 , 331560.7 268742.0 23.4 , 192662.7 151352.0 27.3 , 9811.8 8559.0 14.6 , 48138.2 31300.0 53.8 , 11312.0 16851.0 32.9 , 3565177.9 3972190.0 10.2 , 430236.1 623908.0 31.0 , 572.2 866.0 33.9 , 529228.7 540220.0 2.0 , 5191159.3 5681772.0 8.63
2018 6 20171.1 18440.0 9.4 , 34622.9 34295.0 1.0 , 222076.5 155090.0 43.2 , 232275.6 119564.0 94.3 , 10225.3 5951.0 71.8 , 40770.8 20536.0 98.5 , 40853.5 37882.0 7.8 , 3073814.4 3407062.0 9.8 , 392457.2 499698.0 21.5 , 50709.8 480.0 10464.5 , 586092.1 551873.0 6.2 , 4704069.2 4850871.0 3.03
2018 7 17186.5 13239.0 29.8 , 37994.6 34556.0 10.0 , 178804.2 113539.0 57.5 , 241006.6 113272.0 112.8 , 10560.3 5237.0 101.6 , 34869.4 14182.0 145.9 , 76812.7 63451.0 21.1 , 3064779.7 3242809.0 5.5 , 537884.2 656053.0 18.0 , 420749.3 331.0 127014.6 , 543727.8 587555.0 7.5 , 5164375.4 4844224.0 6.61
2018 8 18954.4 10604.0 78.7 , 35684.1 33832.0 5.5 , 197167.8 87866.0 124.4 , 230443.4 98920.0 133.0 , 12405.9 7620.0 62.8 , 31168.5 10991.0 183.6 , 87509.9 64624.0 35.4 , 3082677.3 3163215.0 2.5 , 499606.2 634696.0 21.3 , 423163.1 340829.0 24.2 , 528163.2 590027.0 10.5 , 5146943.8 5043224.0 2.06
2018 9 26558.9 15783.0 68.3 , 35147.4 34193.0 2.8 , 241656.9 112152.0 115.5 , 228026.1 92035.0 147.8 , 13871.9 8045.0 72.4 , 37259.4 14537.0 156.3 , 47083.5 26981.0 74.5 , 3078093.8 3222134.0 4.5 , 361025.1 513669.0 29.7 , 224768.7 1407.0 15875.0 , 511236.7 562130.0 9.1 , 4804728.3 4603066.0 4.38
2018 10 81304.4 63091.0 28.9 , 38161.4 39720.0 3.9 , 530376.2 380302.0 39.5 , 262322.4 178003.0 47.4 , 14649.9 15431.0 5.1 , 81476.8 66349.0 22.8 , 5801.6 0.0 -1.0 , 3392747.5 3716197.0 8.7 , 385984.2 659868.0 41.5 , 80811.4 1616.0 4900.7 , 571757.0 538942.0 6.1 , 5445392.9 5659519.0 3.78
2018 11 116940.2 107212.0 9.1 , 36640.2 38189.0 4.1 , 688004.4 569040.0 20.9 , 301478.0 174636.0 72.6 , 15207.3 16059.0 5.3 , 172618.2 104435.0 65.3 , 0.0 0.0 -1.0 , 3687301.4 3850975.0 4.3 , 554681.6 1178069.0 52.9 , 307084.6 1040.0 29427.4 , 561768.3 546473.0 2.8 , 6441724.3 6586128.0 2.19
2018 12 206479.8 218707.0 5.6 , 39351.0 35607.0 10.5 , 1147651.2 1072246.0 7.0 , 325857.3 236824.0 37.6 , 23234.3 25656.0 9.4 , 280631.1 205142.0 36.8 , 0.0 0.0 -1.0 , 4378337.9 4092284.0 7.0 , 1059136.1 1677154.0 36.8 , 112339.6 4237.0 2551.4 , 705535.1 574297.0 22.9 , 8278553.4 8142154.0 1.68
year month house_pred house_true house_mape houseCooking_pred houseCooking_true houseCooking_mape houseJHeating_pred houseJHeating_true houseJHeating_mape salesOne_pred salesOne_true salesOne_mape salesTwo_pred salesTwo_true salesTwo_mape bizHeating_pred bizHeating_true bizHeating_mape bizCooling_pred bizCooling_true bizCooling_mape industry_pred industry_true industry_mape heatFacility_pred heatFacility_true heatFacility_mape heatCombined_pred heatCombined_true heatCombined_mape CNG_pred CNG_true CNG_mape pred_sum true_sum sum_mape
2018 1 160575.2 219758.0 26.9 , 34092.5 37444.0 9.0 , 1007799.6 1199917.0 16.0 , 279044.6 253619.0 10.0 , 19799.5 19356.0 2.3 , 258334.1 243799.0 6.0 , 0.0 0.0 -1.0 , 4194150.4 4314448.0 2.8 , 1300784.2 1770366.0 26.5 , 424.5 102.0 316.2 , 484593.3 544487.0 11.0 , 7739597.8 8603296.0 10.04
2018 2 145592.7 189619.0 23.2 , 29054.1 32890.0 11.7 , 893189.4 1057353.0 15.5 , 247164.7 219773.0 12.5 , 17579.3 17135.0 2.6 , 219511.6 200004.0 9.8 , 0.0 0.0 -1.0 , 3794380.4 3440559.0 10.3 , 1136008.2 1646150.0 31.0 , 772.0 0.0 -1.0 , 474693.0 488293.0 2.8 , 6957945.4 7291776.0 4.58
2018 3 96582.7 120261.0 19.7 , 33990.6 35979.0 5.5 , 651017.3 687033.0 5.2 , 280874.2 207540.0 35.3 , 13467.7 12906.0 4.4 , 217386.6 146748.0 48.1 , 0.0 0.0 -1.0 , 3862710.6 3845098.0 0.5 , 976217.0 1255293.0 22.2 , 788.0 661.0 19.2 , 545504.1 544870.0 0.1 , 6678538.8 6856389.0 2.59
2018 4 57761.2 62467.0 7.5 , 32329.0 32913.0 1.8 , 450612.8 405406.0 11.2 , 230302.2 162012.0 42.2 , 11369.0 9419.0 20.7 , 114822.3 73110.0 57.1 , 450.7 0.0 -1.0 , 3462838.3 3866781.0 10.4 , 578573.6 849207.0 31.9 , 479.5 1182.0 59.4 , 519820.5 537469.0 3.3 , 5459359.1 5999966.0 9.01
2018 5 39769.3 35485.0 12.1 , 32309.2 32299.0 0.0 , 329363.4 268742.0 22.6 , 192662.7 151352.0 27.3 , 9831.8 8559.0 14.9 , 48138.2 31300.0 53.8 , 11312.0 16851.0 32.9 , 3553844.1 3972190.0 10.5 , 430236.1 623908.0 31.0 , 572.2 866.0 33.9 , 529228.7 540220.0 2.0 , 5177267.7 5681772.0 8.88
2018 6 19897.2 18440.0 7.9 , 34622.9 34295.0 1.0 , 219011.7 155090.0 41.2 , 232275.6 119564.0 94.3 , 10223.8 5951.0 71.8 , 40770.8 20536.0 98.5 , 40853.5 37882.0 7.8 , 3080579.8 3407062.0 9.6 , 392457.2 499698.0 21.5 , 50709.8 480.0 10464.5 , 586092.1 551873.0 6.2 , 4707494.4 4850871.0 2.96
2018 7 16302.7 13239.0 23.1 , 37994.6 34556.0 10.0 , 179835.0 113539.0 58.4 , 241006.6 113272.0 112.8 , 10333.7 5237.0 97.3 , 34869.4 14182.0 145.9 , 76812.7 63451.0 21.1 , 3078437.9 3242809.0 5.1 , 537884.2 656053.0 18.0 , 420749.3 331.0 127014.6 , 543727.8 587555.0 7.5 , 5177954.0 4844224.0 6.89
2018 8 17379.5 10604.0 63.9 , 35684.1 33832.0 5.5 , 174424.7 87866.0 98.5 , 230443.4 98920.0 133.0 , 12154.4 7620.0 59.5 , 31168.5 10991.0 183.6 , 87509.9 64624.0 35.4 , 3079870.9 3163215.0 2.6 , 499606.2 634696.0 21.3 , 423163.1 340829.0 24.2 , 528163.2 590027.0 10.5 , 5119567.9 5043224.0 1.51
2018 9 24992.6 15783.0 58.4 , 35147.4 34193.0 2.8 , 232399.3 112152.0 107.2 , 228026.1 92035.0 147.8 , 14115.5 8045.0 75.5 , 37259.4 14537.0 156.3 , 47083.5 26981.0 74.5 , 3076280.5 3222134.0 4.5 , 361025.1 513669.0 29.7 , 224768.7 1407.0 15875.0 , 511236.7 562130.0 9.1 , 4792334.7 4603066.0 4.11
2018 10 81291.5 63091.0 28.8 , 38161.4 39720.0 3.9 , 530150.2 380302.0 39.4 , 262322.4 178003.0 47.4 , 14446.9 15431.0 6.4 , 81476.8 66349.0 22.8 , 5801.6 0.0 -1.0 , 3405605.1 3716197.0 8.4 , 385984.2 659868.0 41.5 , 80811.4 1616.0 4900.7 , 571757.0 538942.0 6.1 , 5457808.6 5659519.0 3.56
2018 11 115241.6 107212.0 7.5 , 36640.2 38189.0 4.1 , 680997.0 569040.0 19.7 , 301478.0 174636.0 72.6 , 15915.3 16059.0 0.9 , 172618.2 104435.0 65.3 , 0.0 0.0 -1.0 , 3670445.1 3850975.0 4.7 , 554681.6 1178069.0 52.9 , 307084.6 1040.0 29427.4 , 561768.3 546473.0 2.8 , 6416870.0 6586128.0 2.57
2018 12 207107.2 218707.0 5.3 , 39351.0 35607.0 10.5 , 1148577.8 1072246.0 7.1 , 325857.3 236824.0 37.6 , 23330.9 25656.0 9.1 , 280631.1 205142.0 36.8 , 0.0 0.0 -1.0 , 4281418.9 4092284.0 4.6 , 1059136.1 1677154.0 36.8 , 112339.6 4237.0 2551.4 , 705535.1 574297.0 22.9 , 8183285.0 8142154.0 0.51
year month house_pred house_true house_mape houseCooking_pred houseCooking_true houseCooking_mape houseJHeating_pred houseJHeating_true houseJHeating_mape salesOne_pred salesOne_true salesOne_mape salesTwo_pred salesTwo_true salesTwo_mape bizHeating_pred bizHeating_true bizHeating_mape bizCooling_pred bizCooling_true bizCooling_mape industry_pred industry_true industry_mape heatFacility_pred heatFacility_true heatFacility_mape heatCombined_pred heatCombined_true heatCombined_mape CNG_pred CNG_true CNG_mape pred_sum true_sum sum_mape
2018 1 160589.1 219758.0 26.9 , 34092.5 37444.0 9.0 , 1004331.3 1199917.0 16.3 , 279044.6 253619.0 10.0 , 20001.6 19356.0 3.3 , 258334.1 243799.0 6.0 , 0.0 0.0 -1.0 , 4205185.6 4314448.0 2.5 , 1300784.2 1770366.0 26.5 , 424.5 102.0 316.2 , 484593.3 544487.0 11.0 , 7747380.7 8603296.0 9.95
2018 2 145647.8 189619.0 23.2 , 29054.1 32890.0 11.7 , 895985.7 1057353.0 15.3 , 247164.7 219773.0 12.5 , 17723.9 17135.0 3.4 , 219511.6 200004.0 9.8 , 0.0 0.0 -1.0 , 3791093.1 3440559.0 10.2 , 1136008.2 1646150.0 31.0 , 772.0 0.0 -1.0 , 474693.0 488293.0 2.8 , 6957654.0 7291776.0 4.58
2018 3 96446.6 120261.0 19.8 , 33990.6 35979.0 5.5 , 651331.4 687033.0 5.2 , 280874.2 207540.0 35.3 , 13582.9 12906.0 5.2 , 217386.6 146748.0 48.1 , 0.0 0.0 -1.0 , 3834325.6 3845098.0 0.3 , 976217.0 1255293.0 22.2 , 788.0 661.0 19.2 , 545504.1 544870.0 0.1 , 6650447.0 6856389.0 3.00
2018 4 57941.4 62467.0 7.2 , 32329.0 32913.0 1.8 , 454312.8 405406.0 12.1 , 230302.2 162012.0 42.2 , 10745.9 9419.0 14.1 , 114822.3 73110.0 57.1 , 450.7 0.0 -1.0 , 3481306.9 3866781.0 10.0 , 578573.6 849207.0 31.9 , 479.5 1182.0 59.4 , 519820.5 537469.0 3.3 , 5481084.8 5999966.0 8.65
2018 5 38117.3 35485.0 7.4 , 32309.2 32299.0 0.0 , 331560.7 268742.0 23.4 , 192662.7 151352.0 27.3 , 10482.8 8559.0 22.5 , 48138.2 31300.0 53.8 , 11312.0 16851.0 32.9 , 3630150.3 3972190.0 8.6 , 430236.1 623908.0 31.0 , 572.2 866.0 33.9 , 529228.7 540220.0 2.0 , 5254770.1 5681772.0 7.52
2018 6 19835.6 18440.0 7.6 , 34622.9 34295.0 1.0 , 219648.4 155090.0 41.6 , 232275.6 119564.0 94.3 , 10305.7 5951.0 73.2 , 40770.8 20536.0 98.5 , 40853.5 37882.0 7.8 , 3085017.3 3407062.0 9.5 , 392457.2 499698.0 21.5 , 50709.8 480.0 10464.5 , 586092.1 551873.0 6.2 , 4712589.1 4850871.0 2.85
2018 7 17302.0 13239.0 30.7 , 37994.6 34556.0 10.0 , 197665.3 113539.0 74.1 , 241006.6 113272.0 112.8 , 10585.3 5237.0 102.1 , 34869.4 14182.0 145.9 , 76812.7 63451.0 21.1 , 3061151.2 3242809.0 5.6 , 537884.2 656053.0 18.0 , 420749.3 331.0 127014.6 , 543727.8 587555.0 7.5 , 5179748.5 4844224.0 6.93
2018 8 15891.6 10604.0 49.9 , 35684.1 33832.0 5.5 , 196905.1 87866.0 124.1 , 230443.4 98920.0 133.0 , 12132.6 7620.0 59.2 , 31168.5 10991.0 183.6 , 87509.9 64624.0 35.4 , 3078859.0 3163215.0 2.7 , 499606.2 634696.0 21.3 , 423163.1 340829.0 24.2 , 528163.2 590027.0 10.5 , 5139526.7 5043224.0 1.91
2018 9 26092.7 15783.0 65.3 , 35147.4 34193.0 2.8 , 241656.9 112152.0 115.5 , 228026.1 92035.0 147.8 , 13441.2 8045.0 67.1 , 37259.4 14537.0 156.3 , 47083.5 26981.0 74.5 , 3046535.4 3222134.0 5.4 , 361025.1 513669.0 29.7 , 224768.7 1407.0 15875.0 , 511236.7 562130.0 9.1 , 4772273.0 4603066.0 3.68
2018 10 82407.1 63091.0 30.6 , 38161.4 39720.0 3.9 , 528596.8 380302.0 39.0 , 262322.4 178003.0 47.4 , 14261.3 15431.0 7.6 , 81476.8 66349.0 22.8 , 5801.6 0.0 -1.0 , 3398572.6 3716197.0 8.5 , 385984.2 659868.0 41.5 , 80811.4 1616.0 4900.7 , 571757.0 538942.0 6.1 , 5450152.8 5659519.0 3.70
2018 11 117671.3 107212.0 9.8 , 36640.2 38189.0 4.1 , 674737.0 569040.0 18.6 , 301478.0 174636.0 72.6 , 14345.0 16059.0 10.7 , 172618.2 104435.0 65.3 , 0.0 0.0 -1.0 , 3627119.3 3850975.0 5.8 , 554681.6 1178069.0 52.9 , 307084.6 1040.0 29427.4 , 561768.3 546473.0 2.8 , 6368143.6 6586128.0 3.31
2018 12 205876.0 218707.0 5.9 , 39351.0 35607.0 10.5 , 1148308.6 1072246.0 7.1 , 325857.3 236824.0 37.6 , 23369.6 25656.0 8.9 , 280631.1 205142.0 36.8 , 0.0 0.0 -1.0 , 4285076.2 4092284.0 4.7 , 1059136.1 1677154.0 36.8 , 112339.6 4237.0 2551.4 , 705535.1 574297.0 22.9 , 8185480.6 8142154.0 0.53
year month house_pred house_true house_mape houseCooking_pred houseCooking_true houseCooking_mape houseJHeating_pred houseJHeating_true houseJHeating_mape salesOne_pred salesOne_true salesOne_mape salesTwo_pred salesTwo_true salesTwo_mape bizHeating_pred bizHeating_true bizHeating_mape bizCooling_pred bizCooling_true bizCooling_mape industry_pred industry_true industry_mape heatFacility_pred heatFacility_true heatFacility_mape heatCombined_pred heatCombined_true heatCombined_mape CNG_pred CNG_true CNG_mape pred_sum true_sum sum_mape
2018 1 159413.9 219758.0 27.5 , 34092.5 37444.0 9.0 , 1008041.2 1199917.0 16.0 , 279044.6 253619.0 10.0 , 19799.5 19356.0 2.3 , 258334.1 243799.0 6.0 , 0.0 0.0 -1.0 , 4153121.7 4314448.0 3.7 , 1300784.2 1770366.0 26.5 , 424.5 102.0 316.2 , 484593.3 544487.0 11.0 , 7697649.5 8603296.0 10.53
2018 2 145567.3 189619.0 23.2 , 29054.1 32890.0 11.7 , 896088.1 1057353.0 15.3 , 247164.7 219773.0 12.5 , 17597.2 17135.0 2.7 , 219511.6 200004.0 9.8 , 0.0 0.0 -1.0 , 3789676.7 3440559.0 10.1 , 1136008.2 1646150.0 31.0 , 772.0 0.0 -1.0 , 474693.0 488293.0 2.8 , 6956132.9 7291776.0 4.60
2018 3 95222.5 120261.0 20.8 , 33990.6 35979.0 5.5 , 651205.1 687033.0 5.2 , 280874.2 207540.0 35.3 , 13777.5 12906.0 6.8 , 217386.6 146748.0 48.1 , 0.0 0.0 -1.0 , 3835985.8 3845098.0 0.2 , 976217.0 1255293.0 22.2 , 788.0 661.0 19.2 , 545504.1 544870.0 0.1 , 6650951.4 6856389.0 3.00
2018 4 57733.0 62467.0 7.6 , 32329.0 32913.0 1.8 , 453631.0 405406.0 11.9 , 230302.2 162012.0 42.2 , 10891.2 9419.0 15.6 , 114822.3 73110.0 57.1 , 450.7 0.0 -1.0 , 3545899.1 3866781.0 8.3 , 578573.6 849207.0 31.9 , 479.5 1182.0 59.4 , 519820.5 537469.0 3.3 , 5544932.0 5999966.0 7.58
2018 5 38396.6 35485.0 8.2 , 32309.2 32299.0 0.0 , 332057.1 268742.0 23.6 , 192662.7 151352.0 27.3 , 9668.6 8559.0 13.0 , 48138.2 31300.0 53.8 , 11312.0 16851.0 32.9 , 3555835.0 3972190.0 10.5 , 430236.1 623908.0 31.0 , 572.2 866.0 33.9 , 529228.7 540220.0 2.0 , 5180416.3 5681772.0 8.82
2018 6 20244.4 18440.0 9.8 , 34622.9 34295.0 1.0 , 215814.6 155090.0 39.2 , 232275.6 119564.0 94.3 , 10261.6 5951.0 72.4 , 40770.8 20536.0 98.5 , 40853.5 37882.0 7.8 , 3086996.4 3407062.0 9.4 , 392457.2 499698.0 21.5 , 50709.8 480.0 10464.5 , 586092.1 551873.0 6.2 , 4711099.1 4850871.0 2.88
2018 7 17404.3 13239.0 31.5 , 37994.6 34556.0 10.0 , 177949.5 113539.0 56.7 , 241006.6 113272.0 112.8 , 10616.8 5237.0 102.7 , 34869.4 14182.0 145.9 , 76812.7 63451.0 21.1 , 3095887.9 3242809.0 4.5 , 537884.2 656053.0 18.0 , 420749.3 331.0 127014.6 , 543727.8 587555.0 7.5 , 5194903.2 4844224.0 7.24
2018 8 17346.1 10604.0 63.6 , 35684.1 33832.0 5.5 , 178179.4 87866.0 102.8 , 230443.4 98920.0 133.0 , 12172.6 7620.0 59.7 , 31168.5 10991.0 183.6 , 87509.9 64624.0 35.4 , 3091374.7 3163215.0 2.3 , 499606.2 634696.0 21.3 , 423163.1 340829.0 24.2 , 528163.2 590027.0 10.5 , 5134811.2 5043224.0 1.82
2018 9 25896.9 15783.0 64.1 , 35147.4 34193.0 2.8 , 243839.9 112152.0 117.4 , 228026.1 92035.0 147.8 , 13519.5 8045.0 68.0 , 37259.4 14537.0 156.3 , 47083.5 26981.0 74.5 , 3114178.2 3222134.0 3.4 , 361025.1 513669.0 29.7 , 224768.7 1407.0 15875.0 , 511236.7 562130.0 9.1 , 4841981.3 4603066.0 5.19
2018 10 81497.5 63091.0 29.2 , 38161.4 39720.0 3.9 , 525937.3 380302.0 38.3 , 262322.4 178003.0 47.4 , 14683.0 15431.0 4.8 , 81476.8 66349.0 22.8 , 5801.6 0.0 -1.0 , 3391767.9 3716197.0 8.7 , 385984.2 659868.0 41.5 , 80811.4 1616.0 4900.7 , 571757.0 538942.0 6.1 , 5440200.6 5659519.0 3.88
2018 11 114987.6 107212.0 7.3 , 36640.2 38189.0 4.1 , 680731.9 569040.0 19.6 , 301478.0 174636.0 72.6 , 14374.4 16059.0 10.5 , 172618.2 104435.0 65.3 , 0.0 0.0 -1.0 , 3627119.3 3850975.0 5.8 , 554681.6 1178069.0 52.9 , 307084.6 1040.0 29427.4 , 561768.3 546473.0 2.8 , 6371484.2 6586128.0 3.26
2018 12 206851.8 218707.0 5.4 , 39351.0 35607.0 10.5 , 1146397.7 1072246.0 6.9 , 325857.3 236824.0 37.6 , 23382.1 25656.0 8.9 , 280631.1 205142.0 36.8 , 0.0 0.0 -1.0 , 4283747.5 4092284.0 4.7 , 1059136.1 1677154.0 36.8 , 112339.6 4237.0 2551.4 , 705535.1 574297.0 22.9 , 8183229.3 8142154.0 0.50
year month house_pred house_true house_mape houseCooking_pred houseCooking_true houseCooking_mape houseJHeating_pred houseJHeating_true houseJHeating_mape salesOne_pred salesOne_true salesOne_mape salesTwo_pred salesTwo_true salesTwo_mape bizHeating_pred bizHeating_true bizHeating_mape bizCooling_pred bizCooling_true bizCooling_mape industry_pred industry_true industry_mape heatFacility_pred heatFacility_true heatFacility_mape heatCombined_pred heatCombined_true heatCombined_mape CNG_pred CNG_true CNG_mape pred_sum true_sum sum_mape
2018 1 159451.7 219758.0 27.4 , 34092.5 37444.0 9.0 , 1009359.9 1199917.0 15.9 , 279044.6 253619.0 10.0 , 19916.2 19356.0 2.9 , 258334.1 243799.0 6.0 , 0.0 0.0 -1.0 , 4208864.8 4314448.0 2.4 , 1300784.2 1770366.0 26.5 , 424.5 102.0 316.2 , 484593.3 544487.0 11.0 , 7754865.8 8603296.0 9.86
2018 2 145995.2 189619.0 23.0 , 29054.1 32890.0 11.7 , 895300.4 1057353.0 15.3 , 247164.7 219773.0 12.5 , 17636.8 17135.0 2.9 , 219511.6 200004.0 9.8 , 0.0 0.0 -1.0 , 3789656.9 3440559.0 10.1 , 1136008.2 1646150.0 31.0 , 772.0 0.0 -1.0 , 474693.0 488293.0 2.8 , 6955793.0 7291776.0 4.61
2018 3 93560.5 120261.0 22.2 , 33990.6 35979.0 5.5 , 652883.9 687033.0 5.0 , 280874.2 207540.0 35.3 , 13135.8 12906.0 1.8 , 217386.6 146748.0 48.1 , 0.0 0.0 -1.0 , 3839919.1 3845098.0 0.1 , 976217.0 1255293.0 22.2 , 788.0 661.0 19.2 , 545504.1 544870.0 0.1 , 6654259.8 6856389.0 2.95
2018 4 58129.0 62467.0 6.9 , 32329.0 32913.0 1.8 , 454588.4 405406.0 12.1 , 230302.2 162012.0 42.2 , 11364.7 9419.0 20.7 , 114822.3 73110.0 57.1 , 450.7 0.0 -1.0 , 3477475.3 3866781.0 10.1 , 578573.6 849207.0 31.9 , 479.5 1182.0 59.4 , 519820.5 537469.0 3.3 , 5478335.1 5999966.0 8.69
2018 5 41735.9 35485.0 17.6 , 32309.2 32299.0 0.0 , 333950.0 268742.0 24.3 , 192662.7 151352.0 27.3 , 10020.0 8559.0 17.1 , 48138.2 31300.0 53.8 , 11312.0 16851.0 32.9 , 3586491.0 3972190.0 9.7 , 430236.1 623908.0 31.0 , 572.2 866.0 33.9 , 529228.7 540220.0 2.0 , 5216656.0 5681772.0 8.19
2018 6 19787.7 18440.0 7.3 , 34622.9 34295.0 1.0 , 218908.1 155090.0 41.1 , 232275.6 119564.0 94.3 , 10216.1 5951.0 71.7 , 40770.8 20536.0 98.5 , 40853.5 37882.0 7.8 , 3071995.2 3407062.0 9.8 , 392457.2 499698.0 21.5 , 50709.8 480.0 10464.5 , 586092.1 551873.0 6.2 , 4698689.1 4850871.0 3.14
2018 7 18752.9 13239.0 41.6 , 37994.6 34556.0 10.0 , 197895.1 113539.0 74.3 , 241006.6 113272.0 112.8 , 10269.3 5237.0 96.1 , 34869.4 14182.0 145.9 , 76812.7 63451.0 21.1 , 3064365.3 3242809.0 5.5 , 537884.2 656053.0 18.0 , 420749.3 331.0 127014.6 , 543727.8 587555.0 7.5 , 5184327.2 4844224.0 7.02
2018 8 16373.5 10604.0 54.4 , 35684.1 33832.0 5.5 , 186999.2 87866.0 112.8 , 230443.4 98920.0 133.0 , 11976.5 7620.0 57.2 , 31168.5 10991.0 183.6 , 87509.9 64624.0 35.4 , 3079870.9 3163215.0 2.6 , 499606.2 634696.0 21.3 , 423163.1 340829.0 24.2 , 528163.2 590027.0 10.5 , 5130958.5 5043224.0 1.74
2018 9 27386.9 15783.0 73.5 , 35147.4 34193.0 2.8 , 240628.7 112152.0 114.6 , 228026.1 92035.0 147.8 , 13354.7 8045.0 66.0 , 37259.4 14537.0 156.3 , 47083.5 26981.0 74.5 , 3106059.5 3222134.0 3.6 , 361025.1 513669.0 29.7 , 224768.7 1407.0 15875.0 , 511236.7 562130.0 9.1 , 4831976.6 4603066.0 4.97
2018 10 81849.0 63091.0 29.7 , 38161.4 39720.0 3.9 , 526095.8 380302.0 38.3 , 262322.4 178003.0 47.4 , 14526.3 15431.0 5.9 , 81476.8 66349.0 22.8 , 5801.6 0.0 -1.0 , 3394960.0 3716197.0 8.6 , 385984.2 659868.0 41.5 , 80811.4 1616.0 4900.7 , 571757.0 538942.0 6.1 , 5443746.0 5659519.0 3.81
2018 11 113741.8 107212.0 6.1 , 36640.2 38189.0 4.1 , 675215.3 569040.0 18.7 , 301478.0 174636.0 72.6 , 14374.4 16059.0 10.5 , 172618.2 104435.0 65.3 , 0.0 0.0 -1.0 , 3723428.0 3850975.0 3.3 , 554681.6 1178069.0 52.9 , 307084.6 1040.0 29427.4 , 561768.3 546473.0 2.8 , 6461030.5 6586128.0 1.90
2018 12 205412.0 218707.0 6.1 , 39351.0 35607.0 10.5 , 1146810.8 1072246.0 7.0 , 325857.3 236824.0 37.6 , 23331.5 25656.0 9.1 , 280631.1 205142.0 36.8 , 0.0 0.0 -1.0 , 4413953.6 4092284.0 7.9 , 1059136.1 1677154.0 36.8 , 112339.6 4237.0 2551.4 , 705535.1 574297.0 22.9 , 8312358.2 8142154.0 2.09
year month house_pred house_true house_mape houseCooking_pred houseCooking_true houseCooking_mape houseJHeating_pred houseJHeating_true houseJHeating_mape salesOne_pred salesOne_true salesOne_mape salesTwo_pred salesTwo_true salesTwo_mape bizHeating_pred bizHeating_true bizHeating_mape bizCooling_pred bizCooling_true bizCooling_mape industry_pred industry_true industry_mape heatFacility_pred heatFacility_true heatFacility_mape heatCombined_pred heatCombined_true heatCombined_mape CNG_pred CNG_true CNG_mape pred_sum true_sum sum_mape
2018 1 160343.8 219758.0 27.0 , 34092.5 37444.0 9.0 , 1008023.8 1199917.0 16.0 , 279044.6 253619.0 10.0 , 20045.4 19356.0 3.6 , 258334.1 243799.0 6.0 , 0.0 0.0 -1.0 , 4205185.6 4314448.0 2.5 , 1300784.2 1770366.0 26.5 , 424.5 102.0 316.2 , 484593.3 544487.0 11.0 , 7750871.8 8603296.0 9.91
2018 2 145995.2 189619.0 23.0 , 29054.1 32890.0 11.7 , 893482.2 1057353.0 15.5 , 247164.7 219773.0 12.5 , 17609.9 17135.0 2.8 , 219511.6 200004.0 9.8 , 0.0 0.0 -1.0 , 3785498.5 3440559.0 10.0 , 1136008.2 1646150.0 31.0 , 772.0 0.0 -1.0 , 474693.0 488293.0 2.8 , 6949789.4 7291776.0 4.69
2018 3 94890.6 120261.0 21.1 , 33990.6 35979.0 5.5 , 652424.4 687033.0 5.0 , 280874.2 207540.0 35.3 , 13634.4 12906.0 5.6 , 217386.6 146748.0 48.1 , 0.0 0.0 -1.0 , 3820621.7 3845098.0 0.6 , 976217.0 1255293.0 22.2 , 788.0 661.0 19.2 , 545504.1 544870.0 0.1 , 6636331.6 6856389.0 3.21
2018 4 58068.6 62467.0 7.0 , 32329.0 32913.0 1.8 , 454174.2 405406.0 12.0 , 230302.2 162012.0 42.2 , 11106.0 9419.0 17.9 , 114822.3 73110.0 57.1 , 450.7 0.0 -1.0 , 3511416.7 3866781.0 9.2 , 578573.6 849207.0 31.9 , 479.5 1182.0 59.4 , 519820.5 537469.0 3.3 , 5511543.2 5999966.0 8.14
2018 5 40704.1 35485.0 14.7 , 32309.2 32299.0 0.0 , 328692.2 268742.0 22.3 , 192662.7 151352.0 27.3 , 9746.1 8559.0 13.9 , 48138.2 31300.0 53.8 , 11312.0 16851.0 32.9 , 3574921.4 3972190.0 10.0 , 430236.1 623908.0 31.0 , 572.2 866.0 33.9 , 529228.7 540220.0 2.0 , 5198522.8 5681772.0 8.51
2018 6 20301.6 18440.0 10.1 , 34622.9 34295.0 1.0 , 222736.1 155090.0 43.6 , 232275.6 119564.0 94.3 , 10359.4 5951.0 74.1 , 40770.8 20536.0 98.5 , 40853.5 37882.0 7.8 , 3076615.7 3407062.0 9.7 , 392457.2 499698.0 21.5 , 50709.8 480.0 10464.5 , 586092.1 551873.0 6.2 , 4707794.8 4850871.0 2.95
2018 7 17302.0 13239.0 30.7 , 37994.6 34556.0 10.0 , 181311.5 113539.0 59.7 , 241006.6 113272.0 112.8 , 10484.2 5237.0 100.2 , 34869.4 14182.0 145.9 , 76812.7 63451.0 21.1 , 3071378.1 3242809.0 5.3 , 537884.2 656053.0 18.0 , 420749.3 331.0 127014.6 , 543727.8 587555.0 7.5 , 5173520.5 4844224.0 6.80
2018 8 18595.7 10604.0 75.4 , 35684.1 33832.0 5.5 , 181147.1 87866.0 106.2 , 230443.4 98920.0 133.0 , 12593.5 7620.0 65.3 , 31168.5 10991.0 183.6 , 87509.9 64624.0 35.4 , 3078114.4 3163215.0 2.7 , 499606.2 634696.0 21.3 , 423163.1 340829.0 24.2 , 528163.2 590027.0 10.5 , 5126189.1 5043224.0 1.65
2018 9 25951.0 15783.0 64.4 , 35147.4 34193.0 2.8 , 239749.8 112152.0 113.8 , 228026.1 92035.0 147.8 , 13894.8 8045.0 72.7 , 37259.4 14537.0 156.3 , 47083.5 26981.0 74.5 , 3012746.9 3222134.0 6.5 , 361025.1 513669.0 29.7 , 224768.7 1407.0 15875.0 , 511236.7 562130.0 9.1 , 4736889.3 4603066.0 2.91
2018 10 81849.0 63091.0 29.7 , 38161.4 39720.0 3.9 , 517621.3 380302.0 36.1 , 262322.4 178003.0 47.4 , 14603.7 15431.0 5.4 , 81476.8 66349.0 22.8 , 5801.6 0.0 -1.0 , 3406149.5 3716197.0 8.3 , 385984.2 659868.0 41.5 , 80811.4 1616.0 4900.7 , 571757.0 538942.0 6.1 , 5446538.5 5659519.0 3.76
2018 11 112716.5 107212.0 5.1 , 36640.2 38189.0 4.1 , 670256.3 569040.0 17.8 , 301478.0 174636.0 72.6 , 15496.9 16059.0 3.5 , 172618.2 104435.0 65.3 , 0.0 0.0 -1.0 , 3731012.3 3850975.0 3.1 , 554681.6 1178069.0 52.9 , 307084.6 1040.0 29427.4 , 561768.3 546473.0 2.8 , 6463753.0 6586128.0 1.86
2018 12 206366.9 218707.0 5.6 , 39351.0 35607.0 10.5 , 1149268.4 1072246.0 7.2 , 325857.3 236824.0 37.6 , 23259.7 25656.0 9.3 , 280631.1 205142.0 36.8 , 0.0 0.0 -1.0 , 4374399.2 4092284.0 6.9 , 1059136.1 1677154.0 36.8 , 112339.6 4237.0 2551.4 , 705535.1 574297.0 22.9 , 8276144.4 8142154.0 1.65
year month house_pred house_true house_mape houseCooking_pred houseCooking_true houseCooking_mape houseJHeating_pred houseJHeating_true houseJHeating_mape salesOne_pred salesOne_true salesOne_mape salesTwo_pred salesTwo_true salesTwo_mape bizHeating_pred bizHeating_true bizHeating_mape bizCooling_pred bizCooling_true bizCooling_mape industry_pred industry_true industry_mape heatFacility_pred heatFacility_true heatFacility_mape heatCombined_pred heatCombined_true heatCombined_mape CNG_pred CNG_true CNG_mape pred_sum true_sum sum_mape
2018 1 159413.9 219758.0 27.5 , 34092.5 37444.0 9.0 , 1005694.4 1199917.0 16.2 , 279044.6 253619.0 10.0 , 19791.5 19356.0 2.2 , 258334.1 243799.0 6.0 , 0.0 0.0 -1.0 , 4161201.6 4314448.0 3.6 , 1300784.2 1770366.0 26.5 , 424.5 102.0 316.2 , 484593.3 544487.0 11.0 , 7703374.6 8603296.0 10.46
2018 2 145730.3 189619.0 23.1 , 29054.1 32890.0 11.7 , 893189.4 1057353.0 15.5 , 247164.7 219773.0 12.5 , 17680.3 17135.0 3.2 , 219511.6 200004.0 9.8 , 0.0 0.0 -1.0 , 3793326.1 3440559.0 10.3 , 1136008.2 1646150.0 31.0 , 772.0 0.0 -1.0 , 474693.0 488293.0 2.8 , 6957129.7 7291776.0 4.59
2018 3 93560.5 120261.0 22.2 , 33990.6 35979.0 5.5 , 654448.3 687033.0 4.7 , 280874.2 207540.0 35.3 , 12727.2 12906.0 1.4 , 217386.6 146748.0 48.1 , 0.0 0.0 -1.0 , 3784589.7 3845098.0 1.6 , 976217.0 1255293.0 22.2 , 788.0 661.0 19.2 , 545504.1 544870.0 0.1 , 6600086.1 6856389.0 3.74
2018 4 58692.7 62467.0 6.0 , 32329.0 32913.0 1.8 , 452440.5 405406.0 11.6 , 230302.2 162012.0 42.2 , 10744.6 9419.0 14.1 , 114822.3 73110.0 57.1 , 450.7 0.0 -1.0 , 3466550.3 3866781.0 10.4 , 578573.6 849207.0 31.9 , 479.5 1182.0 59.4 , 519820.5 537469.0 3.3 , 5465205.9 5999966.0 8.91
2018 5 40681.1 35485.0 14.6 , 32309.2 32299.0 0.0 , 334095.8 268742.0 24.3 , 192662.7 151352.0 27.3 , 9726.6 8559.0 13.6 , 48138.2 31300.0 53.8 , 11312.0 16851.0 32.9 , 3597966.2 3972190.0 9.4 , 430236.1 623908.0 31.0 , 572.2 866.0 33.9 , 529228.7 540220.0 2.0 , 5226928.7 5681772.0 8.01
2018 6 20434.9 18440.0 10.8 , 34622.9 34295.0 1.0 , 219910.8 155090.0 41.8 , 232275.6 119564.0 94.3 , 10287.1 5951.0 72.9 , 40770.8 20536.0 98.5 , 40853.5 37882.0 7.8 , 3085048.6 3407062.0 9.5 , 392457.2 499698.0 21.5 , 50709.8 480.0 10464.5 , 586092.1 551873.0 6.2 , 4713463.5 4850871.0 2.83
2018 7 17307.7 13239.0 30.7 , 37994.6 34556.0 10.0 , 179337.7 113539.0 58.0 , 241006.6 113272.0 112.8 , 10509.7 5237.0 100.7 , 34869.4 14182.0 145.9 , 76812.7 63451.0 21.1 , 3062438.0 3242809.0 5.6 , 537884.2 656053.0 18.0 , 420749.3 331.0 127014.6 , 543727.8 587555.0 7.5 , 5162637.8 4844224.0 6.57
2018 8 17338.2 10604.0 63.5 , 35684.1 33832.0 5.5 , 196746.0 87866.0 123.9 , 230443.4 98920.0 133.0 , 11970.7 7620.0 57.1 , 31168.5 10991.0 183.6 , 87509.9 64624.0 35.4 , 3076091.3 3163215.0 2.8 , 499606.2 634696.0 21.3 , 423163.1 340829.0 24.2 , 528163.2 590027.0 10.5 , 5137884.5 5043224.0 1.88
2018 9 25901.2 15783.0 64.1 , 35147.4 34193.0 2.8 , 253436.2 112152.0 126.0 , 228026.1 92035.0 147.8 , 13809.4 8045.0 71.7 , 37259.4 14537.0 156.3 , 47083.5 26981.0 74.5 , 3036167.4 3222134.0 5.8 , 361025.1 513669.0 29.7 , 224768.7 1407.0 15875.0 , 511236.7 562130.0 9.1 , 4773861.1 4603066.0 3.71
2018 10 82499.5 63091.0 30.8 , 38161.4 39720.0 3.9 , 526200.6 380302.0 38.4 , 262322.4 178003.0 47.4 , 14424.6 15431.0 6.5 , 81476.8 66349.0 22.8 , 5801.6 0.0 -1.0 , 3405605.1 3716197.0 8.4 , 385984.2 659868.0 41.5 , 80811.4 1616.0 4900.7 , 571757.0 538942.0 6.1 , 5455044.7 5659519.0 3.61
2018 11 118123.5 107212.0 10.2 , 36640.2 38189.0 4.1 , 682208.4 569040.0 19.9 , 301478.0 174636.0 72.6 , 15006.3 16059.0 6.6 , 172618.2 104435.0 65.3 , 0.0 0.0 -1.0 , 3663770.8 3850975.0 4.9 , 554681.6 1178069.0 52.9 , 307084.6 1040.0 29427.4 , 561768.3 546473.0 2.8 , 6413380.0 6586128.0 2.62
2018 12 206261.0 218707.0 5.7 , 39351.0 35607.0 10.5 , 1147122.5 1072246.0 7.0 , 325857.3 236824.0 37.6 , 23353.6 25656.0 9.0 , 280631.1 205142.0 36.8 , 0.0 0.0 -1.0 , 4349684.8 4092284.0 6.3 , 1059136.1 1677154.0 36.8 , 112339.6 4237.0 2551.4 , 705535.1 574297.0 22.9 , 8249272.1 8142154.0 1.32
year month house_pred house_true house_mape houseCooking_pred houseCooking_true houseCooking_mape houseJHeating_pred houseJHeating_true houseJHeating_mape salesOne_pred salesOne_true salesOne_mape salesTwo_pred salesTwo_true salesTwo_mape bizHeating_pred bizHeating_true bizHeating_mape bizCooling_pred bizCooling_true bizCooling_mape industry_pred industry_true industry_mape heatFacility_pred heatFacility_true heatFacility_mape heatCombined_pred heatCombined_true heatCombined_mape CNG_pred CNG_true CNG_mape pred_sum true_sum sum_mape
2018 1 159459.8 219758.0 27.4 , 34092.5 37444.0 9.0 , 1005694.4 1199917.0 16.2 , 279044.6 253619.0 10.0 , 19968.6 19356.0 3.2 , 258334.1 243799.0 6.0 , 0.0 0.0 -1.0 , 4196817.1 4314448.0 2.7 , 1300784.2 1770366.0 26.5 , 424.5 102.0 316.2 , 484593.3 544487.0 11.0 , 7739213.0 8603296.0 10.04
2018 2 145961.7 189619.0 23.0 , 29054.1 32890.0 11.7 , 894709.7 1057353.0 15.4 , 247164.7 219773.0 12.5 , 17711.9 17135.0 3.4 , 219511.6 200004.0 9.8 , 0.0 0.0 -1.0 , 3783193.3 3440559.0 10.0 , 1136008.2 1646150.0 31.0 , 772.0 0.0 -1.0 , 474693.0 488293.0 2.8 , 6948780.3 7291776.0 4.70
2018 3 96176.6 120261.0 20.0 , 33990.6 35979.0 5.5 , 646721.2 687033.0 5.9 , 280874.2 207540.0 35.3 , 13599.0 12906.0 5.4 , 217386.6 146748.0 48.1 , 0.0 0.0 -1.0 , 3864337.2 3845098.0 0.5 , 976217.0 1255293.0 22.2 , 788.0 661.0 19.2 , 545504.1 544870.0 0.1 , 6675594.5 6856389.0 2.64
2018 4 58415.8 62467.0 6.5 , 32329.0 32913.0 1.8 , 450575.2 405406.0 11.1 , 230302.2 162012.0 42.2 , 10900.1 9419.0 15.7 , 114822.3 73110.0 57.1 , 450.7 0.0 -1.0 , 3512868.8 3866781.0 9.2 , 578573.6 849207.0 31.9 , 479.5 1182.0 59.4 , 519820.5 537469.0 3.3 , 5509537.7 5999966.0 8.17
2018 5 40604.7 35485.0 14.4 , 32309.2 32299.0 0.0 , 336859.4 268742.0 25.3 , 192662.7 151352.0 27.3 , 10191.1 8559.0 19.1 , 48138.2 31300.0 53.8 , 11312.0 16851.0 32.9 , 3586491.0 3972190.0 9.7 , 430236.1 623908.0 31.0 , 572.2 866.0 33.9 , 529228.7 540220.0 2.0 , 5218605.2 5681772.0 8.15
2018 6 19921.4 18440.0 8.0 , 34622.9 34295.0 1.0 , 222589.0 155090.0 43.5 , 232275.6 119564.0 94.3 , 10287.1 5951.0 72.9 , 40770.8 20536.0 98.5 , 40853.5 37882.0 7.8 , 3076070.2 3407062.0 9.7 , 392457.2 499698.0 21.5 , 50709.8 480.0 10464.5 , 586092.1 551873.0 6.2 , 4706649.9 4850871.0 2.97
2018 7 16397.2 13239.0 23.9 , 37994.6 34556.0 10.0 , 176579.6 113539.0 55.5 , 241006.6 113272.0 112.8 , 10454.9 5237.0 99.6 , 34869.4 14182.0 145.9 , 76812.7 63451.0 21.1 , 3064365.3 3242809.0 5.5 , 537884.2 656053.0 18.0 , 420749.3 331.0 127014.6 , 543727.8 587555.0 7.5 , 5160841.8 4844224.0 6.54
2018 8 17466.0 10604.0 64.7 , 35684.1 33832.0 5.5 , 190041.3 87866.0 116.3 , 230443.4 98920.0 133.0 , 12366.8 7620.0 62.3 , 31168.5 10991.0 183.6 , 87509.9 64624.0 35.4 , 3080094.0 3163215.0 2.6 , 499606.2 634696.0 21.3 , 423163.1 340829.0 24.2 , 528163.2 590027.0 10.5 , 5135706.5 5043224.0 1.83
2018 9 26370.1 15783.0 67.1 , 35147.4 34193.0 2.8 , 240656.3 112152.0 114.6 , 228026.1 92035.0 147.8 , 14154.2 8045.0 75.9 , 37259.4 14537.0 156.3 , 47083.5 26981.0 74.5 , 3044833.5 3222134.0 5.5 , 361025.1 513669.0 29.7 , 224768.7 1407.0 15875.0 , 511236.7 562130.0 9.1 , 4770560.9 4603066.0 3.64
2018 10 82280.2 63091.0 30.4 , 38161.4 39720.0 3.9 , 528119.8 380302.0 38.9 , 262322.4 178003.0 47.4 , 14432.9 15431.0 6.5 , 81476.8 66349.0 22.8 , 5801.6 0.0 -1.0 , 3408995.1 3716197.0 8.3 , 385984.2 659868.0 41.5 , 80811.4 1616.0 4900.7 , 571757.0 538942.0 6.1 , 5460142.8 5659519.0 3.52
2018 11 114417.8 107212.0 6.7 , 36640.2 38189.0 4.1 , 680731.9 569040.0 19.6 , 301478.0 174636.0 72.6 , 14395.3 16059.0 10.4 , 172618.2 104435.0 65.3 , 0.0 0.0 -1.0 , 3687301.4 3850975.0 4.3 , 554681.6 1178069.0 52.9 , 307084.6 1040.0 29427.4 , 561768.3 546473.0 2.8 , 6431117.4 6586128.0 2.35
2018 12 206560.0 218707.0 5.6 , 39351.0 35607.0 10.5 , 1150963.1 1072246.0 7.3 , 325857.3 236824.0 37.6 , 23267.3 25656.0 9.3 , 280631.1 205142.0 36.8 , 0.0 0.0 -1.0 , 4417196.1 4092284.0 7.9 , 1059136.1 1677154.0 36.8 , 112339.6 4237.0 2551.4 , 705535.1 574297.0 22.9 , 8320836.7 8142154.0 2.19
