year month house_pred house_true house_mape houseCooking_pred houseCooking_true houseCooking_mape houseJHeating_pred houseJHeating_true houseJHeating_mape salesOne_pred salesOne_true salesOne_mape salesTwo_pred salesTwo_true salesTwo_mape bizHeating_pred bizHeating_true bizHeating_mape bizCooling_pred bizCooling_true bizCooling_mape industry_pred industry_true industry_mape heatFacility_pred heatFacility_true heatFacility_mape heatCombined_pred heatCombined_true heatCombined_mape CNG_pred CNG_true CNG_mape pred_sum true_sum sum_mape
2018 4 58385.4 62467.0 6.5 , 32329.0 32913.0 1.8 , 451963.4 405406.0 11.5 , 230302.2 162012.0 42.2 , 11046.5 9419.0 17.3 , 114822.3 73110.0 57.1 , 450.7 0.0 -1.0 , 3486946.0 3866781.0 9.8 , 578573.6 849207.0 31.9 , 479.5 1182.0 59.4 , 519820.5 537469.0 3.3 , 5485119.0 5999966.0 8.58
2018 5 38191.5 35485.0 7.6 , 32309.2 32299.0 0.0 , 330952.6 268742.0 23.1 , 192662.7 151352.0 27.3 , 9811.8 8559.0 14.6 , 48138.2 31300.0 53.8 , 11312.0 16851.0 32.9 , 3514587.5 3972190.0 11.5 , 430236.1 623908.0 31.0 , 572.2 866.0 33.9 , 529228.7 540220.0 2.0 , 5138002.4 5681772.0 9.57
2018 6 19955.6 18440.0 8.2 , 34622.9 34295.0 1.0 , 214208.2 155090.0 38.1 , 232275.6 119564.0 94.3 , 10305.7 5951.0 73.2 , 40770.8 20536.0 98.5 , 40853.5 37882.0 7.8 , 3086102.2 3407062.0 9.4 , 392457.2 499698.0 21.5 , 50709.8 480.0 10464.5 , 586092.1 551873.0 6.2 , 4708353.8 4850871.0 2.94
2018 7 18354.8 13239.0 38.6 , 37994.6 34556.0 10.0 , 181429.0 113539.0 59.8 , 241006.6 113272.0 112.8 , 10574.8 5237.0 101.9 , 34869.4 14182.0 145.9 , 76812.7 63451.0 21.1 , 3058815.9 3242809.0 5.7 , 537884.2 656053.0 18.0 , 420749.3 331.0 127014.6 , 543727.8 587555.0 7.5 , 5162219.2 4844224.0 6.56
2018 8 17969.9 10604.0 69.5 , 35684.1 33832.0 5.5 , 185368.6 87866.0 111.0 , 230443.4 98920.0 133.0 , 12299.4 7620.0 61.4 , 31168.5 10991.0 183.6 , 87509.9 64624.0 35.4 , 3088004.1 3163215.0 2.4 , 499606.2 634696.0 21.3 , 423163.1 340829.0 24.2 , 528163.2 590027.0 10.5 , 5139380.4 5043224.0 1.91
2018 9 26039.2 15783.0 65.0 , 35147.4 34193.0 2.8 , 248464.4 112152.0 121.5 , 228026.1 92035.0 147.8 , 14115.5 8045.0 75.5 , 37259.4 14537.0 156.3 , 47083.5 26981.0 74.5 , 3010275.7 3222134.0 6.6 , 361025.1 513669.0 29.7 , 224768.7 1407.0 15875.0 , 511236.7 562130.0 9.1 , 4743441.6 4603066.0 3.05
2018 10 81331.3 63091.0 28.9 , 38161.4 39720.0 3.9 , 527939.8 380302.0 38.8 , 262322.4 178003.0 47.4 , 14605.9 15431.0 5.3 , 81476.8 66349.0 22.8 , 5801.6 0.0 -1.0 , 3385304.0 3716197.0 8.9 , 385984.2 659868.0 41.5 , 80811.4 1616.0 4900.7 , 571757.0 538942.0 6.1 , 5435495.9 5659519.0 3.96
2018 11 117754.1 107212.0 9.8 , 36640.2 38189.0 4.1 , 674737.0 569040.0 18.6 , 301478.0 174636.0 72.6 , 15592.4 16059.0 2.9 , 172618.2 104435.0 65.3 , 0.0 0.0 -1.0 , 3703877.1 3850975.0 3.8 , 554681.6 1178069.0 52.9 , 307084.6 1040.0 29427.4 , 561768.3 546473.0 2.8 , 6446231.5 6586128.0 2.12
2018 12 206540.5 218707.0 5.6 , 39351.0 35607.0 10.5 , 1145115.3 1072246.0 6.8 , 325857.3 236824.0 37.6 , 23146.8 25656.0 9.8 , 280631.1 205142.0 36.8 , 0.0 0.0 -1.0 , 4412683.3 4092284.0 7.8 , 1059136.1 1677154.0 36.8 , 112339.6 4237.0 2551.4 , 705535.1 574297.0 22.9 , 8310336.1 8142154.0 2.07
year month house_pred house_true house_mape houseCooking_pred houseCooking_true houseCooking_mape houseJHeating_pred houseJHeating_true houseJHeating_mape salesOne_pred salesOne_true salesOne_mape salesTwo_pred salesTwo_true salesTwo_mape bizHeating_pred bizHeating_true bizHeating_mape bizCooling_pred bizCooling_true bizCooling_mape industry_pred industry_true industry_mape heatFacility_pred heatFacility_true heatFacility_mape heatCombined_pred heatCombined_true heatCombined_mape CNG_pred CNG_true CNG_mape pred_sum true_sum sum_mape
year month house_pred house_true house_mape houseCooking_pred houseCooking_true houseCooking_mape houseJHeating_pred houseJHeating_true houseJHeating_mape salesOne_pred salesOne_true salesOne_mape salesTwo_pred salesTwo_true salesTwo_mape bizHeating_pred bizHeating_true bizHeating_mape bizCooling_pred bizCooling_true bizCooling_mape industry_pred industry_true industry_mape heatFacility_pred heatFacility_true heatFacility_mape heatCombined_pred heatCombined_true heatCombined_mape CNG_pred CNG_true CNG_mape pred_sum true_sum sum_mape
2018 4 58731.5 62467.0 6.0 , 32329.0 32913.0 1.8 , 454055.8 405406.0 12.0 , 230302.2 162012.0 42.2 , 10846.5 9419.0 15.2 , 114822.3 73110.0 57.1 , 450.7 0.0 -1.0 , 3470635.2 3866781.0 10.2 , 578573.6 849207.0 31.9 , 479.5 1182.0 59.4 , 519820.5 537469.0 3.3 , 5471046.8 5999966.0 8.82
2018 5 38581.1 35485.0 8.7 , 32309.2 32299.0 0.0 , 330015.4 268742.0 22.8 , 192662.7 151352.0 27.3 , 9829.6 8559.0 14.8 , 48138.2 31300.0 53.8 , 11312.0 16851.0 32.9 , 3602311.7 3972190.0 9.3 , 430236.1 623908.0 31.0 , 572.2 866.0 33.9 , 529228.7 540220.0 2.0 , 5225196.9 5681772.0 8.04
2018 6 19816.2 18440.0 7.5 , 34622.9 34295.0 1.0 , 215814.6 155090.0 39.2 , 232275.6 119564.0 94.3 , 9983.0 5951.0 67.8 , 40770.8 20536.0 98.5 , 40853.5 37882.0 7.8 , 3059359.1 3407062.0 10.2 , 392457.2 499698.0 21.5 , 50709.8 480.0 10464.5 , 586092.1 551873.0 6.2 , 4682754.9 4850871.0 3.47
2018 7 18770.6 13239.0 41.8 , 37994.6 34556.0 10.0 , 178152.8 113539.0 56.9 , 241006.6 113272.0 112.8 , 9891.3 5237.0 88.9 , 34869.4 14182.0 145.9 , 76812.7 63451.0 21.1 , 3054206.0 3242809.0 5.8 , 537884.2 656053.0 18.0 , 420749.3 331.0 127014.6 , 543727.8 587555.0 7.5 , 5154065.3 4844224.0 6.40
2018 8 16373.5 10604.0 54.4 , 35684.1 33832.0 5.5 , 170145.8 87866.0 93.6 , 230443.4 98920.0 133.0 , 12668.9 7620.0 66.3 , 31168.5 10991.0 183.6 , 87509.9 64624.0 35.4 , 3078818.9 3163215.0 2.7 , 499606.2 634696.0 21.3 , 423163.1 340829.0 24.2 , 528163.2 590027.0 10.5 , 5113745.5 5043224.0 1.40
2018 9 26558.9 15783.0 68.3 , 35147.4 34193.0 2.8 , 244715.3 112152.0 118.2 , 228026.1 92035.0 147.8 , 14087.6 8045.0 75.1 , 37259.4 14537.0 156.3 , 47083.5 26981.0 74.5 , 3036167.4 3222134.0 5.8 , 361025.1 513669.0 29.7 , 224768.7 1407.0 15875.0 , 511236.7 562130.0 9.1 , 4766076.0 4603066.0 3.54
2018 10 81376.4 63091.0 29.0 , 38161.4 39720.0 3.9 , 526254.9 380302.0 38.4 , 262322.4 178003.0 47.4 , 14645.8 15431.0 5.1 , 81476.8 66349.0 22.8 , 5801.6 0.0 -1.0 , 3411431.5 3716197.0 8.2 , 385984.2 659868.0 41.5 , 80811.4 1616.0 4900.7 , 571757.0 538942.0 6.1 , 5460023.5 5659519.0 3.52
2018 11 117735.4 107212.0 9.8 , 36640.2 38189.0 4.1 , 682958.1 569040.0 20.0 , 301478.0 174636.0 72.6 , 14835.4 16059.0 7.6 , 172618.2 104435.0 65.3 , 0.0 0.0 -1.0 , 3734715.5 3850975.0 3.0 , 554681.6 1178069.0 52.9 , 307084.6 1040.0 29427.4 , 561768.3 546473.0 2.8 , 6484515.4 6586128.0 1.54
2018 12 206814.9 218707.0 5.4 , 39351.0 35607.0 10.5 , 1147651.2 1072246.0 7.0 , 325857.3 236824.0 37.6 , 23369.6 25656.0 8.9 , 280631.1 205142.0 36.8 , 0.0 0.0 -1.0 , 4407672.7 4092284.0 7.7 , 1059136.1 1677154.0 36.8 , 112339.6 4237.0 2551.4 , 705535.1 574297.0 22.9 , 8308358.5 8142154.0 2.04
year month house_pred house_true house_mape houseCooking_pred houseCooking_true houseCooking_mape houseJHeating_pred houseJHeating_true houseJHeating_mape salesOne_pred salesOne_true salesOne_mape salesTwo_pred salesTwo_true salesTwo_mape bizHeating_pred bizHeating_true bizHeating_mape bizCooling_pred bizCooling_true bizCooling_mape industry_pred industry_true industry_mape heatFacility_pred heatFacility_true heatFacility_mape heatCombined_pred heatCombined_true heatCombined_mape CNG_pred CNG_true CNG_mape pred_sum true_sum sum_mape
2018 4 57775.9 62467.0 7.5 , 32329.0 32913.0 1.8 , 452910.4 405406.0 11.7 , 230302.2 162012.0 42.2 , 10764.6 9419.0 14.3 , 114822.3 73110.0 57.1 , 450.7 0.0 -1.0 , 3472020.1 3866781.0 10.2 , 578573.6 849207.0 31.9 , 479.5 1182.0 59.4 , 519820.5 537469.0 3.3 , 5470248.9 5999966.0 8.83
2018 5 38395.9 35485.0 8.2 , 32309.2 32299.0 0.0 , 326208.4 268742.0 21.4 , 192662.7 151352.0 27.3 , 10309.8 8559.0 20.5 , 48138.2 31300.0 53.8 , 11312.0 16851.0 32.9 , 3570402.7 3972190.0 10.1 , 430236.1 623908.0 31.0 , 572.2 866.0 33.9 , 529228.7 540220.0 2.0 , 5189775.8 5681772.0 8.66
2018 6 20047.1 18440.0 8.7 , 34622.9 34295.0 1.0 , 216924.2 155090.0 39.9 , 232275.6 119564.0 94.3 , 10267.0 5951.0 72.5 , 40770.8 20536.0 98.5 , 40853.5 37882.0 7.8 , 3085863.6 3407062.0 9.4 , 392457.2 499698.0 21.5 , 50709.8 480.0 10464.5 , 586092.1 551873.0 6.2 , 4710883.9 4850871.0 2.89
2018 7 17759.4 13239.0 34.1 , 37994.6 34556.0 10.0 , 187397.5 113539.0 65.1 , 241006.6 113272.0 112.8 , 9891.3 5237.0 88.9 , 34869.4 14182.0 145.9 , 76812.7 63451.0 21.1 , 3063748.8 3242809.0 5.5 , 537884.2 656053.0 18.0 , 420749.3 331.0 127014.6 , 543727.8 587555.0 7.5 , 5171841.6 4844224.0 6.76
2018 8 17464.2 10604.0 64.7 , 35684.1 33832.0 5.5 , 178029.2 87866.0 102.6 , 230443.4 98920.0 133.0 , 12647.3 7620.0 66.0 , 31168.5 10991.0 183.6 , 87509.9 64624.0 35.4 , 3097938.0 3163215.0 2.1 , 499606.2 634696.0 21.3 , 423163.1 340829.0 24.2 , 528163.2 590027.0 10.5 , 5141817.1 5043224.0 1.95
2018 9 25951.0 15783.0 64.4 , 35147.4 34193.0 2.8 , 243590.6 112152.0 117.2 , 228026.1 92035.0 147.8 , 14185.3 8045.0 76.3 , 37259.4 14537.0 156.3 , 47083.5 26981.0 74.5 , 3066499.5 3222134.0 4.8 , 361025.1 513669.0 29.7 , 224768.7 1407.0 15875.0 , 511236.7 562130.0 9.1 , 4794773.3 4603066.0 4.16
2018 10 81217.8 63091.0 28.7 , 38161.4 39720.0 3.9 , 529799.1 380302.0 39.3 , 262322.4 178003.0 47.4 , 14626.2 15431.0 5.2 , 81476.8 66349.0 22.8 , 5801.6 0.0 -1.0 , 3385304.0 3716197.0 8.9 , 385984.2 659868.0 41.5 , 80811.4 1616.0 4900.7 , 571757.0 538942.0 6.1 , 5437262.0 5659519.0 3.93
2018 11 113080.8 107212.0 5.5 , 36640.2 38189.0 4.1 , 686845.9 569040.0 20.7 , 301478.0 174636.0 72.6 , 14987.0 16059.0 6.7 , 172618.2 104435.0 65.3 , 0.0 0.0 -1.0 , 3597820.0 3850975.0 6.6 , 554681.6 1178069.0 52.9 , 307084.6 1040.0 29427.4 , 561768.3 546473.0 2.8 , 6347004.7 6586128.0 3.63
2018 12 206913.8 218707.0 5.4 , 39351.0 35607.0 10.5 , 1145934.2 1072246.0 6.9 , 325857.3 236824.0 37.6 , 23358.7 25656.0 9.0 , 280631.1 205142.0 36.8 , 0.0 0.0 -1.0 , 4400973.7 4092284.0 7.5 , 1059136.1 1677154.0 36.8 , 112339.6 4237.0 2551.4 , 705535.1 574297.0 22.9 , 8300030.6 8142154.0 1.94
year month house_pred house_true house_mape houseCooking_pred houseCooking_true houseCooking_mape houseJHeating_pred houseJHeating_true houseJHeating_mape salesOne_pred salesOne_true salesOne_mape salesTwo_pred salesTwo_true salesTwo_mape bizHeating_pred bizHeating_true bizHeating_mape bizCooling_pred bizCooling_true bizCooling_mape industry_pred industry_true industry_mape heatFacility_pred heatFacility_true heatFacility_mape heatCombined_pred heatCombined_true heatCombined_mape CNG_pred CNG_true CNG_mape pred_sum true_sum sum_mape
2018 4 57728.9 62467.0 7.6 , 32329.0 32913.0 1.8 , 450612.8 405406.0 11.2 , 230302.2 162012.0 42.2 , 10753.0 9419.0 14.2 , 114822.3 73110.0 57.1 , 450.7 0.0 -1.0 , 3512619.9 3866781.0 9.2 , 578573.6 849207.0 31.9 , 479.5 1182.0 59.4 , 519820.5 537469.0 3.3 , 5508492.4 5999966.0 8.19
2018 5 38829.4 35485.0 9.4 , 32309.2 32299.0 0.0 , 328759.3 268742.0 22.3 , 192662.7 151352.0 27.3 , 10607.2 8559.0 23.9 , 48138.2 31300.0 53.8 , 11312.0 16851.0 32.9 , 3555835.0 3972190.0 10.5 , 430236.1 623908.0 31.0 , 572.2 866.0 33.9 , 529228.7 540220.0 2.0 , 5178490.0 5681772.0 8.86
2018 6 20168.7 18440.0 9.4 , 34622.9 34295.0 1.0 , 214068.2 155090.0 38.0 , 232275.6 119564.0 94.3 , 10325.1 5951.0 73.5 , 40770.8 20536.0 98.5 , 40853.5 37882.0 7.8 , 3075345.0 3407062.0 9.7 , 392457.2 499698.0 21.5 , 50709.8 480.0 10464.5 , 586092.1 551873.0 6.2 , 4697689.1 4850871.0 3.16
2018 7 15795.2 13239.0 19.3 , 37994.6 34556.0 10.0 , 197895.1 113539.0 74.3 , 241006.6 113272.0 112.8 , 10193.4 5237.0 94.6 , 34869.4 14182.0 145.9 , 76812.7 63451.0 21.1 , 3086550.1 3242809.0 4.8 , 537884.2 656053.0 18.0 , 420749.3 331.0 127014.6 , 543727.8 587555.0 7.5 , 5203478.5 4844224.0 7.42
2018 8 18595.7 10604.0 75.4 , 35684.1 33832.0 5.5 , 174621.8 87866.0 98.7 , 230443.4 98920.0 133.0 , 12647.3 7620.0 66.0 , 31168.5 10991.0 183.6 , 87509.9 64624.0 35.4 , 3082677.3 3163215.0 2.5 , 499606.2 634696.0 21.3 , 423163.1 340829.0 24.2 , 528163.2 590027.0 10.5 , 5124280.6 5043224.0 1.61
2018 9 25158.9 15783.0 59.4 , 35147.4 34193.0 2.8 , 238895.9 112152.0 113.0 , 228026.1 92035.0 147.8 , 13809.4 8045.0 71.7 , 37259.4 14537.0 156.3 , 47083.5 26981.0 74.5 , 3014850.8 3222134.0 6.4 , 361025.1 513669.0 29.7 , 224768.7 1407.0 15875.0 , 511236.7 562130.0 9.1 , 4737261.8 4603066.0 2.92
2018 10 81757.1 63091.0 29.6 , 38161.4 39720.0 3.9 , 521548.4 380302.0 37.1 , 262322.4 178003.0 47.4 , 14614.0 15431.0 5.3 , 81476.8 66349.0 22.8 , 5801.6 0.0 -1.0 , 3385304.0 3716197.0 8.9 , 385984.2 659868.0 41.5 , 80811.4 1616.0 4900.7 , 571757.0 538942.0 6.1 , 5429538.4 5659519.0 4.06
2018 11 115140.3 107212.0 7.4 , 36640.2 38189.0 4.1 , 686845.9 569040.0 20.7 , 301478.0 174636.0 72.6 , 15525.9 16059.0 3.3 , 172618.2 104435.0 65.3 , 0.0 0.0 -1.0 , 3730356.2 3850975.0 3.1 , 554681.6 1178069.0 52.9 , 307084.6 1040.0 29427.4 , 561768.3 546473.0 2.8 , 6482139.3 6586128.0 1.58
2018 12 206106.5 218707.0 5.8 , 39351.0 35607.0 10.5 , 1146356.8 1072246.0 6.9 , 325857.3 236824.0 37.6 , 23356.1 25656.0 9.0 , 280631.1 205142.0 36.8 , 0.0 0.0 -1.0 , 4401066.5 4092284.0 7.5 , 1059136.1 1677154.0 36.8 , 112339.6 4237.0 2551.4 , 705535.1 574297.0 22.9 , 8299736.1 8142154.0 1.94
2019 1 201667.6 -31.0 -1.0 , 47902.9 -31.0 -1.0 , 1094468.0 -31.0 -1.0 , 310717.8 -31.0 -1.0 , 28243.3 -31.0 -1.0 , 257919.7 -31.0 -1.0 , 0.0 -31.0 -1.0 , 4385508.2 -31.0 -1.0 , 1451435.4 -31.0 -1.0 , 346.6 -31.0 -1.0 , 639210.6 -31.0 -1.0 , 8417420.2 -341.0 -2468551.66
2019 2 181810.1 -28.0 -1.0 , 44744.5 -28.0 -1.0 , 943210.5 -28.0 -1.0 , 269895.8 -28.0 -1.0 , 24595.6 -28.0 -1.0 , 217935.5 -28.0 -1.0 , 0.0 -28.0 -1.0 , 3851353.0 -28.0 -1.0 , 1308114.2 -28.0 -1.0 , 901.8 -28.0 -1.0 , 575768.4 -28.0 -1.0 , 7418329.5 -308.0 -2408648.53
2019 3 132759.8 -31.0 -1.0 , 49000.5 -31.0 -1.0 , 753046.6 -31.0 -1.0 , 290953.7 -31.0 -1.0 , 21014.6 -31.0 -1.0 , 201703.0 -31.0 -1.0 , 0.0 -31.0 -1.0 , 4006311.4 -31.0 -1.0 , 1097098.7 -31.0 -1.0 , 899.3 -31.0 -1.0 , 630070.3 -31.0 -1.0 , 7182857.9 -341.0 -2106509.95
