year month date house_pred houseCooking_pred houseJHeating_pred salesOne_pred salesTwo_pred bizHeating_pred bizCooling_pred industry_pred heatFacility_pred heatCombined_pred CNG_pred pred_sum
2019 10 1 2255.4 1599.5 16142.5 5994.6 822.2 1348.6 733.2 118945.1 14719.6 6008.1 22469.6 191038.4
2019 10 2 1418.9 1574.7 12181.4 6000.5 822.2 1418.9 650.7 119472.0 14525.7 5709.4 21412.1 185186.5
2019 10 3 995.1 1616.1 9093.9 8046.3 710.7 2632.5 0.0 94487.4 15968.2 1544.3 21571.5 156666.0
2019 10 4 868.0 1494.5 6548.2 6008.3 503.3 1456.6 589.1 117033.7 14018.6 4623.8 18709.7 171853.7
2019 10 5 1791.1 1345.8 13286.4 6514.9 709.6 1937.2 318.6 94034.3 13143.0 3876.4 16405.6 153362.7
2019 10 6 1975.3 1518.6 13766.7 7148.9 722.0 2135.3 308.8 108295.9 14607.7 3790.5 16840.6 171110.3
2019 10 7 2229.0 1494.2 16024.6 6918.1 795.0 2096.9 280.9 115993.3 14444.6 3360.9 19883.1 183520.7
2019 10 8 2255.4 1496.7 16142.5 6840.8 822.2 2056.8 299.2 118945.1 14553.9 3211.9 19628.4 186253.0
2019 10 9 1660.0 1616.1 10892.1 8046.3 581.4 2632.5 0.0 94527.1 15968.2 1544.3 21571.5 159039.6
2019 10 10 2387.5 1430.2 15216.8 6467.5 692.9 1984.9 212.6 122389.1 13542.3 3992.9 15399.3 183716.0
2019 10 11 2792.0 1455.6 17738.6 6703.2 634.0 2058.8 203.2 125563.4 14423.9 3059.4 19275.2 193907.4
2019 10 12 2677.3 1441.7 15441.8 7053.2 539.6 2346.3 0.0 106904.1 14225.6 1703.3 18290.8 170623.5
2019 10 13 2928.2 1724.2 17789.2 8099.0 558.3 2657.4 0.0 127726.6 16787.7 1747.4 16760.1 196778.1
2019 10 14 2243.1 1617.6 14845.3 7460.6 630.4 2471.3 0.0 116194.8 15771.1 1770.7 20260.0 183264.8
2019 10 15 2401.2 1664.8 15350.6 7512.7 692.9 2484.7 0.0 120054.2 16455.1 1678.0 21342.3 189636.5
2019 10 16 2363.6 1615.3 15216.8 7261.6 668.6 2409.1 0.0 119881.2 15623.9 1714.7 16836.9 183591.7
2019 10 17 2387.5 1505.7 15216.8 6627.7 692.9 2231.0 0.0 122389.1 14252.1 1881.4 14782.7 181967.0
2019 10 18 2304.9 1550.3 14489.4 6778.6 634.0 2285.7 0.0 117442.9 15567.4 1533.9 20396.7 182983.8
2019 10 19 2081.7 1572.4 13379.6 6690.9 582.1 2271.7 0.0 95512.7 15135.7 1991.3 20517.9 159736.0
2019 10 20 2441.0 1811.0 15228.0 7691.7 594.5 2582.7 0.0 112609.4 17774.1 1836.5 18447.7 181016.6
2019 10 21 2243.1 1601.2 14845.3 6652.2 665.7 2254.8 0.0 117264.0 15701.6 1786.5 20528.0 183542.4
2019 10 22 2183.1 1859.1 13709.1 7620.2 692.9 2579.0 0.0 120054.2 18612.2 1857.6 25440.1 194607.4
2019 10 23 2363.6 1597.5 15216.8 6493.1 668.6 2219.8 0.0 119881.2 15639.8 1736.7 19356.9 185174.0
2019 10 24 2874.6 1505.6 17736.6 6109.5 668.6 2082.0 0.0 129440.4 14244.4 1828.1 14478.1 190967.9
2019 10 25 2792.0 1572.8 17738.6 6310.2 634.0 2183.3 0.0 117442.9 16002.7 1399.6 21562.6 187638.8
2019 10 26 2568.8 1743.1 15995.8 6934.1 545.9 2427.7 0.0 106904.1 16593.2 2161.9 19564.9 175439.6
2019 10 27 3159.1 1833.3 17789.2 7318.0 552.0 2545.7 0.0 127726.6 18238.1 1670.9 18272.7 199105.5
2019 10 28 2958.1 1594.6 17365.1 6236.9 619.7 2224.4 0.0 118077.2 15927.2 1517.5 19159.0 185679.7
2019 10 29 4017.5 1954.1 22591.8 8209.1 745.0 3634.1 0.0 126902.4 23356.6 2930.3 27317.7 221658.6
2019 10 30 3916.3 1451.0 22832.4 6715.3 640.2 2985.3 0.0 149193.0 18444.1 2491.5 18685.1 227354.2
2019 10 31 4164.5 1482.4 22109.2 7222.4 640.2 3302.3 0.0 146371.7 18865.6 2502.9 12712.2 219373.3
2019 11 1 3602.1 1479.3 20636.0 7072.1 674.8 3234.0 0.0 134504.1 20164.4 1893.9 22000.9 215261.7
2019 11 2 3062.9 1611.0 17680.5 7648.7 624.0 3477.4 0.0 112348.7 20374.3 2524.9 17997.6 187349.9
2019 11 3 3400.5 1639.6 18982.5 7818.0 602.5 3523.7 0.0 127371.4 21294.6 2360.5 18471.2 205464.6
2019 11 4 4057.6 1525.2 22641.4 7258.1 659.7 3378.5 0.0 122685.9 20753.3 2269.0 21233.3 206462.1
2019 11 5 3941.6 1770.8 23082.0 8971.1 671.6 4793.8 0.0 127614.1 26674.6 6167.0 24771.4 228458.0
2019 11 6 3872.6 1508.1 22546.2 8573.5 671.6 4639.5 0.0 130488.0 25120.3 6351.2 20389.2 224160.2
2019 11 7 2916.3 1442.5 18144.5 8773.4 649.7 4809.0 0.0 127951.6 24182.1 5376.8 10933.0 205178.8
2019 11 8 3338.8 1486.5 17286.3 8617.7 642.3 4746.0 0.0 128733.5 25921.3 4655.8 19099.8 214527.9
2019 11 9 3062.9 1445.5 17468.3 8046.4 591.6 4392.3 0.0 111718.7 23570.9 6080.8 18498.7 194876.0
2019 11 10 3400.5 1581.8 18982.5 9032.7 602.5 5027.3 0.0 127371.4 26457.6 7070.8 18635.1 218162.2
2019 11 11 3650.3 1475.4 21125.9 8071.4 659.7 4516.3 0.0 120643.4 25641.2 5703.4 23435.6 214922.6
2019 11 12 4287.2 1623.0 23321.4 8997.7 671.6 5190.0 0.0 127614.1 28737.2 8389.5 21047.1 229878.8
2019 11 13 4340.4 1575.5 24079.7 9303.9 671.6 5397.5 0.0 131574.6 29864.1 9099.5 21308.4 237215.2
2019 11 14 4128.0 1442.4 24674.0 8840.8 671.6 5206.5 0.0 131574.6 26959.7 7984.9 11237.3 222719.6
2019 11 15 3792.6 1526.1 21207.4 8830.8 642.3 5245.9 0.0 130284.3 29738.6 7357.8 20499.1 229124.9
2019 11 16 2783.2 1398.7 17284.6 7931.0 624.0 4781.3 0.0 116157.3 26485.0 9263.3 19334.8 206043.0
2019 11 17 3688.4 1537.2 18949.1 8972.7 602.5 5367.7 0.0 127371.4 29077.3 9207.2 17443.7 222217.2
2019 11 18 4191.5 1491.9 20040.6 8240.0 659.7 4921.4 0.0 129047.7 29500.3 7812.8 25650.6 231556.6
2019 11 19 3631.2 1551.9 19763.6 8604.6 671.6 5196.9 0.0 134605.8 29811.4 9626.2 23235.9 236699.0
2019 11 20 3933.1 1689.8 22515.0 9371.0 671.6 5684.8 0.0 133082.6 31978.4 11293.5 23601.9 243821.8
2019 11 21 4414.6 1582.8 22952.0 8993.6 671.6 5529.0 0.0 141424.5 29340.2 9931.8 13542.3 238382.4
2019 11 22 4389.3 1550.7 23792.8 8176.5 674.8 5081.4 0.0 142072.9 29842.4 9452.9 24264.4 249298.1
2019 11 23 5605.8 1629.6 26051.5 8815.8 656.5 5542.7 0.0 138304.6 30189.3 11954.9 19656.2 248407.0
2019 11 24 5793.8 1668.3 27273.8 8995.0 667.5 5590.9 0.0 153957.3 31618.2 10477.4 21828.0 267870.1
2019 11 25 5288.2 1542.0 25134.5 8072.7 659.7 5033.1 0.0 143722.8 29763.8 9112.5 24120.6 252449.8
2019 11 26 5765.4 1696.1 26552.6 8588.0 671.6 5446.7 0.0 151901.4 33453.4 10817.8 26936.4 271829.4
2019 11 27 5758.2 1778.9 28282.5 9241.6 671.6 6258.8 0.0 160440.7 33880.4 11927.4 20827.2 279067.4
2019 11 28 5662.2 1732.9 26533.5 10004.2 671.6 7341.5 0.0 150675.9 38402.0 7669.2 15244.8 263937.7
2019 11 29 4993.5 1520.4 23792.8 8631.8 674.8 6275.5 0.0 143755.5 35320.0 7308.2 22748.7 255021.2
2019 11 30 5420.7 1621.1 25294.1 9438.3 656.5 6942.5 0.0 138304.6 36862.6 9090.3 17864.6 251495.3
2019 12 1 7907.3 1565.1 37212.6 9339.4 961.7 6883.2 0.0 130792.4 37147.0 6594.5 19993.0 258396.1
2019 12 2 7375.1 1496.7 36344.0 8909.9 981.7 6615.1 0.0 105029.7 36642.7 6680.8 23472.1 233547.8
2019 12 3 7893.5 1665.0 39908.3 9498.8 1029.0 7051.8 0.0 150674.6 41052.5 8201.1 28858.8 295833.3
2019 12 4 8591.3 1669.9 40287.0 9888.4 1029.0 7784.8 0.0 151499.2 39618.4 8937.7 16800.4 286106.1
2019 12 5 8891.7 1724.4 41290.4 11137.0 1029.0 9221.9 0.0 139272.1 47494.9 5013.3 17710.7 282785.5
2019 12 6 7285.5 1469.2 38372.3 9512.2 1031.1 7773.1 0.0 133481.6 42149.7 4675.2 21939.1 267689.0
2019 12 7 8429.5 1539.7 38647.8 10099.1 961.8 8316.5 0.0 126886.1 43658.1 5518.2 17954.8 262011.5
2019 12 8 9131.3 1578.5 43419.3 10197.7 961.8 8332.2 0.0 138753.1 45575.3 4259.3 23247.3 285455.9
2019 12 9 7511.1 1471.2 37667.7 9591.1 983.8 7881.0 0.0 133682.8 43627.3 4498.4 23912.7 270827.1
2019 12 10 8399.2 1614.1 40154.0 10146.1 1029.0 8348.7 0.0 141179.7 48094.7 5028.7 27221.7 291215.7
2019 12 11 7593.8 1648.4 40416.2 10610.4 1031.1 8943.6 0.0 137135.4 48537.1 5262.3 19435.3 280613.8
2019 12 12 7590.1 1708.8 40234.7 11473.7 1031.1 9785.5 0.0 138194.3 52891.3 1648.0 19372.6 283930.1
2019 12 13 8158.6 1473.5 39239.3 10173.4 1031.1 8674.8 0.0 140302.7 47761.1 1453.2 19465.6 277733.3
2019 12 14 6467.3 1445.3 33835.2 9990.2 965.4 8538.9 0.0 118826.4 46823.2 1681.8 17848.9 246422.7
2019 12 15 8129.1 1497.3 39431.2 10233.5 965.4 8724.8 0.0 137015.4 48912.7 1436.8 22095.4 278441.7
2019 12 16 7640.8 1525.8 41066.7 10377.3 1111.9 8859.7 0.0 143556.3 50593.5 1753.7 25640.4 292126.2
2019 12 17 9058.3 1586.1 45033.2 10746.7 1111.9 9189.2 0.0 150951.2 51993.8 1536.0 24244.1 305450.5
2019 12 18 7593.8 1559.9 40416.2 10592.4 1031.1 9085.6 0.0 137135.4 51151.7 1662.7 21420.2 281649.0
2019 12 19 8842.9 1575.8 41290.4 10717.0 1029.0 9185.2 0.0 135869.3 51361.0 1612.1 20287.6 281770.2
2019 12 20 8449.0 1523.2 39736.7 10296.8 1029.0 8827.6 0.0 134975.9 49535.6 1443.0 19486.0 275302.8
2019 12 21 6647.0 1360.8 34098.8 9170.3 961.7 7880.2 0.0 104214.6 45069.6 1643.6 20243.8 231290.3
2019 12 22 7871.3 1584.0 37391.6 10569.0 961.7 9069.5 0.0 107545.8 52109.3 1457.7 24220.9 252780.7
2019 12 23 7530.0 1473.6 37229.8 9774.6 981.7 8409.4 0.0 121016.7 48578.9 1645.2 22794.1 259434.1
2019 12 24 8261.0 1630.5 40093.2 10750.8 1031.1 9278.4 0.0 134358.6 53254.9 1636.2 23698.4 283993.1
2019 12 25 6690.7 1467.8 35996.6 10171.1 1031.1 8485.7 0.0 125827.1 45535.7 695.2 20624.8 256525.9
2019 12 26 7201.3 1588.5 38737.8 10507.7 1031.1 9071.8 0.0 134375.0 51822.2 1598.5 21428.6 277362.4
2019 12 27 9478.1 1527.3 44504.2 10048.6 1047.4 8676.4 0.0 150764.6 49444.2 960.8 18891.4 295343.1
2019 12 28 8362.4 1346.6 40270.7 8981.0 1039.6 7782.2 0.0 134956.4 44186.6 1042.4 18568.6 266536.5
2019 12 29 8583.7 1491.2 44722.2 10165.1 1039.6 8539.6 0.0 146643.9 46983.2 1001.8 22054.9 291225.3
2019 12 30 7830.7 1429.1 39827.2 9891.7 967.6 8261.2 0.0 130199.5 44883.2 1046.7 19417.9 263754.8
2019 12 31 9248.2 1511.8 44701.0 10466.5 1014.9 8772.9 0.0 145618.5 48891.8 1046.8 25878.2 297150.7
2020 1 1 7730.5 1675.6 38133.7 11150.9 967.9 8789.9 0.0 150072.3 46899.1 12.2 20376.7 285808.8
2020 1 2 8306.8 1833.6 37021.4 12403.9 974.6 9752.2 0.0 147887.4 51799.7 14.0 20996.3 290989.9
2020 1 3 6825.7 1683.3 34701.7 11514.1 939.6 9030.3 0.0 143832.6 47816.1 15.4 30241.3 286600.2
2020 1 4 6141.0 1670.8 30750.1 11075.0 822.0 8725.0 0.0 138456.2 46669.7 12.5 27604.1 271926.5
2020 1 5 6692.8 1632.1 32942.3 10771.6 834.7 8477.4 0.0 142237.2 44672.2 13.2 24040.8 272314.2
2020 1 6 6514.8 1611.8 31606.7 10691.5 880.4 8415.2 0.0 138185.8 44692.5 13.0 22561.7 265173.6
2020 1 7 7080.6 1913.0 35184.3 12661.1 967.9 9967.6 0.0 143832.6 53100.4 15.0 21904.6 286627.2
2020 1 8 7306.1 1801.4 34890.6 11815.6 967.8 9301.6 0.0 147887.4 49521.4 13.4 18859.8 282365.3
2020 1 9 7971.1 1829.3 38311.9 12052.4 974.6 9533.2 0.0 150072.3 50896.8 13.9 23475.1 295130.5
2020 1 10 8202.4 1756.7 39728.4 11663.9 1046.7 9217.2 0.0 154274.6 49060.1 15.3 29755.4 304720.7
2020 1 11 7317.9 1737.2 36678.5 11258.5 1016.8 8925.7 0.0 148679.9 47725.7 13.1 26540.6 289893.9
2020 1 12 7801.4 1760.6 37407.1 11516.8 1030.7 9126.7 0.0 148679.9 48062.2 14.5 24969.2 290368.9
2020 1 13 7391.6 1819.7 36292.9 11613.6 964.5 9235.4 0.0 146440.0 49671.0 13.4 23547.9 286990.1
2020 1 14 8716.8 1909.4 40439.3 12245.3 974.1 9718.7 0.0 152688.8 51799.2 14.9 20902.1 299408.8
2020 1 15 8020.3 1931.6 39493.6 12350.9 946.6 9797.6 0.0 150072.3 51946.3 14.8 15832.6 290406.7
2020 1 16 7958.1 1894.2 38311.9 11928.4 974.6 9631.1 0.0 150072.3 51772.4 14.7 26967.9 299525.5
2020 1 17 7976.1 1847.1 37977.9 11710.2 944.8 9439.0 0.0 150072.3 50401.5 15.9 27985.3 298370.0
2020 1 18 7264.9 1834.4 35769.8 11494.4 797.8 9262.0 0.0 138456.2 49382.5 14.4 25230.4 279506.9
2020 1 19 8259.8 1874.0 37636.1 11844.2 957.4 9569.2 0.0 148679.9 50417.4 17.1 24364.0 293619.1
2020 1 20 6869.0 1919.8 34856.5 11914.2 964.5 9659.0 0.0 146440.0 52070.6 15.8 23025.8 287735.2
2020 1 21 8716.8 1990.5 39956.7 12424.6 974.1 10064.5 0.0 152688.8 53767.1 16.5 20204.6 300804.2
2020 1 22 8047.4 1973.4 39488.6 12263.4 967.7 9931.4 0.0 152688.8 52987.3 16.3 16064.7 294429.1
2020 1 23 7039.5 1976.0 34890.6 12158.3 974.6 9982.6 0.0 147887.4 54062.3 21.9 30014.6 299007.8
2020 1 24 8055.3 1896.1 37021.4 11761.1 877.9 9626.5 0.0 147887.4 51300.5 23.1 26870.7 295320.1
2020 1 25 6178.0 1834.8 30670.8 11266.8 816.8 9200.2 0.0 138456.2 49607.3 19.1 27740.0 275790.0
2020 1 26 7748.4 1841.2 36700.4 11365.7 816.7 9312.6 0.0 142237.2 49484.9 23.5 25874.5 285405.2
2020 1 27 7391.6 1934.7 36292.9 11842.6 964.5 9724.1 0.0 146440.0 52604.5 23.7 23625.5 290844.1
2020 1 28 8278.2 2075.9 39884.3 12732.3 1068.9 10398.8 0.0 153006.1 56114.3 24.8 21299.6 304883.1
2020 1 29 8073.3 1994.9 39884.3 12237.3 960.8 9949.0 0.0 153006.1 55610.0 24.0 17877.2 299616.9
2020 1 30 8701.7 1950.0 40869.1 11956.8 974.5 9734.8 0.0 153957.4 55175.3 28.5 31489.3 314837.4
2020 1 31 8305.5 1911.8 39332.7 11947.1 953.3 9693.6 0.0 154274.6 53948.2 29.7 26635.3 307031.8
2020 2 1 7541.4 1871.9 36664.6 11388.5 909.9 9298.0 0.0 146340.3 52472.0 31.3 29734.9 296252.7
2020 2 2 8028.0 1798.1 38201.7 10864.0 982.6 8885.1 0.0 148437.3 49651.8 34.7 26671.9 293555.3
2020 2 3 7889.4 1916.8 36620.1 11518.0 962.2 9416.0 0.0 144998.6 53829.9 33.0 27748.0 294932.0
2020 2 4 8585.6 2002.5 39782.8 12184.3 990.3 9924.2 0.0 156902.0 55592.4 30.9 23523.7 309518.7
2020 2 5 9017.1 1946.8 40344.4 11791.9 990.3 9557.9 0.0 156902.0 55637.2 44.2 19180.9 305412.6
2020 2 6 8834.0 1989.4 40663.8 11704.9 1110.0 9468.8 0.0 156977.1 55620.0 45.2 30030.9 316444.0
2020 2 7 8680.6 1969.9 39879.2 11789.0 981.8 9507.0 0.0 156902.0 54967.4 47.1 25529.3 310253.5
2020 2 8 7541.4 1953.9 37382.6 11399.3 992.1 9146.6 0.0 146415.4 54802.0 59.1 28618.1 298310.7
2020 2 9 8181.8 1815.1 38101.7 10468.0 837.5 8390.3 0.0 136985.4 49939.5 60.6 24450.9 279230.9
2020 2 10 7298.1 1889.7 36484.5 10911.2 1076.8 8718.6 0.0 145073.7 52970.4 54.6 27207.0 291684.8
2020 2 11 8354.3 1970.3 38855.6 11529.3 991.6 9209.6 0.0 148138.5 54500.7 52.7 23552.1 297154.6
2020 2 12 7095.9 1908.1 35173.1 11101.4 964.7 8809.6 0.0 144140.9 52590.7 50.5 18537.4 280372.2
2020 2 13 8534.5 1887.1 38078.2 10855.6 916.6 8591.4 0.0 144200.1 50746.9 49.9 28173.9 292034.3
2020 2 14 7181.5 1921.0 35670.8 11137.9 953.1 8758.8 0.0 144602.8 51327.0 55.3 25604.7 287213.0
2020 2 15 7633.6 1912.0 36159.2 11082.7 764.8 8675.0 0.0 134888.4 51298.9 57.3 26103.7 278575.6
2020 2 16 7387.1 1775.0 33631.0 10322.3 803.9 8034.2 0.0 134782.4 46796.8 59.5 21962.1 265554.3
2020 2 17 6835.7 1845.3 32869.3 10775.1 858.6 8356.6 0.0 130052.4 49452.0 53.0 22813.3 263911.2
2020 2 18 8354.3 2034.1 38855.6 11924.9 979.6 9208.1 0.0 148138.5 53984.6 58.8 21428.8 294967.3
2020 2 19 8188.8 1897.5 36536.7 11175.4 874.5 8547.8 0.0 144200.1 50253.7 56.7 16626.4 278357.7
2020 2 20 7533.5 1775.5 35788.4 10650.9 962.7 8124.1 0.0 144140.9 47431.9 52.8 26120.7 282581.3
2020 2 21 8339.1 1837.3 38788.9 11064.1 965.2 8399.6 0.0 148138.5 48816.9 61.2 25845.0 292255.9
2020 2 22 6583.0 1804.4 31774.8 10845.8 800.2 8205.2 0.0 132685.4 47568.5 52.8 23238.6 263558.7
2020 2 23 7114.3 1739.5 33097.8 10490.2 803.9 7895.7 0.0 134782.4 45077.1 53.8 21419.4 262474.2
2020 2 24 7199.5 1793.2 33374.8 10794.0 870.6 8100.3 0.0 134720.5 46960.0 46.2 20269.7 264128.8
2020 2 25 7781.9 1989.3 35631.5 12093.8 957.7 8987.2 0.0 143902.4 52052.3 52.3 19470.4 282918.9
2020 2 26 7533.5 1914.8 35788.4 11151.9 985.2 8150.7 0.0 144200.1 46911.8 45.7 23990.3 280672.3
2020 2 27 7854.3 1712.7 36536.7 10018.9 926.8 7377.0 0.0 144200.1 42726.6 36.7 24469.1 275858.9
2020 2 28 8008.6 1880.3 36427.7 11014.2 939.2 8081.6 0.0 144200.1 46003.5 42.8 24332.9 280930.9
2020 2 29 6757.4 1751.9 32811.5 10385.4 828.4 7720.7 0.0 132744.6 44515.9 36.4 24477.8 262029.9
2020 3 1 5632.5 1723.8 26951.4 10235.1 707.1 7428.2 0.0 137534.5 42702.1 38.3 23482.2 256435.2
2020 3 2 6482.3 1809.4 29668.5 10684.6 795.4 7719.4 0.0 141529.7 44808.1 35.0 20515.9 264048.2
2020 3 3 5423.0 1999.9 29323.2 11823.9 734.3 8503.9 0.0 140447.3 49047.9 39.3 19132.0 266474.6
2020 3 4 4743.1 1931.9 25022.4 10961.5 718.8 7780.6 0.0 138084.1 45110.2 45.8 22844.8 257243.2
2020 3 5 4743.1 1813.0 24913.0 10172.8 707.2 7248.0 0.0 138084.1 42163.0 39.6 23205.2 253088.9
2020 3 6 5656.7 1902.7 28353.3 10775.3 715.9 7662.4 0.0 140447.3 43772.2 43.1 24823.0 264151.8
2020 3 7 5632.5 1756.1 26916.6 10001.3 713.0 7079.0 0.0 137320.0 40747.0 38.1 25643.3 255846.9
2020 3 8 5632.5 1771.3 26951.4 10081.3 707.1 7137.8 0.0 137534.5 40000.3 39.7 24819.0 254674.8
2020 3 9 6482.3 1861.8 29668.5 10522.5 795.4 7390.8 0.0 141529.7 41614.6 38.4 21235.0 261139.0
2020 3 10 6600.4 2002.7 31537.1 11439.5 813.1 8039.1 0.0 151767.1 44324.7 42.4 19013.9 275580.0
2020 3 11 6666.5 1936.8 31537.1 10655.6 820.7 7401.1 0.0 151767.1 40918.9 48.4 24178.4 275930.6
2020 3 12 6092.1 1851.2 29358.4 10073.9 725.9 6974.5 0.0 140447.3 38608.1 42.8 21220.9 255395.1
2020 3 13 5396.1 1892.5 26130.9 10430.2 707.2 7213.0 0.0 140447.3 39457.2 43.9 24859.6 256578.2
2020 3 14 5075.6 1810.3 23692.8 10084.9 625.7 6902.3 0.0 132863.9 37956.0 42.2 27631.2 246685.0
2020 3 15 5075.6 1777.7 23727.5 9970.6 625.7 6773.8 0.0 134149.9 36459.2 42.8 26097.2 244700.2
2020 3 16 5304.8 1877.7 27334.7 10459.7 709.0 7053.2 0.0 131603.1 38174.7 43.5 24397.4 246958.0
2020 3 17 4677.0 2071.6 25022.4 11614.6 705.3 7870.4 0.0 138084.1 41685.5 48.7 20059.6 251839.3
2020 3 18 4743.1 1927.9 25022.4 10703.1 718.8 7220.5 0.0 138084.1 38771.2 44.7 21867.6 249103.2
2020 3 19 4211.4 2013.9 23504.9 11122.9 664.5 7461.7 0.0 134883.2 39989.3 46.1 19888.1 243786.0
2020 3 20 5396.1 1849.8 26130.9 10257.7 707.2 6871.4 0.0 140447.3 36658.8 42.6 25408.2 253770.1
2020 3 21 5336.2 1878.8 26916.6 10543.2 713.0 7022.9 0.0 137320.0 37111.5 43.9 26720.8 253607.0
2020 3 22 5336.2 1839.7 25949.9 10390.7 640.9 6846.6 0.0 134149.9 35858.2 43.7 25059.9 246115.7
2020 3 23 5304.8 1897.5 27429.5 10657.5 709.0 6964.4 0.0 131603.1 36906.9 44.3 26393.4 247910.4
2020 3 24 5423.0 2011.2 27181.9 11481.8 705.3 7540.9 0.0 140447.3 39115.4 47.4 19945.5 253899.7
2020 3 25 5489.0 1913.6 29228.4 10857.4 742.6 6991.2 0.0 140447.3 37059.3 50.2 21479.4 254258.4
2020 3 26 5489.0 1911.2 29119.0 10844.6 725.9 6874.5 0.0 140447.3 36985.3 48.7 20448.8 252894.3
2020 3 27 4896.0 1786.1 25798.8 10211.4 707.2 6400.7 0.0 140447.3 34150.3 43.5 21826.2 246267.5
2020 3 28 4208.5 1813.0 22432.6 9893.0 625.7 6054.8 0.0 132276.7 33230.4 46.5 25599.7 236180.9
2020 3 29 4082.7 1779.1 22609.1 9736.8 625.7 5867.3 0.0 134947.5 32213.0 45.7 23774.7 235681.5
2020 3 30 2868.4 1798.1 15991.7 9825.4 536.4 5882.4 0.0 129292.3 32633.5 46.4 26591.9 225466.5
2020 3 31 2868.4 1932.6 17432.5 10523.8 556.4 6250.2 0.0 133277.7 34901.7 49.6 19455.4 227248.4
2020 4 1 2997.5 1810.7 17929.0 9869.7 594.1 5557.2 0.0 131794.5 32536.2 51.9 21573.0 224713.9
2020 4 2 3159.8 1881.2 18631.5 10136.6 539.2 5568.5 0.0 130296.3 33406.9 52.9 20639.2 224312.1
2020 4 3 3159.8 1767.7 18522.2 9544.2 571.2 5172.1 0.0 129706.6 30585.5 46.8 19561.0 218637.2
2020 4 4 3054.7 1795.6 17780.1 9157.8 560.5 4794.9 0.0 122668.1 29545.6 49.9 23087.6 212494.7
2020 4 5 3569.9 1766.9 19176.2 9029.2 662.5 4709.1 0.0 132677.4 28949.7 50.4 22855.1 223446.5
2020 4 6 4052.8 1763.8 22485.1 9003.2 635.0 4663.1 0.0 125285.7 29015.1 50.2 25136.7 222090.7
2020 4 7 4605.2 1841.4 23978.8 9321.2 715.1 4741.8 0.0 134929.6 29804.8 52.0 18830.0 228819.9
2020 4 8 3664.2 1819.4 19673.3 9062.3 601.6 4445.4 0.0 135863.2 29015.0 57.3 20662.4 224864.0
2020 4 9 3159.8 1735.7 18631.5 8603.4 552.1 4069.4 0.0 131573.8 27445.8 53.4 20690.9 216515.8
2020 4 10 2933.4 1786.7 16840.9 8969.9 539.3 4195.3 0.0 129931.9 27463.5 51.7 17218.6 209931.3
2020 4 11 3054.7 1784.0 17769.7 8348.4 589.1 3660.3 0.0 125925.6 26053.3 54.6 24503.4 211743.0
2020 4 12 3239.9 1723.6 17934.7 8159.8 649.4 3564.6 0.0 132677.4 24800.9 52.6 22647.7 215450.7
2020 4 13 2953.1 1687.7 17775.7 8006.7 551.3 3471.2 0.0 126934.6 24482.3 52.6 26063.3 211978.7
2020 4 14 2968.0 1838.0 17020.7 8636.4 548.6 3689.2 0.0 133198.7 26509.4 56.8 21377.0 215842.7
2020 4 15 3207.4 1810.7 18849.1 8454.9 566.2 3520.9 0.0 131794.5 25654.8 56.1 23050.0 216964.6
2020 4 16 2668.5 1801.7 17288.2 8464.4 542.2 3515.2 0.0 131573.8 25807.3 56.9 23113.2 214831.4
2020 4 17 3041.0 1761.4 17767.2 8341.9 563.1 3441.9 0.0 133642.2 24421.5 52.9 19020.9 212054.0
2020 4 18 3145.8 1817.1 17934.7 8561.3 614.6 3540.4 0.0 129994.2 25639.4 57.4 27697.7 219002.6
2020 4 19 3358.7 1825.5 18689.8 8761.1 587.4 3613.7 0.0 128608.8 25417.8 56.3 24181.9 215101.0
2020 4 20 2461.8 1714.6 15545.5 8244.0 508.8 3361.6 0.0 128212.1 23936.0 53.7 26320.4 210358.6
2020 4 21 2525.4 1854.8 15545.5 8897.1 482.3 3615.4 0.0 130799.1 26161.7 59.4 24171.0 214111.7
2020 4 22 2903.0 1845.1 16026.5 8826.1 524.5 3569.1 0.0 134066.8 25728.0 57.5 25173.8 218720.4
2020 4 23 2668.5 1745.7 17007.8 8591.3 521.3 3385.4 0.0 132343.3 24531.1 54.5 25114.3 215963.3
2020 4 24 2668.5 1777.6 16840.9 8671.8 513.7 3310.4 46.0 129706.6 23870.1 51.7 18200.7 205657.9
2020 4 25 1680.0 1704.0 11700.6 8260.7 393.4 3177.7 47.0 112396.1 23599.7 54.7 31058.9 194072.8
2020 4 26 2929.0 1809.2 16898.1 8989.7 631.4 3443.3 54.7 130111.6 24593.4 54.1 25786.7 215301.1
2020 4 27 2953.1 1651.3 17775.7 7711.5 516.0 2776.8 91.6 126934.6 21358.5 50.7 27319.6 209139.5
2020 4 28 2525.4 1741.2 15545.5 8153.0 484.2 2925.5 98.4 130573.8 22966.5 55.4 25077.8 210146.7
2020 4 29 2092.0 1779.0 12648.8 8259.4 476.7 2905.3 123.3 132777.4 23146.2 55.4 25295.2 209558.7
2020 4 30 1806.9 1708.9 11925.8 8238.6 449.7 2860.0 105.4 132030.2 22709.8 53.7 27944.7 209833.7
2020 5 1 1840.6 1624.8 11626.8 7714.2 647.2 2544.4 146.3 133273.3 20457.7 47.1 20759.1 200681.6
2020 5 2 1856.0 1509.6 10751.0 7195.3 643.3 2396.2 134.0 124239.2 19475.3 47.7 30182.2 198429.9
2020 5 3 3162.3 1825.2 17662.9 8718.8 663.2 2872.0 172.6 132433.1 23143.6 54.6 27698.0 218406.2
2020 5 4 2178.5 1586.8 11786.4 7163.3 647.2 2168.5 221.9 130578.4 18954.7 47.3 25212.7 200545.9
2020 5 5 1904.0 1620.5 11013.2 7339.6 647.2 2212.5 228.6 131873.6 19720.5 50.1 24144.9 200754.7
2020 5 6 1904.0 1764.6 11013.2 7831.8 647.2 2224.5 293.0 131873.6 20837.0 53.6 22806.8 201249.3
2020 5 7 1904.0 1619.2 11444.2 7576.2 647.2 2145.6 255.2 131873.6 19377.2 48.2 26422.8 203313.4
2020 5 8 1894.0 1573.8 11243.0 7134.3 647.2 1829.8 295.1 131873.6 18058.4 45.2 21671.8 196266.3
2020 5 9 2939.6 1456.1 16294.2 6579.3 663.2 1658.3 290.3 124239.2 16793.0 44.0 27070.3 198027.5
2020 5 10 3015.7 1768.6 17604.5 8090.3 663.2 2039.7 350.9 132433.1 20135.4 51.9 29004.4 215157.6
2020 5 11 1904.0 1545.3 11540.0 6697.7 647.2 1453.7 388.1 130578.4 16454.4 44.6 23860.6 195114.1
2020 5 12 1904.0 1526.9 11537.6 6396.9 647.2 1366.7 379.7 131873.6 16272.7 44.8 21947.7 193897.8
2020 5 13 1904.0 1796.9 11537.6 7479.3 647.2 1549.3 465.5 131873.6 19127.3 53.0 20962.4 197396.1
2020 5 14 1850.6 1599.7 11961.7 6843.6 647.2 1449.1 410.9 133273.3 17101.5 47.6 26892.3 202077.5
2020 5 15 1840.6 1541.6 11523.2 6454.7 651.0 1227.3 438.2 133273.3 15843.8 44.1 21250.6 194088.4
2020 5 16 1856.0 1464.6 11125.6 6152.1 643.3 1164.0 424.3 125638.9 15209.2 43.2 24452.8 188174.0
2020 5 17 1617.6 1794.8 11011.9 7562.3 650.4 1475.3 500.1 142665.6 18616.8 52.8 29602.0 215549.7
2020 5 18 1430.3 1576.8 9340.4 6822.4 649.3 1328.0 445.0 137503.6 16309.9 44.9 21677.9 197128.4
2020 5 19 1545.6 1579.6 10932.9 6579.7 651.0 1284.4 432.9 133273.3 16325.7 45.6 19637.0 192287.6
2020 5 20 1430.3 1828.5 9323.4 7615.5 649.3 1463.2 513.1 138798.7 18971.5 53.1 20953.3 201600.0
2020 5 21 1430.3 1622.7 9531.0 6811.0 650.4 1322.9 454.7 137333.3 16772.8 47.7 25428.0 201404.6
2020 5 22 1420.3 1610.7 9598.6 6755.5 650.4 1288.5 455.9 142235.3 16102.5 44.8 18383.4 198546.0
2020 5 23 1333.8 1586.7 8731.0 6611.0 650.4 1246.8 467.4 130351.0 16363.8 46.3 23961.0 191349.2
2020 5 24 2111.8 1841.4 13291.6 7676.5 651.0 1447.8 563.0 138749.5 18633.5 53.0 28883.8 213902.8
2020 5 25 1545.6 1653.8 10949.9 7038.2 651.0 1320.3 524.9 131978.1 16756.5 46.4 20987.7 193452.3
2020 5 26 1545.6 1676.3 10932.9 6839.4 651.0 1258.9 550.0 133273.3 16899.9 46.8 17202.6 190876.6
2020 5 27 1430.3 1884.0 9426.5 7689.5 649.3 1387.2 727.2 138798.7 19347.1 53.2 21421.9 202814.9
2020 5 28 1430.3 1634.4 9634.0 6949.4 650.4 1255.0 747.7 142235.3 16622.6 45.2 25170.3 206374.6
2020 5 29 1420.3 1627.4 9714.9 6898.6 650.4 1262.4 705.9 142235.3 16015.4 41.7 16804.7 197377.1
2020 5 30 1333.8 1555.8 8847.4 6535.2 650.4 1179.4 693.7 135253.1 15819.6 42.4 25030.5 196941.0
2020 5 31 1617.6 1830.3 11115.0 7678.9 650.4 1378.9 868.3 142665.6 18267.9 49.3 26790.0 212912.3
2020 6 1 884.8 1645.4 7388.6 6943.4 465.2 1198.9 792.2 113613.0 16196.3 42.3 21393.6 170563.7
2020 6 2 907.8 1701.1 7388.6 7093.5 465.2 1195.0 882.1 117408.1 16717.3 43.0 21953.6 175755.3
2020 6 3 970.8 1836.1 7388.6 7574.2 465.2 1264.9 978.6 120383.6 17971.4 46.5 21546.1 180426.0
2020 6 4 1309.4 1671.5 7675.0 7218.2 478.6 1197.0 1036.6 120383.6 16069.4 41.3 24174.2 181254.8
2020 6 5 1034.6 1570.1 7173.0 6749.4 464.8 1129.7 937.3 118678.4 14748.5 36.5 19476.5 171998.9
2020 6 6 1060.6 1598.1 7256.5 6669.3 448.0 1100.5 965.7 102671.1 15351.5 139.2 27078.5 164339.0
2020 6 7 1176.7 1887.2 7256.5 7990.2 448.9 1309.6 1198.0 119132.1 17643.6 156.1 24297.7 182496.6
2020 6 8 886.3 1707.5 7388.6 7011.6 465.2 1150.1 1097.4 113613.0 15628.4 135.8 22564.1 171648.0
2020 6 9 1067.8 1757.6 7514.9 7003.2 472.0 1115.9 1166.1 117408.1 16125.1 740.5 22802.3 177173.5
2020 6 10 1070.3 1857.5 7514.9 7341.5 472.0 1157.6 1266.0 120383.6 16892.4 799.7 22029.8 180785.4
2020 6 11 1078.1 1719.4 7514.9 7168.2 472.0 1124.7 1313.4 120383.6 15431.0 739.8 25106.8 182052.1
2020 6 12 991.5 1606.0 7173.0 6627.9 464.8 1044.3 1198.3 118678.4 14081.9 712.1 21778.7 174356.9
2020 6 13 752.8 1662.6 6598.6 6615.3 434.7 1031.3 1239.5 102671.1 14752.9 864.0 28597.9 165220.7
2020 6 14 868.9 1899.7 6598.6 7791.5 435.5 1210.6 1453.7 119132.1 16418.5 1051.6 22729.4 179590.3
2020 6 15 884.8 1743.9 7388.6 6905.6 465.2 1069.3 1328.0 113613.0 14747.2 915.2 23280.4 172341.1
2020 6 16 1089.9 1763.7 7514.9 6816.7 472.0 1047.9 1348.3 117408.1 15052.4 1518.5 23991.8 178024.2
2020 6 17 971.5 1820.2 7514.9 6939.2 472.0 1068.0 1347.3 120383.6 15239.5 1540.7 24620.5 181917.4
2020 6 18 836.5 1821.2 6849.0 7109.1 439.4 1090.3 1344.1 120383.6 15114.1 1721.5 24153.6 180862.4
2020 6 19 850.4 1711.8 6720.9 6600.8 470.0 1015.7 1244.2 118678.4 13946.8 1583.4 22070.0 174892.5
2020 6 20 752.8 1767.4 6598.6 6594.6 434.7 1007.8 1285.7 102671.1 14643.8 1681.4 28530.4 165968.3
2020 6 21 817.6 1942.8 6174.8 7426.4 440.7 1136.1 1426.1 119132.1 15741.8 1964.4 24945.4 181148.3
2020 6 22 917.1 1869.9 7299.8 6929.6 472.0 1058.3 1355.8 113613.0 14838.8 1832.8 23751.7 173938.9
2020 6 23 781.4 1848.1 6274.5 6715.2 439.4 1015.2 1334.8 117408.1 14689.6 2434.8 19375.4 172316.4
2020 6 24 964.5 2002.9 7299.8 7105.0 472.0 1062.3 1509.3 120383.6 16291.2 2691.7 26663.0 186445.3
2020 6 25 810.3 1873.3 6278.3 6793.8 439.4 1003.2 1467.8 120383.6 15077.9 2934.8 24594.8 181657.1
2020 6 26 963.4 1842.0 7084.2 6695.3 470.0 984.5 1525.5 118678.4 14565.9 2828.8 20334.4 175972.6
2020 6 27 721.4 1819.0 6178.1 6190.5 439.9 888.2 1490.7 102671.1 15777.7 4243.0 27576.6 167996.3
2020 6 28 837.5 1939.0 6178.1 6754.6 440.7 970.0 1621.4 119132.1 16741.9 4947.7 28774.8 188337.7
2020 6 29 820.6 1825.3 7283.7 6387.7 472.0 908.0 1533.7 113613.0 15791.9 4584.7 24316.2 177537.1
2020 6 30 972.3 1809.8 7299.8 6334.4 472.0 886.2 1564.3 117408.1 15655.2 4637.1 18949.5 175988.8
2020 7 1 830.0 1986.7 6431.7 6890.0 442.0 954.1 1871.1 121425.5 17959.1 5588.6 28495.0 192873.7
2020 7 2 846.9 1880.6 6431.7 6715.9 442.0 917.2 1840.0 121425.5 16721.0 6953.0 23060.7 187234.4
2020 7 3 806.5 1871.4 6336.7 6734.1 442.0 917.3 1914.5 119465.7 16342.0 6833.3 18157.0 179820.3
2020 7 4 612.1 1755.6 5495.9 5912.5 448.5 781.7 1789.0 95824.5 16764.3 7213.8 27071.3 163669.2
2020 7 5 748.8 1849.3 5495.9 6349.3 448.5 838.1 1929.4 110356.5 17639.4 8008.3 33851.8 187515.1
2020 7 6 767.0 1815.1 6428.5 6260.3 442.0 817.9 1931.3 113101.4 17334.7 8472.1 25562.7 182932.9
2020 7 7 768.1 1810.5 6074.9 6219.2 457.7 801.2 1966.7 117283.4 17156.4 8224.2 18121.9 178884.2
2020 7 8 830.2 2050.7 6244.2 6740.9 457.7 848.9 2326.9 121425.5 20547.2 9099.4 28212.1 198783.8
2020 7 9 728.4 1883.1 5639.0 6278.4 457.7 774.9 2247.9 118482.6 18794.7 10341.2 24502.8 190130.7
2020 7 10 638.2 1786.8 5397.5 6086.0 427.8 753.5 2181.7 116151.8 17356.9 9514.5 18391.9 178686.6
2020 7 11 521.9 1719.2 5304.3 5477.7 419.4 649.7 2106.2 93398.6 18262.6 9563.4 28181.3 165604.2
2020 7 12 632.1 1852.8 5304.3 6064.0 427.8 719.6 2328.2 109800.6 19563.9 11494.5 33505.3 191693.0
2020 7 13 634.6 1766.6 5394.3 5812.6 440.5 683.7 2258.0 109128.0 18708.1 11631.0 27825.8 184283.4
2020 7 14 612.7 1827.3 5385.1 5987.2 425.3 700.0 2360.2 112949.3 19250.5 11456.5 17753.6 178707.6
2020 7 15 629.3 1908.3 5388.3 6068.4 425.3 709.1 2501.9 116151.8 20826.1 11510.4 26643.1 192762.0
2020 7 16 636.8 1935.2 5388.3 6253.9 427.8 730.9 2587.9 116151.8 21057.9 13673.7 24059.2 192903.4
2020 7 17 664.3 1766.8 5388.3 5798.0 419.4 684.7 2327.2 114448.7 18745.0 12914.3 17815.7 180972.4
2020 7 18 570.4 1670.8 5304.3 5404.0 419.4 634.3 2213.0 91695.5 18193.6 10168.3 29095.8 165369.5
2020 7 19 655.0 1862.3 5313.5 6103.8 470.1 720.8 2496.6 109800.6 19963.1 12729.4 29966.0 190081.1
2020 7 20 585.2 1869.9 5269.7 6141.0 445.6 721.1 2536.6 109128.0 20090.3 13462.7 29628.8 189878.9
2020 7 21 582.9 1842.2 5234.1 6021.6 445.6 704.3 2489.8 112469.1 19789.7 12035.2 17720.4 179334.9
2020 7 22 604.6 1823.0 5368.5 5871.8 445.6 690.3 2490.2 116151.8 19782.6 11867.9 25124.1 190220.3
2020 7 23 615.6 2031.9 5397.5 6554.1 464.5 771.7 2821.4 116151.8 22110.8 14722.2 24845.8 196487.4
2020 7 24 578.5 1708.4 5041.5 5573.9 418.2 658.0 2328.9 114184.9 18094.7 12766.3 18382.1 179735.6
2020 7 25 463.5 1763.3 4957.6 5668.9 418.2 655.6 2428.5 91431.7 19109.9 12330.4 29960.2 169187.8
2020 7 26 533.0 1973.0 4957.6 6446.9 418.2 753.6 2742.3 107833.7 21082.8 15625.0 22363.9 184730.1
2020 7 27 584.9 1942.3 5234.1 6327.3 445.6 739.3 2714.6 109169.5 20888.1 15379.9 30190.0 193615.7
2020 7 28 582.6 1945.7 5234.1 6026.7 445.6 691.4 2648.4 111038.4 20720.0 17399.4 16355.6 183087.9
2020 7 29 555.6 1759.2 4746.6 5506.4 418.2 639.9 2460.5 115321.9 18918.8 16559.3 20884.3 187770.7
2020 7 30 638.6 2026.5 5237.3 6319.0 445.6 730.9 2851.4 115615.7 21984.4 19386.4 24023.5 199259.4
2020 7 31 646.0 1781.8 5272.9 5631.1 451.1 654.9 2479.1 116151.8 18804.4 17742.9 16814.5 186430.5
2020 8 1 444.7 1675.4 3952.0 5288.7 501.3 612.7 2371.7 92908.8 18166.8 15911.2 31373.9 173207.2
2020 8 2 549.0 1865.9 4798.8 5969.3 509.5 700.8 2661.7 108534.1 20067.1 19020.9 19581.7 184258.9
2020 8 3 626.1 1925.4 5290.0 6121.9 555.4 716.7 2748.4 109753.0 20827.0 19622.8 29737.3 197923.9
2020 8 4 531.3 1958.2 4632.3 5886.1 501.3 674.2 2727.0 110972.7 20925.5 22718.8 13255.9 184783.2
2020 8 5 519.7 1787.4 4085.9 5476.1 446.0 627.9 2544.4 115457.6 19350.6 21772.9 17344.3 189412.9
2020 8 6 520.7 1925.9 4068.3 5845.2 446.0 665.3 2735.1 115457.6 20996.2 22731.5 25306.2 200698.1
2020 8 7 633.7 1703.2 5325.5 5232.3 555.4 599.8 2396.9 115813.8 18036.1 20654.3 16885.0 187836.3
2020 8 8 516.3 1592.9 4414.3 4831.9 550.3 540.7 2265.5 94415.1 17171.2 19459.8 31556.7 177314.8
2020 8 9 668.1 1829.5 5564.0 5600.3 550.3 630.0 2623.3 110040.4 19749.3 23197.7 20015.6 190468.6
2020 8 10 590.0 1777.7 5226.3 5419.2 555.4 609.9 2546.1 109753.0 19203.8 22279.1 29747.2 197707.8
2020 8 11 595.7 1874.7 5276.8 5389.3 555.4 595.8 2611.9 112479.1 19895.4 26553.0 14190.1 190017.2
2020 8 12 624.9 1745.1 5587.6 5139.3 555.4 569.8 2490.8 115813.8 18836.2 24532.8 13646.3 189542.0
2020 8 13 663.8 1804.2 5570.0 5196.7 555.4 565.2 2557.2 115813.8 19705.3 24752.3 26220.1 203404.1
2020 8 14 663.2 1744.8 5581.0 5147.4 555.4 572.3 2460.9 115813.8 18511.8 24087.4 16310.3 191448.4
2020 8 15 572.5 1417.3 4842.0 4107.8 550.3 450.7 2009.5 94415.1 15218.1 20124.7 31769.8 175477.9
2020 8 16 668.1 1694.8 5564.0 4923.7 550.3 541.1 2417.8 110040.4 18301.9 24148.8 23039.7 191890.5
2020 8 17 634.3 1666.2 5057.4 4834.2 548.7 532.6 2373.5 109753.0 17929.9 23328.4 28347.9 195005.9
2020 8 18 640.7 1805.9 5107.9 5201.0 548.7 570.1 2568.9 112479.1 19561.3 25587.2 17298.4 191369.2
2020 8 19 664.1 1688.2 5587.6 4904.9 555.4 539.8 2404.0 115813.8 18221.4 23169.5 13740.1 187288.8
2020 8 20 665.9 1677.1 5570.0 4786.9 555.4 518.4 2376.9 115813.8 18301.8 22537.4 27131.6 199935.1
2020 8 21 665.2 1687.5 5581.0 4893.7 555.4 539.1 2367.4 115813.8 17885.4 22828.7 17279.9 190097.2
2020 8 22 510.7 1516.0 4842.0 4324.7 550.3 473.1 2143.4 94415.1 16349.0 20757.9 30638.9 176521.3
2020 8 23 668.1 1723.6 5564.0 4934.6 550.3 541.5 2417.2 110040.4 18571.8 23705.7 25471.1 194188.4
2020 8 24 636.2 1671.8 5290.0 4817.4 555.4 531.0 2327.4 109753.0 17963.3 22306.0 27445.7 193297.1
2020 8 25 651.3 1735.8 5107.9 4951.2 548.7 543.9 2398.4 110728.8 18678.7 23417.8 20703.0 189465.6
2020 8 26 1031.6 1737.6 8756.4 5054.1 594.2 569.9 2274.4 121189.4 18715.4 22084.0 17661.0 199667.7
2020 8 27 1082.2 1750.2 8371.2 5104.3 594.2 572.5 2215.4 121189.4 18918.5 22847.5 25397.6 208043.0
2020 8 28 893.7 1630.0 7248.3 4880.5 586.2 566.7 2060.1 119172.2 16358.8 18918.8 19326.5 191641.8
2020 8 29 778.2 1583.7 6698.0 4736.5 570.7 554.3 2001.9 101786.0 16333.0 17179.1 31859.2 184080.5
2020 8 30 990.6 1690.3 7755.5 5091.0 570.7 599.2 2088.8 119326.2 17110.4 19109.1 28555.8 202887.6
2020 8 31 982.9 1701.7 8468.5 5159.7 594.2 607.9 2069.2 113171.7 17277.9 18759.3 26042.5 194835.4
2020 9 1 798.2 1756.4 6309.0 5386.0 571.2 643.5 2139.2 120323.4 17818.3 19689.9 19323.8 194758.9
2020 9 2 928.7 1857.0 7188.6 5757.8 652.1 705.6 2090.9 123417.4 18882.2 19729.8 22740.3 203950.4
2020 9 3 796.5 1715.6 6093.7 5340.8 539.8 651.5 1858.6 122149.0 17296.9 19648.7 24754.8 200846.0
2020 9 4 701.0 1585.1 5399.9 5086.6 522.7 640.7 1704.6 121316.9 14709.7 15694.9 20428.1 187790.4
2020 9 5 610.3 1683.2 5054.1 5282.2 473.6 664.4 1821.0 99946.2 16393.1 15103.8 31111.4 178143.4
2020 9 6 930.7 1782.8 6805.4 5654.4 644.9 717.6 1827.7 122437.4 16681.1 17002.1 31870.1 206354.2
2020 9 7 1120.1 1712.5 7375.3 5408.3 832.0 684.9 1716.7 121518.2 16181.1 16044.9 27661.6 200255.6
2020 9 8 1027.7 1684.3 7398.7 5286.1 840.0 673.0 1641.5 123417.4 15434.0 15490.8 20845.5 193738.8
2020 9 9 928.7 1881.2 7188.6 5819.9 652.1 753.0 1675.0 124042.5 17637.2 15772.1 27527.4 203877.6
2020 9 10 973.0 1738.4 7138.9 5433.6 652.1 701.5 1482.8 125868.1 16000.5 16603.4 24940.9 201533.3
2020 9 11 962.3 1615.6 6439.5 5275.1 604.0 705.9 1330.6 124155.7 13381.0 12681.1 21019.8 188170.7
2020 9 12 779.6 1650.4 6049.3 5260.4 578.1 703.9 1359.1 99898.2 14373.8 11345.8 29184.1 171182.8
2020 9 13 930.7 1828.6 6805.4 5825.7 644.9 779.8 1454.0 122088.9 15455.9 13839.6 33934.8 203588.3
2020 9 14 1073.3 1739.3 7330.8 5473.4 675.5 732.4 1330.2 121518.2 14720.8 13129.0 26586.1 194309.0
2020 9 15 974.6 1727.1 7354.2 5410.0 683.5 729.9 1277.6 124042.5 14137.7 13123.2 20174.0 189634.2
2020 9 16 1017.1 1927.3 7256.4 5821.1 842.3 785.6 1388.4 123417.4 16253.3 12717.3 27856.6 199282.8
2020 9 17 1061.3 1692.4 7183.4 5181.9 840.0 699.4 1227.3 125243.0 13864.3 12874.5 24469.8 194337.3
2020 9 18 962.3 1728.2 6439.5 5447.2 604.0 735.7 1274.1 124155.7 13850.3 13380.2 18886.9 187464.1
2020 9 19 867.9 1676.5 6093.8 5084.5 766.0 685.6 1207.1 99898.2 13939.3 11222.6 26088.4 167529.7
2020 9 20 1033.0 1832.0 6849.9 5622.9 618.4 760.8 1310.1 121812.3 14828.9 13879.3 31978.2 200525.7
2020 9 21 1120.1 1732.8 7398.6 5224.7 620.0 710.5 1206.7 120900.5 14045.6 13067.9 25501.3 191528.6
2020 9 22 1027.7 1696.9 7422.0 5060.0 627.9 693.3 1151.9 123417.4 13570.3 12767.8 20902.4 188337.5
2020 9 23 1017.1 1856.2 7256.4 5314.0 627.9 754.1 1207.7 122799.8 15242.1 12044.2 25950.4 194069.8
2020 9 24 1061.3 1731.4 7183.4 5110.9 627.9 814.4 1063.4 125243.0 14104.0 12085.4 23742.5 192767.7
2020 9 25 962.3 1752.3 6439.5 5473.0 818.4 878.9 1068.9 124155.7 13778.7 13171.1 17215.5 185714.4
2020 9 26 779.6 1655.0 6049.3 5121.5 578.1 836.9 981.0 99898.2 13461.6 10514.0 25559.2 165434.4
2020 9 27 1033.0 1727.1 6849.9 6087.9 618.4 1263.5 900.2 121812.3 14109.2 10138.3 29278.7 193818.4
2020 9 28 1120.1 1735.1 7398.6 5947.3 620.0 1249.2 856.9 121518.2 14003.4 10012.6 24084.9 188546.2
2020 9 29 1043.0 1779.9 7705.7 6415.8 627.9 1477.4 766.0 122799.8 14629.2 9520.4 21177.2 187942.2
2020 9 30 1757.6 1782.9 10158.3 5932.4 718.1 1245.3 874.9 122799.8 14698.9 9311.8 23765.6 193045.6
2020 10 1 2023.6 1695.5 12096.3 6101.9 636.2 1426.5 729.2 129046.1 14279.9 10419.2 21323.6 199778.1
2020 10 2 927.7 1672.1 6286.1 6287.1 568.9 1470.7 689.5 126033.4 13741.1 11161.6 16764.2 185602.3
2020 10 3 849.8 1629.1 6234.0 6172.3 561.7 1479.0 632.6 102418.0 13897.5 8757.7 25053.6 167685.4
2020 10 4 1047.4 1644.5 7053.9 6933.6 572.5 1872.2 513.6 125989.8 14006.0 7715.4 25065.4 192414.4
2020 10 5 2051.3 1749.6 12644.4 7241.1 636.2 2025.9 444.0 121981.6 14657.7 7282.4 23743.0 194457.2
2020 10 6 2027.4 1770.1 12507.7 7512.1 636.2 2191.1 360.7 124807.9 14908.1 6606.3 19094.5 192422.3
2020 10 7 2087.0 1710.1 12914.9 6923.7 636.2 1937.8 441.3 126135.7 14560.6 6380.5 21847.3 195575.1
2020 10 8 2023.6 1731.8 12096.3 7225.4 636.2 2163.4 324.9 129046.1 14783.4 6206.3 19698.1 195935.6
2020 10 9 2275.3 1695.5 11399.2 7244.8 652.5 2154.2 283.7 125351.4 14111.4 7056.0 16051.7 188275.7
2020 10 10 2332.1 1704.5 12340.6 7333.8 645.3 2192.2 265.7 101736.0 14715.0 5730.3 23940.9 172936.4
2020 10 11 3013.4 1773.3 18028.1 8185.4 703.3 2638.2 381.3 136339.7 15268.8 3880.9 22173.1 212385.6
2020 10 12 3960.1 1881.1 16850.9 8356.8 686.0 2722.8 240.3 126728.7 15988.1 3651.8 20771.3 201838.1
2020 10 13 3076.8 1883.6 17581.0 8467.6 686.0 2814.0 78.5 131326.8 16052.7 3454.7 17251.9 202673.5
2020 10 14 2777.4 1891.1 15506.9 8172.3 693.7 2648.0 292.7 128127.5 16459.9 3597.5 21320.0 201486.9
2020 10 15 2675.1 1780.1 14784.2 7892.5 693.7 2613.6 117.7 132517.4 15148.9 3401.9 18629.2 200254.3
2020 10 16 2703.4 1816.7 14711.8 8018.6 684.2 2642.2 114.1 126837.9 15134.7 3595.8 15138.0 191397.3
2020 10 17 2517.5 1818.7 14849.7 7935.1 677.0 2628.0 103.8 108307.0 16041.4 3064.8 23046.3 180989.2
2020 10 18 2954.5 1963.1 17249.7 8396.1 703.3 2779.6 110.5 136339.7 16711.1 3650.1 21863.8 212721.4
2020 10 19 2528.3 1953.3 14884.5 8246.4 686.0 2761.0 0.0 122659.0 16874.8 3182.1 19735.8 193511.0
2020 10 20 2614.0 1860.0 15601.1 7685.6 686.0 2567.7 78.5 125485.3 15901.1 3517.8 13997.9 189995.1
2020 10 21 2656.4 2072.5 15506.9 8445.3 693.7 2818.7 75.1 129607.0 18413.8 3358.6 22513.4 206161.4
2020 10 22 2758.7 1868.1 14784.2 7670.2 693.7 2587.0 0.0 132517.4 16044.5 3177.9 20275.0 202376.7
2020 10 23 2776.8 1843.2 15688.1 7545.7 684.2 2527.4 0.0 126837.9 15430.9 3210.6 16142.6 192687.3
2020 10 24 3595.3 1835.5 18330.1 7350.8 677.0 2517.0 0.0 114174.2 16473.2 2612.6 24132.0 191697.8
2020 10 25 3572.0 2101.4 20965.6 8413.1 703.3 2997.0 0.0 146233.9 18178.1 3835.2 24277.6 231277.2
2020 10 26 3159.7 1901.6 16783.2 7517.0 686.0 2689.7 0.0 126728.7 17139.9 3101.0 19910.3 199617.1
2020 10 27 3076.8 1783.8 17581.0 7036.5 686.0 2592.9 0.0 131326.8 16079.5 2937.7 14777.0 197877.9
2020 10 28 3258.4 2170.1 18750.4 8686.6 693.7 3483.9 0.0 133231.0 22424.4 4618.9 25069.1 222386.5
2020 10 29 3977.0 1753.3 21217.2 7452.2 748.3 2961.0 0.0 139996.4 18236.5 4308.7 21828.3 222478.9
2020 10 30 4514.5 1716.3 22139.8 7307.3 742.6 2859.3 0.0 153833.1 17424.3 4203.9 18783.5 233524.6
2020 10 31 3901.9 1721.5 19381.3 7209.2 735.4 2923.5 0.0 136065.8 19292.8 3348.1 26786.9 221366.4
2020 11 1 4908.5 1882.4 24840.0 8296.3 701.5 3489.1 0.0 150498.6 20669.0 4986.9 28949.6 249221.9
2020 11 2 4238.8 1700.7 21806.4 7721.1 647.2 3323.7 0.0 128214.3 19919.4 4710.7 23554.6 215836.9
2020 11 3 4212.3 1674.2 22052.9 7785.9 672.2 3470.4 0.0 128321.1 20379.1 4460.2 15296.0 208324.3
2020 11 4 4212.3 1944.3 22545.3 9089.7 711.8 4262.4 0.0 131376.3 25144.9 6659.5 24919.5 230866.0
2020 11 5 4121.2 1724.7 21663.9 8667.7 708.0 4096.1 0.0 141012.4 23320.3 7240.8 21271.0 233826.0
2020 11 6 3799.1 1529.3 18992.2 7740.2 656.4 3636.8 0.0 137276.4 20347.1 6424.2 20815.6 221217.5
2020 11 7 3205.1 1587.4 18232.4 7795.1 541.6 3745.8 0.0 114833.7 22691.4 5544.4 27980.7 206157.9
2020 11 8 4060.0 1760.5 20838.7 8778.0 690.8 4378.5 0.0 148957.2 24242.6 7995.8 27538.3 249240.5
2020 11 9 4750.2 1707.6 25005.9 8891.0 656.0 4547.3 0.0 146654.6 24805.8 8943.2 22109.5 248071.0
2020 11 10 4212.3 1688.9 22052.9 8793.4 662.9 4572.0 0.0 128321.1 25554.3 7420.0 13247.2 216525.0
2020 11 11 5014.8 1819.0 27348.6 9479.9 720.6 5122.1 0.0 161630.5 28527.9 9517.7 23444.1 272625.2
2020 11 12 4425.9 1739.0 23355.9 9555.4 714.9 5183.9 0.0 141163.5 28647.0 10735.7 20081.6 245602.6
2020 11 13 3969.3 1522.1 19851.6 8463.8 654.0 4632.8 0.0 132269.7 24498.3 9859.0 19001.1 224721.7
2020 11 14 3714.0 1655.5 17794.8 8737.8 596.8 4853.2 0.0 118898.9 28361.3 8878.8 28888.2 222379.5
2020 11 15 5032.7 1712.5 26073.7 9248.5 718.5 5284.1 0.0 164180.8 28475.9 11816.7 24839.0 277382.3
2020 11 16 5542.4 1700.4 22553.0 9414.2 650.1 5364.6 0.0 134701.4 28909.2 12146.3 23374.0 244355.5
2020 11 17 4289.1 1741.6 23524.7 9508.4 672.2 5431.4 0.0 133478.8 30713.8 10395.6 13649.2 233404.8
2020 11 18 5984.2 1792.5 25445.7 9616.3 714.8 5570.9 0.0 159645.6 31140.4 11736.8 23195.9 274843.1
2020 11 19 4935.3 1889.0 26227.0 10104.1 717.3 5894.5 0.0 155486.9 31989.2 14083.0 18369.9 269696.3
2020 11 20 4658.3 1670.4 22718.0 9030.2 669.2 5327.5 0.0 155909.8 27913.6 12792.1 18447.4 259136.5
2020 11 21 4562.5 1800.4 21622.5 9218.6 609.6 5477.5 0.0 124641.7 31383.1 11755.0 27771.5 238842.4
2020 11 22 6846.1 1870.4 30962.5 9755.7 773.3 5907.3 0.0 164411.3 31521.8 14898.2 22575.0 289521.4
2020 11 23 6907.3 1893.8 27055.4 9893.0 650.1 5976.1 0.0 156324.6 32703.5 14101.5 22867.7 278373.0
2020 11 24 6998.1 1813.7 28293.9 9498.5 675.1 5848.3 0.0 163133.4 32283.4 11890.5 13479.5 273914.4
2020 11 25 6606.9 1949.6 29615.1 9702.6 714.8 6061.7 0.0 161827.9 35734.0 13189.0 24129.9 289531.5
2020 11 26 6825.4 1909.7 31503.3 9653.2 778.5 6224.2 0.0 168933.4 33803.8 15092.3 16937.7 291661.4
2020 11 27 6503.3 1829.5 28685.5 9923.7 730.4 6716.9 0.0 156924.4 35246.4 10710.3 18539.6 275810.0
2020 11 28 5854.8 1772.9 23069.7 9626.9 681.3 6467.0 0.0 136645.5 35970.6 9993.3 27025.6 257107.7
2020 11 29 6223.4 1842.9 27194.5 10082.2 773.3 6886.9 0.0 162502.4 36670.9 12324.0 25649.5 290150.1
2020 11 30 6907.3 1793.4 27055.4 9760.5 650.1 6671.5 0.0 156324.6 36283.0 10626.0 22640.8 278712.6
2020 12 1 11288.5 1783.9 50400.0 10520.5 990.6 7567.1 0.0 149482.7 39364.5 9288.7 15714.1 296400.6
2020 12 2 10518.1 1897.1 46427.0 10586.1 1039.3 7570.7 0.0 149482.7 42468.9 10465.6 25806.2 306261.8
2020 12 3 9942.5 1748.2 41960.5 9977.1 1039.3 7316.2 0.0 149482.7 37573.3 11879.9 16669.6 287589.5
2020 12 4 10514.8 1830.4 47578.5 11183.0 1039.3 8437.2 0.0 149482.7 43371.6 7616.5 21409.6 302463.6
2020 12 5 8833.6 1679.5 36291.9 10525.3 949.8 7891.3 0.0 140098.0 41975.3 7161.9 26179.6 281586.3
2020 12 6 9359.0 1754.3 40255.1 10948.1 983.5 8271.8 0.0 143860.4 43392.8 8467.6 27994.2 295286.9
2020 12 7 9415.3 1780.4 42927.2 11017.1 968.4 8357.6 0.0 139828.9 44457.0 7656.8 21479.0 287887.6
2020 12 8 10963.1 1807.3 50518.3 11805.5 1197.7 9217.0 0.0 154699.2 47777.9 6121.6 16820.6 310928.2
2020 12 9 10740.8 1816.0 47460.6 11389.3 1056.4 8868.0 0.0 151656.8 49115.5 6460.5 23311.3 311875.3
2020 12 10 9363.0 1732.9 43571.7 11000.2 1103.3 8746.5 0.0 145447.9 46295.8 7091.0 16568.6 290920.9
2020 12 11 11212.7 1795.1 50025.6 11985.1 1040.6 9675.0 0.0 151656.8 50926.1 3285.7 22428.3 314031.0
2020 12 12 10122.2 1593.9 43017.4 11103.2 948.5 8972.4 0.0 140098.0 48027.6 3207.8 27249.2 294340.2
2020 12 13 9658.4 1661.7 43262.5 11494.5 979.7 9323.0 0.0 143860.4 49529.9 3682.5 27619.4 301071.9
2020 12 14 9420.0 1681.5 45684.7 11579.0 1197.7 9443.6 0.0 148042.5 50469.8 3627.2 21262.3 302408.3
2020 12 15 11000.6 1824.9 51576.6 12837.3 1197.7 10569.2 0.0 154699.2 56026.8 2784.6 18689.3 321206.1
2020 12 16 10758.7 1698.8 46507.5 11932.5 1168.1 9804.5 0.0 154699.2 53101.7 2487.0 22477.3 314635.3
2020 12 17 11212.7 1665.7 51293.1 11667.9 1062.3 9625.8 0.0 151656.8 51857.9 2788.1 18312.6 311142.9
2020 12 18 9339.5 1680.0 40808.6 11729.7 1069.7 9658.9 0.0 145447.9 52304.9 2492.8 24664.0 299196.0
2020 12 19 9538.0 1590.3 40546.3 11022.4 940.8 9082.8 0.0 140098.0 49871.2 2452.6 27294.6 292437.0
2020 12 20 9606.2 1647.9 42764.9 11400.0 996.9 9440.4 0.0 143860.4 51211.6 2675.9 25967.4 299571.6
2020 12 21 8630.8 1706.0 34543.6 11727.8 931.3 9681.8 0.0 139828.9 53280.8 2424.6 23586.5 286342.1
2020 12 22 10660.2 1721.2 46880.6 11880.4 990.6 9890.4 0.0 149482.7 53847.5 2182.2 20668.7 308204.6
2020 12 23 11118.4 1732.1 47940.9 11880.5 1050.4 9902.4 0.0 149482.7 54680.8 2025.8 20123.1 309937.1
2020 12 24 9351.9 1733.8 40913.4 11866.8 1086.0 9913.0 0.0 145447.9 54899.9 2237.6 18161.6 295612.0
2020 12 25 9363.0 1686.5 42914.2 11527.5 1069.8 9593.1 0.0 145447.9 53060.0 1998.1 24566.4 301226.6
2020 12 26 8676.4 1576.7 36178.4 10769.1 952.3 8944.8 0.0 140098.0 49672.1 1934.4 25218.7 284020.9
2020 12 27 11156.8 1588.3 49860.5 10899.4 1110.1 9084.0 0.0 150271.3 49718.3 2010.3 25797.4 311496.4
2020 12 28 10146.3 1633.9 42988.4 11680.2 1094.2 9517.5 0.0 148042.5 49692.7 1241.8 22964.2 299001.7
2020 12 29 11613.2 1578.1 51028.5 11383.2 1081.6 9316.5 0.0 154320.4 48599.1 1408.2 21603.8 311932.6
2020 12 30 10843.3 1740.5 48930.0 12567.5 1197.7 10255.0 0.0 154699.2 53677.0 1288.4 21314.3 316512.9
2020 12 31 11212.7 1652.3 52501.6 11825.3 1088.9 9684.6 0.0 155840.1 51014.4 1408.5 19741.6 315969.9
2021 1 1 9297.6 2004.9 40469.3 13000.2 1068.0 9986.2 0.0 156373.7 49120.7 13.9 25680.7 307015.2
2021 1 2 8649.7 1862.3 35126.4 12174.2 986.5 9330.1 0.0 145689.5 45877.6 15.6 29364.1 289076.2
2021 1 3 8169.8 2152.0 36473.4 13954.3 1007.6 10690.9 0.0 154339.9 52373.2 15.3 25020.1 304196.6
2021 1 4 7624.2 1926.3 34030.3 12477.7 943.7 9571.6 0.0 139069.0 46630.3 14.6 23444.2 275732.1
2021 1 5 8649.0 2019.4 38867.9 13212.2 1076.3 10123.2 0.0 158664.9 49349.0 15.5 24998.5 306975.7
2021 1 6 8835.5 2087.9 38301.5 13571.6 1086.9 10436.5 0.0 159908.3 51408.6 15.4 33651.0 319303.3
2021 1 7 8486.8 2094.6 37748.0 13362.9 1076.3 10271.8 0.0 155220.7 50395.2 14.3 28951.2 307621.8
2021 1 8 8786.8 2071.3 37968.6 13197.0 1078.6 10156.8 0.0 159400.4 50023.5 14.7 26650.5 309348.2
2021 1 9 8608.6 1967.6 37381.4 12574.2 997.0 9665.9 0.0 146531.5 47736.5 15.7 29139.0 294617.4
2021 1 10 9083.7 2188.5 41546.6 13909.0 1104.3 10681.2 0.0 161791.6 52319.4 15.4 24200.8 316840.6
2021 1 11 9244.4 1984.0 36960.8 12694.0 1062.1 9755.1 0.0 151598.3 47439.4 15.1 22128.6 292881.8
2021 1 12 10603.4 2128.5 46176.8 13622.9 1119.4 10498.1 0.0 175865.9 51429.9 16.0 26005.0 337465.8
2021 1 13 10603.4 2102.1 45653.7 13423.6 1119.4 10362.7 0.0 170527.2 51034.8 15.5 33154.1 337996.6
2021 1 14 10077.1 2134.5 43648.4 13436.1 1119.4 10367.1 0.0 167162.4 50725.9 14.8 28197.4 326883.3
2021 1 15 9591.8 2108.7 42472.1 13218.6 1068.0 10245.8 0.0 163695.5 50588.7 15.2 27222.7 320227.0
2021 1 16 8608.6 2020.1 37381.4 12687.8 997.0 9824.1 0.0 146308.9 48531.8 16.2 28920.6 295296.6
2021 1 17 8169.8 2203.4 37434.7 13798.8 997.0 10663.6 0.0 153248.3 52222.8 15.9 24076.1 302830.4
2021 1 18 7835.9 2084.4 36385.1 13055.2 943.7 10107.8 0.0 144792.9 49126.8 16.8 20920.5 285269.2
2021 1 19 10077.1 2275.0 43201.7 14024.1 1119.4 10935.5 0.0 167029.2 54012.5 18.4 29049.0 331742.0
2021 1 20 10603.4 2187.6 45509.9 13449.6 1119.4 10486.3 0.0 170527.2 51674.1 17.5 31705.7 337280.7
2021 1 21 9866.6 2244.2 42983.5 13733.2 1119.4 10702.0 0.0 166027.7 52526.6 17.3 27594.7 326815.2
2021 1 22 9630.1 2213.8 42471.7 13520.1 1111.2 10581.3 0.0 165390.7 52626.4 18.2 28191.5 325755.0
2021 1 23 10847.7 2149.8 45750.2 13150.8 1076.9 10276.5 0.0 166979.3 50898.9 18.8 28462.4 329611.3
2021 1 24 11066.6 2274.9 47037.2 13878.8 1076.9 10821.4 0.0 172398.3 53433.2 18.5 23656.1 335661.9
2021 1 25 10274.6 2145.4 40712.9 13086.5 1062.1 10221.4 0.0 151837.0 50276.6 20.2 20475.6 300112.2
2021 1 26 10905.1 2340.0 46876.0 14152.0 1119.4 11125.9 0.0 175865.9 55667.8 22.6 32218.6 350293.3
2021 1 27 10603.4 2259.0 45653.7 13661.5 1119.4 10693.6 0.0 170527.2 53426.6 21.3 29987.4 337953.1
2021 1 28 9591.8 2266.1 43154.7 13674.5 1146.8 10683.4 0.0 167605.6 54056.7 20.7 28766.4 330966.8
2021 1 29 9591.8 2227.6 42472.1 13388.0 1068.0 10496.0 0.0 163695.5 53898.1 21.6 29271.4 326130.0
2021 1 30 9246.2 2219.3 38870.2 13383.5 1076.9 10465.8 0.0 156802.3 53296.8 22.7 29531.2 314915.0
2021 1 31 9748.9 2315.7 42431.8 13865.7 1076.9 10806.0 0.0 163847.0 55716.1 27.5 24118.5 323954.1
2021 2 1 9566.0 2156.9 39441.7 13013.1 1050.2 10334.5 0.0 150369.2 51683.4 31.0 21459.7 299105.7
2021 2 2 11149.4 2365.4 46197.5 14156.9 1082.0 11271.9 0.0 163627.2 57477.2 33.2 33652.6 341013.3
2021 2 3 11412.1 2297.9 45839.3 13867.6 1106.7 11002.2 0.0 163627.2 55332.3 27.0 28845.8 333358.0
2021 2 4 10323.8 2272.6 43657.0 13654.4 1108.9 10812.4 0.0 161061.9 55712.7 28.5 29882.8 328515.2
2021 2 5 10337.4 2216.5 43481.3 13184.9 1103.5 10435.6 0.0 160533.6 54266.1 29.0 29386.7 324974.8
2021 2 6 9534.9 2245.2 42157.5 13425.4 1096.0 10586.9 0.0 156753.3 54463.5 30.0 30826.1 321118.9
2021 2 7 10464.4 2339.0 44011.1 13875.1 1113.0 10909.0 0.0 157469.7 57161.7 38.7 24997.4 322379.2
2021 2 8 8064.8 2147.1 37359.0 12721.4 1115.6 9979.5 0.0 150369.2 52031.0 41.5 21910.1 295739.3
2021 2 9 10030.7 2335.1 43855.2 13769.4 1076.1 10798.1 0.0 158506.5 57181.3 42.0 32929.2 330523.6
2021 2 10 9878.3 2266.0 43657.0 13508.9 1127.9 10539.9 0.0 160765.0 55004.1 36.1 28978.3 325761.6
2021 2 11 9753.8 2201.5 42180.6 13096.0 1073.6 10165.7 0.0 154604.5 54414.6 57.3 30061.1 317608.5
2021 2 12 8765.8 2065.9 39653.6 12160.0 1069.5 9432.0 0.0 152824.1 50843.0 55.3 29435.9 306305.2
2021 2 13 8828.0 2170.8 36265.4 12845.2 939.0 9932.7 0.0 145108.9 53112.4 59.5 30963.8 300225.9
2021 2 14 8608.6 2276.3 37116.3 13386.1 989.2 10301.1 0.0 150787.8 55728.6 72.2 25520.5 304786.7
2021 2 15 8398.2 2070.5 36994.3 12194.0 950.9 9324.1 0.0 143241.5 50150.9 76.2 21327.2 284727.8
2021 2 16 9070.6 2278.7 40011.9 13403.6 1111.4 10222.6 0.0 157725.7 55637.5 74.3 30703.5 320239.8
2021 2 17 8443.1 2216.1 39653.6 13183.4 1080.8 10020.8 0.0 154604.5 53797.9 65.8 28692.8 311758.9
2021 2 18 9753.8 2167.7 42180.6 12897.4 1080.8 9747.7 0.0 154604.5 52684.1 69.1 27461.1 312646.7
2021 2 19 9628.2 1995.0 40298.0 11753.8 1012.8 8875.1 0.0 153976.0 48303.1 64.6 27480.7 303387.3
2021 2 20 8298.8 2081.7 35621.1 12310.1 964.0 9267.5 0.0 147634.3 50124.0 70.0 28492.9 294864.4
2021 2 21 9182.0 2234.0 39710.0 13233.6 989.2 9912.1 0.0 151333.4 53304.3 75.5 24399.3 304373.4
2021 2 22 8105.0 2023.3 34888.1 11933.0 979.7 8869.7 0.0 143043.2 47235.7 70.7 23830.6 280979.0
2021 2 23 8866.6 2161.7 40011.9 12805.2 1111.4 9504.4 0.0 157364.9 50854.4 65.6 28894.1 311640.0
2021 2 24 9664.2 2182.6 42180.6 13039.5 1073.6 9614.0 0.0 154604.5 51267.4 66.2 28051.9 311744.4
2021 2 25 9086.7 2120.1 39653.6 12369.7 1108.9 8981.6 0.0 155393.0 48286.1 53.6 26219.7 303273.0
2021 2 26 9221.2 1893.0 39653.6 11127.0 1085.5 8100.5 0.0 155200.1 43789.8 44.8 25839.5 295955.0
2021 2 27 7948.3 2054.6 34399.5 12115.9 954.4 8786.8 0.0 143467.3 47066.0 50.4 24770.5 281613.8
2021 2 28 8903.3 2158.9 37760.7 12716.1 963.7 9179.1 0.0 146396.6 48863.8 51.3 24197.7 291191.3
2021 3 1 7180.8 1959.5 32322.3 11407.5 845.0 7903.9 0.0 153077.8 42867.6 45.6 29233.4 286843.6
2021 3 2 7180.8 2150.2 34730.4 12539.8 873.5 8678.9 0.0 164315.3 46958.4 44.3 26156.6 303628.3
2021 3 3 6239.1 2152.7 32433.6 12474.5 852.8 8602.9 0.0 153582.1 46606.1 42.0 27094.0 290079.7
2021 3 4 5232.3 2112.8 27644.4 11849.4 816.0 8053.3 0.0 152465.4 44062.4 52.7 25639.8 277928.5
2021 3 5 5232.3 1998.7 27980.8 11246.0 784.6 7654.3 0.0 151400.9 42112.2 44.2 23103.4 271557.4
2021 3 6 5807.1 2124.4 26001.2 12100.1 749.0 8215.0 0.0 138851.4 44307.3 49.9 21820.1 260025.5
2021 3 7 6748.9 2157.4 28983.0 12165.2 794.5 8212.2 0.0 148653.8 44145.4 53.0 26723.7 278637.1
2021 3 8 7180.8 2003.7 32322.3 11174.1 845.0 7518.1 0.0 153077.8 39873.5 48.2 26959.7 281003.2
2021 3 9 7180.8 2213.0 34730.4 12369.9 873.5 8280.6 0.0 164315.3 43568.6 50.0 26337.5 299919.6
2021 3 10 7180.8 2131.2 34665.8 11937.2 885.4 7961.3 0.0 164966.5 41659.0 46.8 29665.5 301099.5
2021 3 11 7180.8 2058.4 33740.0 11137.3 912.4 7300.7 0.0 164197.1 38702.7 55.8 28903.2 294188.5
2021 3 12 6634.5 2048.0 31156.9 11135.8 801.1 7277.5 0.0 150220.2 38515.0 51.2 24775.4 272615.6
2021 3 13 5807.1 2127.7 23447.8 11743.7 661.9 7683.9 0.0 139037.9 39987.4 53.9 22208.1 252759.4
2021 3 14 5807.1 2173.5 24003.1 11974.9 665.4 7780.4 0.0 142869.9 40386.3 57.5 26210.2 261928.3
2021 3 15 5668.8 2095.0 24823.2 11504.7 730.2 7427.7 0.0 137113.3 37926.0 56.0 24339.0 251683.8
2021 3 16 6239.1 2225.7 31990.1 12206.3 843.3 7846.3 0.0 150942.7 39966.5 57.7 27555.9 279873.6
2021 3 17 5232.3 2201.3 28466.1 12007.4 825.1 7681.5 0.0 153234.8 39035.0 56.5 29819.2 278559.3
2021 3 18 5232.3 2125.4 27644.4 11585.7 816.0 7353.9 0.0 152465.4 37504.0 54.8 28085.2 272867.2
2021 3 19 4315.6 2174.8 23434.7 11843.9 705.3 7476.0 0.0 147316.4 38286.3 55.7 26918.7 262527.5
2021 3 20 5807.1 2150.9 23966.8 11861.0 704.4 7503.8 0.0 138851.4 37818.4 55.9 22684.1 251403.9
2021 3 21 6557.0 2180.3 28983.0 12088.2 774.8 7612.5 0.0 148653.8 38161.0 58.8 25057.3 270126.7
2021 3 22 6649.9 2160.9 30150.0 11998.2 782.9 7481.9 0.0 137525.3 37250.4 58.9 23378.0 257436.3
2021 3 23 6239.1 2210.3 32751.5 12248.4 843.3 7575.9 0.0 150942.7 37929.0 58.7 26589.2 277388.3
2021 3 24 6239.1 2130.6 29361.0 11824.5 825.7 7262.9 0.0 153436.8 36366.8 57.1 29377.3 276881.7
2021 3 25 6239.1 2105.2 29585.9 11654.2 834.7 6977.9 0.0 152812.7 35602.2 63.7 26867.9 272743.6
2021 3 26 6223.7 2128.5 29030.1 11727.1 816.0 6981.9 0.0 150220.2 35969.6 64.2 28760.6 271921.8
2021 3 27 5236.8 2050.8 21819.9 11381.5 661.9 6734.4 0.0 140248.8 34184.6 59.9 22874.9 245253.5
2021 3 28 5038.2 2105.5 25547.2 11457.1 697.5 6695.8 0.0 140890.2 34357.9 66.0 25256.3 252111.6
2021 3 29 4069.5 2064.8 17928.4 11268.5 643.5 6509.8 0.0 137618.4 33524.1 65.3 24214.2 237906.4
2021 3 30 3459.7 2099.1 18679.2 11444.6 625.6 6549.1 0.0 141404.8 33869.0 65.1 23988.6 242184.7
2021 3 31 3459.7 2056.9 17951.9 10914.7 628.5 6118.1 0.0 141704.1 32639.1 64.9 26852.7 242390.6
2021 4 1 3552.7 2075.0 19450.7 11067.3 622.3 5840.5 0.0 139644.9 32677.0 72.8 24684.0 239687.2
2021 4 2 3552.7 2088.5 19441.3 10988.0 627.5 5725.2 0.0 141110.2 32637.6 74.2 27430.9 243676.1
2021 4 3 3527.4 2049.7 19083.3 10785.9 667.6 5535.2 0.0 131308.2 31084.4 69.4 20677.9 224789.1
2021 4 4 3564.5 2039.0 20339.6 10439.3 670.6 5268.7 0.0 139262.4 30259.6 74.4 24190.1 236108.2
2021 4 5 4188.5 2021.7 19722.0 10359.1 652.6 5163.9 0.0 135528.6 29907.4 75.3 23621.4 231240.5
2021 4 6 4302.4 2041.2 23742.4 10498.6 683.8 5181.1 0.0 145273.6 30109.4 74.2 20364.2 242271.0
2021 4 7 5214.5 2002.7 28804.0 9953.6 825.0 4723.7 0.0 150474.8 28627.9 74.8 26064.1 256765.1
2021 4 8 4088.3 1997.9 21852.5 9814.0 616.8 4480.2 0.0 150274.8 28159.5 82.5 24451.3 245817.8
2021 4 9 3457.5 1970.3 19061.0 9622.6 645.1 4357.3 0.0 142235.7 27672.6 81.1 27983.2 237086.6
2021 4 10 3499.0 2021.7 17537.7 9855.3 636.1 4334.7 0.0 129392.6 27307.1 79.3 21079.5 215743.0
2021 4 11 3564.5 2049.8 20221.6 9679.3 670.6 4170.1 0.0 138862.7 27250.0 85.1 24379.2 230933.0
2021 4 12 3501.4 1963.2 16884.6 9373.9 609.8 3993.5 0.0 135528.6 25854.3 81.7 25479.3 223270.4
2021 4 13 3469.1 1955.8 19471.4 9399.8 631.7 3969.8 0.0 142624.6 25750.3 81.4 20909.2 228263.2
2021 4 14 3610.1 2063.9 18572.7 9685.8 634.1 3987.5 0.0 144201.9 26881.3 87.2 28024.7 237749.4
2021 4 15 3552.7 1983.8 19450.7 9264.5 622.3 3709.9 0.0 139644.9 25412.3 84.7 25872.5 229598.3
2021 4 16 3456.0 1989.7 18127.8 9299.6 645.1 3705.2 0.0 148917.7 25682.7 86.1 28128.2 240038.3
2021 4 17 3557.8 2031.0 18184.2 9554.0 660.1 3782.3 0.0 135076.0 25493.5 83.5 24175.7 222598.1
2021 4 18 4100.1 2074.9 22525.2 9689.6 688.0 3821.0 0.0 140404.5 26364.2 89.4 27241.3 236998.2
2021 4 19 3463.4 2019.1 17935.4 9595.3 632.3 3761.4 0.0 136865.2 25475.6 86.0 27669.8 227503.5
2021 4 20 3310.5 1972.2 18042.1 9429.5 637.2 3633.8 24.9 148394.4 24631.3 82.9 20930.8 231089.5
2021 4 21 3470.3 2118.1 17506.3 10070.7 576.5 3883.3 25.4 152255.6 26919.8 92.1 31260.7 248178.8
2021 4 22 2744.7 2018.3 13844.4 9610.8 574.1 3671.4 29.6 143262.6 25357.5 87.0 27904.2 229104.7
2021 4 23 3456.0 1928.3 18127.8 9191.3 645.1 3438.2 49.5 148917.7 24215.7 81.7 30181.2 240232.7
2021 4 24 3467.8 1955.7 17534.7 9164.0 645.6 3360.2 51.5 127514.7 23603.2 78.5 27591.1 214967.0
2021 4 25 2506.8 2043.9 13299.6 9558.8 531.0 3498.3 58.7 144399.1 25188.9 86.5 29490.6 230662.4
2021 4 26 3184.1 1954.9 15214.3 9341.8 581.9 3387.6 58.0 139490.6 23902.9 80.6 32045.5 229242.2
2021 4 27 3469.1 1940.1 19471.4 9133.1 632.3 3134.4 103.2 141675.0 22730.1 77.6 22329.2 224695.5
2021 4 28 3470.3 1990.0 17506.3 9336.0 576.5 3224.6 103.4 152255.6 24005.5 84.1 33558.1 246110.4
2021 4 29 2437.9 2011.0 12199.7 9402.3 574.1 3191.3 127.8 143197.3 23991.8 83.3 29197.2 226413.7
2021 4 30 2235.5 1911.1 11987.4 8960.2 560.6 2962.2 131.1 146096.1 22785.5 78.7 29589.6 227298.0
2021 5 1 2158.4 1817.9 12141.3 8267.2 629.9 2628.7 181.2 125910.4 20582.4 70.7 28442.0 202830.0
2021 5 2 2329.4 1892.7 13445.8 8678.9 650.9 2763.1 187.4 148042.8 21724.6 76.8 29126.7 228919.0
2021 5 3 3500.0 1974.2 17040.6 9079.5 726.1 2854.5 201.5 138770.7 22602.4 78.6 32185.3 229013.5
2021 5 4 2831.8 1878.4 13881.3 8554.4 679.1 2517.0 246.7 142771.8 20513.2 71.2 23941.8 217886.7
2021 5 5 2184.0 1860.7 12183.0 8486.4 658.0 2495.5 247.4 142068.5 20877.1 74.8 31529.4 222664.6
2021 5 6 2425.2 1986.8 12431.4 8925.5 660.1 2539.2 296.6 141806.3 21933.5 78.2 30263.6 223346.3
2021 5 7 2439.2 1801.8 12431.4 8205.0 659.8 2246.0 289.7 139689.8 19604.9 68.7 28674.9 216111.4
2021 5 8 2180.9 1740.7 11815.4 7461.2 601.4 1839.3 334.3 125210.2 18011.8 64.5 26728.5 195988.3
2021 5 9 3643.0 1874.7 18737.5 8070.6 823.1 1961.9 370.4 141766.5 19372.9 70.4 25269.0 221960.0
2021 5 10 3435.4 1941.6 16597.8 8404.0 722.7 2047.7 380.2 138017.8 20052.0 72.7 32240.8 223912.7
2021 5 11 2188.7 1831.1 12065.7 7897.0 643.4 1748.1 421.3 135539.6 18090.2 65.6 24134.5 204625.1
2021 5 12 2184.0 1753.5 12183.0 7591.6 658.0 1646.3 420.4 145466.1 17493.9 64.8 28989.0 218450.4
2021 5 13 2184.0 2010.0 12183.0 8632.8 660.1 1840.5 496.3 145411.4 20133.0 74.8 30321.1 223946.9
2021 5 14 2145.2 1796.3 12340.5 7874.5 688.2 1658.3 453.3 152735.1 17822.2 67.4 26517.9 224098.8
2021 5 15 2158.4 1706.0 12141.3 7198.3 682.6 1355.6 468.5 125408.8 16252.8 62.0 23918.1 191352.4
2021 5 16 2362.5 1862.4 13603.3 7821.8 679.4 1459.0 515.8 151223.9 17709.6 68.3 23444.8 220750.7
2021 5 17 1688.3 1961.1 9699.5 8239.5 667.7 1588.3 525.3 139257.5 18791.6 73.0 31476.6 213968.3
2021 5 18 1716.3 1809.3 10161.0 7758.2 668.6 1464.2 497.0 141943.6 17043.3 64.1 21878.9 205004.5
2021 5 19 1759.1 1780.4 12087.3 7670.8 710.6 1445.8 498.4 150661.7 16944.2 64.7 26813.0 220436.0
2021 5 20 1706.7 2018.2 10390.3 8657.7 706.6 1616.8 578.9 151040.9 19304.8 73.9 31255.6 227350.5
2021 5 21 1680.5 1805.3 10264.4 7859.0 706.4 1477.8 519.1 151470.3 17169.8 66.5 24990.6 218009.7
2021 5 22 1551.1 1739.1 9900.6 7497.5 676.8 1371.5 507.6 162382.3 16066.4 61.2 21497.7 223251.7
2021 5 23 1884.6 1970.9 11485.2 8349.5 726.0 1507.3 604.4 154025.3 18567.3 71.2 22481.5 221673.2
2021 5 24 2099.7 1942.3 11665.4 8315.5 673.8 1497.5 644.9 132866.6 18155.0 70.8 31343.7 209275.0
2021 5 25 1763.7 1833.1 11970.1 7993.1 674.7 1435.4 622.1 134151.7 16921.9 63.4 18879.1 196308.2
2021 5 26 1759.1 1811.3 12087.3 7860.1 710.6 1400.7 635.2 150661.7 16837.8 60.8 26967.1 220791.9
2021 5 27 1706.7 2060.5 10264.4 8938.0 708.9 1562.0 852.5 153492.5 19388.2 69.7 29267.3 228310.7
2021 5 28 1551.1 1820.6 10099.8 7776.0 708.7 1372.9 744.0 167566.1 16886.0 62.8 24056.1 232643.9
2021 5 29 1551.1 1783.3 9900.6 7632.4 676.8 1345.5 728.4 162382.3 16110.6 57.4 22133.8 224302.2
2021 5 30 1755.2 1930.5 11320.7 8130.0 726.0 1410.6 825.7 168520.3 17853.6 65.0 23412.8 235950.3
2021 5 31 1688.3 1927.2 9699.5 8219.7 670.0 1416.2 921.8 141425.9 17622.3 64.8 29757.5 213413.2
2021 6 1 1071.1 1826.3 7756.8 7830.6 602.1 1311.9 888.7 122083.4 16299.8 50.0 19245.7 178966.5
2021 6 2 1147.6 1858.7 7756.8 7836.7 602.1 1294.0 959.2 125526.7 16709.6 68.2 28777.3 192536.9
2021 6 3 1283.6 2032.8 7966.5 8513.2 602.1 1390.7 1104.3 131657.0 18082.6 74.5 27521.5 200228.8
2021 6 4 1524.0 1846.1 8721.2 7478.6 610.7 1232.3 990.0 124311.6 16016.7 67.9 25253.8 188052.8
2021 6 5 1086.8 1815.6 7353.4 7338.0 599.1 1205.6 975.4 109836.2 15400.1 181.4 26285.6 172077.1
2021 6 6 1499.5 1991.9 8458.9 7883.2 607.7 1271.9 1104.1 126142.0 17145.3 315.9 23793.5 190214.0
2021 6 7 1362.1 2001.1 8511.5 8003.3 610.7 1280.2 1202.1 121268.6 16799.1 317.0 29224.2 190580.0
2021 6 8 1135.9 1867.6 7756.8 7514.2 602.1 1193.5 1172.8 122083.4 15571.5 290.4 22369.1 181557.4
2021 6 9 1307.5 1923.6 8401.1 7606.4 683.7 1188.3 1260.2 125526.7 16153.0 337.6 30564.8 194953.1
2021 6 10 1322.6 2056.8 8515.5 8130.4 683.7 1255.8 1405.4 131657.0 16998.0 367.2 24900.4 197292.8
2021 6 11 1278.6 1901.7 7864.6 7270.8 683.7 1130.0 1282.0 124311.6 15325.2 368.2 26149.8 187566.4
2021 6 12 936.1 1858.5 7353.4 7029.3 599.1 1090.4 1239.2 109836.2 14704.5 573.2 27423.1 172642.9
2021 6 13 1010.7 2030.8 7353.4 7509.2 599.1 1150.0 1369.0 126142.0 16140.0 830.4 25889.0 190023.6
2021 6 14 1071.1 2049.5 7756.8 7659.8 602.1 1169.1 1415.2 121268.6 15845.9 879.2 28444.5 188161.9
2021 6 15 1071.1 1953.6 7756.8 7305.8 602.1 1108.2 1386.4 122083.4 15011.0 850.7 23689.5 182818.6
2021 6 16 1330.5 1988.4 8401.1 7345.7 683.7 1104.2 1447.3 125526.7 15486.4 882.1 31311.0 195507.3
2021 6 17 1213.5 2089.6 8114.3 7673.9 677.2 1155.1 1479.8 131743.2 15854.2 922.2 25701.0 196623.9
2021 6 18 945.5 1965.9 7147.8 7189.3 626.7 1081.0 1378.8 124397.8 14709.8 948.8 27450.1 187841.3
2021 6 19 802.6 1927.9 6663.1 6960.9 574.3 1045.6 1334.8 109836.2 14161.7 1125.7 25655.6 170088.3
2021 6 20 1010.7 2133.7 7353.4 7503.4 599.1 1118.0 1482.7 126142.0 15871.4 1540.4 28935.2 193690.0
2021 6 21 916.9 2130.3 7395.8 7546.0 626.7 1122.0 1485.4 117745.8 15456.4 1666.8 28720.1 184812.1
2021 6 22 1068.1 2082.6 8117.3 7372.1 626.7 1091.2 1490.1 120158.5 15043.4 1636.7 22761.9 181448.4
2021 6 23 955.3 2058.2 6769.4 7172.2 559.6 1051.1 1496.6 125612.9 15171.3 1919.3 30340.9 193106.7
2021 6 24 1185.9 2247.8 8114.3 7707.0 626.7 1116.9 1707.2 131743.2 16855.0 2293.1 28165.7 201762.8
2021 6 25 930.0 2042.0 6509.9 7105.2 559.6 1028.7 1541.4 124397.8 15170.0 2407.4 27546.3 189238.2
2021 6 26 921.3 1985.7 6967.7 6937.3 574.3 996.9 1532.8 109836.2 14523.0 2371.6 22081.9 168728.6
2021 6 27 980.5 2175.2 7010.9 7255.9 574.3 1024.3 1694.7 126142.0 16903.1 2705.1 31150.7 197616.7
2021 6 28 1086.1 2129.4 8117.3 7259.9 677.2 1021.3 1705.6 117745.8 16443.6 3001.3 28351.2 187538.7
2021 6 29 1068.1 2089.1 8117.3 7153.7 626.7 999.9 1718.7 120158.5 16069.3 3173.3 20168.5 181343.0
2021 6 30 1207.6 2037.3 8117.3 6800.6 626.7 931.7 1717.2 125612.9 16136.9 3498.4 29558.0 196244.6
2021 7 1 1001.3 2274.4 6725.7 7614.7 582.9 1020.8 2138.7 127163.2 18732.8 5151.3 32841.7 205247.6
2021 7 2 986.6 2000.7 6725.7 6849.0 582.9 919.8 1870.3 126059.3 16232.9 5535.9 28578.3 196341.4
2021 7 3 835.8 1973.1 6655.9 6857.8 582.9 914.9 1890.9 109872.5 15749.9 5354.9 21137.2 171825.8
2021 7 4 812.9 2150.9 6114.9 7111.9 582.9 924.1 2103.6 118886.4 18387.3 5722.0 31951.7 194748.6
2021 7 5 774.2 2126.2 5996.8 7164.8 582.9 925.8 2145.4 117212.2 18111.9 6418.2 29305.0 190763.4
2021 7 6 929.7 2058.4 6725.7 6976.5 582.9 894.9 2127.0 122337.1 17401.5 6610.1 19396.7 186040.6
2021 7 7 952.3 2021.7 6546.8 6695.4 582.9 838.7 2144.2 126228.8 17558.3 6561.4 29639.5 199769.9
2021 7 8 960.0 2278.2 6546.8 7242.3 582.9 885.7 2525.8 127163.2 20812.5 7515.1 34984.5 211497.2
2021 7 9 845.8 2029.0 6184.8 6560.1 582.9 800.0 2270.1 123775.2 18427.3 8339.3 29351.0 199165.5
2021 7 10 665.5 1948.6 5926.9 6439.3 582.9 783.1 2215.9 103130.2 17349.8 8060.9 19892.5 166995.6
2021 7 11 746.7 2136.4 5926.9 6749.0 582.9 798.1 2473.7 115076.8 20248.3 8261.8 30099.4 193099.9
2021 7 12 724.3 2114.1 5996.8 6814.0 582.9 806.0 2508.5 118202.2 19972.3 9196.3 29768.5 196685.9
2021 7 13 752.3 2001.1 5996.8 6507.4 582.9 765.3 2412.0 118202.2 18779.7 9528.0 20177.5 185705.2
2021 7 14 774.2 2022.7 5996.8 6499.1 582.9 751.4 2476.5 123028.2 19333.1 8643.3 29846.5 199954.5
2021 7 15 782.0 2142.4 5996.8 6737.8 582.9 770.9 2656.8 123028.2 21100.1 9123.2 33892.2 206813.2
2021 7 16 767.3 2049.5 5996.8 6529.5 582.9 743.8 2588.9 123028.2 20189.8 10334.3 30899.3 203710.3
2021 7 17 642.8 1924.8 5926.9 6237.0 582.9 716.4 2396.0 102140.2 18468.2 9963.3 19610.3 168608.9
2021 7 18 760.7 2043.2 5926.9 6501.5 582.9 741.7 2583.6 114086.8 20109.6 9732.5 29199.7 192269.1
2021 7 19 752.3 2107.6 5996.8 6763.3 582.9 775.8 2688.7 118202.2 20566.2 11106.8 29665.9 199208.6
2021 7 20 700.7 2016.3 5824.3 6496.8 582.9 742.9 2582.0 118202.2 19553.3 11321.1 20879.9 188902.3
2021 7 21 742.9 2042.9 5824.3 6564.3 582.9 744.6 2632.4 123028.2 20002.4 9961.3 30170.4 202296.5
2021 7 22 743.6 2064.7 5996.8 6596.6 582.9 746.4 2684.3 123028.2 20335.7 10513.0 28415.0 201707.1
2021 7 23 737.6 2155.7 5996.8 6905.9 582.9 775.9 2846.3 123028.2 21421.5 12168.0 31611.3 208230.2
2021 7 24 511.3 1933.5 5754.4 6218.9 571.4 701.2 2511.9 103130.2 18628.0 12020.6 19199.1 171180.4
2021 7 25 598.8 2019.6 5754.4 6422.3 571.4 713.7 2679.2 115076.8 19899.1 12203.9 26300.2 192239.4
2021 7 26 635.3 2081.5 5824.3 6677.6 571.4 747.7 2784.8 118202.2 20432.5 13633.0 28399.1 199989.4
2021 7 27 700.7 2023.3 5824.3 6517.8 582.9 729.4 2710.2 118202.2 19773.9 13812.2 20722.6 191599.6
2021 7 28 721.6 2077.1 5824.3 6533.9 582.9 720.2 2768.5 123028.2 20394.9 15728.8 30633.5 209013.9
2021 7 29 598.4 1927.4 4823.7 6120.3 508.2 678.4 2592.1 123028.2 18805.7 14911.0 23361.5 197354.9
2021 7 30 748.7 2146.5 5824.3 6743.4 582.9 739.3 2904.9 123028.2 21209.1 17653.7 32134.7 213715.6
2021 7 31 576.7 1936.1 5754.4 6069.3 582.9 668.6 2586.1 103130.2 18528.3 17395.4 16898.8 174126.8
2021 8 1 623.4 1946.3 5910.0 6096.1 675.3 671.6 2672.9 111777.3 19103.1 18585.9 22857.3 190919.3
2021 8 2 660.4 2015.5 6018.0 6366.1 675.3 705.5 2787.3 116149.0 19799.9 19668.0 28091.2 202936.1
2021 8 3 776.2 1991.7 6145.7 6297.6 736.4 697.7 2748.6 119378.0 19495.3 19364.6 19838.8 197470.7
2021 8 4 653.1 2013.4 5588.5 6207.0 675.3 674.9 2770.2 128592.7 19750.8 21688.0 31458.8 220072.7
2021 8 5 610.4 1842.5 5180.0 5740.1 609.0 626.3 2562.3 121367.8 18104.2 19997.0 21550.3 198189.8
2021 8 6 610.4 2073.1 5180.0 6375.7 609.0 687.7 2882.9 125175.6 20593.3 23522.6 32397.0 220107.2
2021 8 7 616.8 1860.0 5948.4 5720.3 701.4 622.3 2571.9 95308.2 17897.8 22285.8 15740.4 169273.5
2021 8 8 673.4 1877.9 5948.4 5701.7 701.4 606.8 2634.3 111173.8 18376.2 24484.1 19092.0 191270.0
2021 8 9 776.2 2007.6 6145.7 6120.9 736.4 649.2 2843.5 116224.5 19820.0 26354.1 28143.9 209821.9
2021 8 10 728.8 1917.9 6145.7 5866.1 716.7 625.8 2707.3 120921.7 18756.9 24786.3 19723.0 202896.3
2021 8 11 751.9 1864.0 6056.4 5546.7 697.2 582.1 2617.4 129898.3 18244.0 26443.7 33482.6 226184.1
2021 8 12 751.9 1761.8 6145.7 5294.6 716.7 556.6 2503.4 123283.6 17356.1 23736.9 22683.7 204790.9
2021 8 13 799.3 1990.2 6145.7 5873.4 725.7 611.1 2816.1 126991.3 19797.2 27605.4 31220.1 224575.4
2021 8 14 721.4 1841.6 6134.9 5507.0 725.7 585.6 2608.4 97588.8 17894.0 25633.1 17013.8 176254.2
2021 8 15 778.0 1762.9 6134.9 5202.8 725.7 550.0 2497.1 113612.9 17190.1 26448.2 17970.5 192873.0
2021 8 16 776.2 1945.6 6145.7 5723.3 725.7 601.0 2777.1 116224.5 19204.6 28716.2 29638.8 212478.8
2021 8 17 747.3 1884.3 6145.7 5571.1 656.4 589.9 2681.3 116331.7 18371.7 27139.4 19230.6 199349.5
2021 8 18 770.3 1862.3 6145.7 5434.4 656.4 569.0 2660.9 118685.3 18418.5 26961.8 32533.5 214698.0
2021 8 19 799.3 1761.3 6145.7 5199.3 713.5 547.2 2533.2 123801.1 17441.6 24150.6 25181.9 208274.6
2021 8 20 799.3 1905.4 6145.7 5566.3 713.5 580.8 2723.6 123207.2 19008.0 26647.8 30579.2 217876.8
2021 8 21 721.4 1803.3 6134.9 5348.3 713.5 569.5 2589.5 96900.0 17698.3 24796.7 20655.0 177930.2
2021 8 22 673.4 1819.8 6134.9 5315.0 716.7 566.1 2570.4 112718.3 17933.3 25893.8 18625.9 192967.7
2021 8 23 776.2 1938.5 6145.7 5670.0 713.5 602.9 2715.5 116224.5 19190.1 27386.5 29497.2 210860.6
2021 8 24 776.2 1896.9 6145.7 5620.5 713.5 605.7 2633.2 118005.8 18408.3 25548.4 20036.5 200390.6
2021 8 25 770.3 1885.9 6145.7 5519.1 656.4 592.8 2608.3 118685.3 18488.3 25300.6 32972.2 213624.9
2021 8 26 1209.7 1919.7 8150.5 5717.8 754.0 632.3 2540.7 135502.9 18794.6 24101.6 26255.3 225579.1
2021 8 27 1182.5 1929.3 8030.7 5716.4 749.4 625.4 2527.4 128098.4 18947.2 24765.7 28156.8 220729.2
2021 8 28 881.9 1801.6 6886.5 5445.2 691.2 610.6 2364.2 105931.0 17120.1 20592.9 21962.0 184287.2
2021 8 29 1044.7 1953.4 7165.5 5874.3 691.2 667.7 2459.2 128757.6 18673.0 21396.8 22513.7 211197.2
2021 8 30 1298.0 1926.8 8287.2 5819.3 820.5 663.2 2374.4 119996.7 18295.8 21694.8 29519.4 210696.2
2021 8 31 1110.9 1913.3 8121.1 5871.3 754.0 677.0 2319.2 121541.7 17769.4 19956.0 20953.2 200987.0
2021 9 1 869.4 1955.9 6725.5 6008.4 753.3 704.6 2376.6 131797.8 18364.4 20072.7 32199.5 221828.1
2021 9 2 1068.9 2052.3 7989.1 6376.7 820.7 770.5 2312.4 131850.2 19157.9 19871.7 30001.9 222272.3
2021 9 3 794.5 1887.6 5739.7 5829.0 693.4 697.1 2099.9 131850.2 17532.1 19544.7 29409.4 216077.6
2021 9 4 730.9 1768.6 4713.6 5567.9 608.0 677.6 1951.6 113115.7 15763.7 15654.3 23096.6 183648.4
2021 9 5 908.0 2081.5 5940.7 6402.7 689.7 783.0 2205.3 128851.0 18919.3 17399.3 26535.6 210716.2
2021 9 6 1327.6 1980.6 8627.5 6110.3 827.0 751.8 1994.2 132026.9 17617.2 17029.5 29852.8 218145.5
2021 9 7 1297.9 1932.3 8292.1 6032.3 1037.6 749.3 1885.3 131557.9 16764.9 15568.4 22089.1 207207.1
2021 9 8 1176.4 1898.1 8147.2 5838.0 1037.6 729.9 1808.1 131797.8 16286.7 13948.8 32652.2 215320.9
2021 9 9 1101.3 2173.1 7989.1 6615.5 827.3 841.4 1898.8 131850.2 18727.1 15283.0 33206.9 220513.8
2021 9 10 986.9 1916.6 7147.4 5826.6 769.9 737.8 1633.8 131850.2 16314.3 14648.2 29764.8 211596.6
2021 9 11 1052.0 1807.0 6121.3 5652.9 689.2 729.3 1493.9 113115.7 14528.4 10912.5 24024.8 180127.1
2021 9 12 1098.5 2058.4 7348.4 6264.9 765.0 810.6 1648.4 128851.0 16955.3 11346.4 31064.9 208211.6
2021 9 13 1285.0 2021.5 8627.5 6113.4 820.3 791.2 1560.0 132026.9 16382.1 11764.4 30307.2 211699.6
2021 9 14 1327.6 1949.7 8292.1 5910.3 827.8 768.7 1441.6 132026.9 15477.8 10940.4 21197.1 200160.1
2021 9 15 1087.2 1879.1 8147.2 5593.2 827.8 733.0 1337.9 131797.8 14758.5 9220.1 30333.9 205715.8
2021 9 16 1172.8 2169.8 7989.1 6293.4 1039.5 824.6 1499.8 131850.2 17219.3 9852.2 34596.3 214507.0
2021 9 17 1123.7 1894.3 7147.4 5518.0 1051.6 723.0 1300.0 131850.2 14706.9 10123.2 29646.9 205085.2
2021 9 18 1052.0 1881.3 6121.3 5609.4 689.2 736.8 1294.1 113115.7 14219.2 9801.8 23395.2 177916.0
2021 9 19 1259.7 2057.3 7348.4 5913.8 1045.9 780.6 1379.3 128851.0 15915.4 9760.7 29914.6 204226.5
2021 9 20 1267.2 1981.9 8593.0 5720.1 792.6 774.2 1297.1 130929.7 15117.2 9866.4 30685.9 207025.1
2021 9 21 1249.7 1937.3 8221.3 5601.3 782.2 764.5 1238.3 126607.5 14616.4 10197.5 20081.3 191297.3
2021 9 22 1184.2 1875.4 8147.2 5314.7 835.9 733.4 1156.9 133123.0 14142.3 8899.9 28998.6 204411.3
2021 9 23 1151.5 2109.9 7918.3 5953.3 792.1 873.5 1245.3 130108.0 16144.0 8681.3 32392.9 207370.0
2021 9 24 1139.2 1966.3 7112.8 5711.1 743.1 937.9 1077.8 133175.4 14946.2 8802.8 26397.4 202010.1
2021 9 25 1115.6 1903.6 6121.3 5876.8 964.2 984.0 1046.4 113115.7 14142.9 8495.7 23820.5 177586.7
2021 9 26 1098.5 2014.5 7348.4 5945.0 765.0 976.8 1097.9 128851.0 15262.1 8373.0 27705.5 199437.6
2021 9 27 1262.9 1970.5 8627.5 6392.2 1022.6 1238.3 959.4 130929.7 14972.8 8296.6 28694.3 204366.8
2021 9 28 1249.7 1947.5 8221.3 6453.4 786.4 1282.6 907.0 126607.5 14759.4 8545.9 19070.1 189830.8
2021 9 29 1306.1 1988.9 8589.7 6980.1 838.7 1546.2 788.0 128596.6 15457.9 7105.0 27821.3 201018.5
2021 9 30 2004.9 2028.7 12023.6 6857.0 940.1 1448.0 882.6 126517.8 15762.1 6627.2 29555.3 204647.3
