year month house_pred houseCooking_pred houseJHeating_pred salesOne_pred salesTwo_pred bizHeating_pred bizCooling_pred industry_pred heatFacility_pred heatCombined_pred CNG_pred pred_sum
2019 10 75696.5 49339.7 481921.1 215686.6 20482.1 71937.5 3596.1 3647658.7 493133.6 78462.9 597878.8 5735793.6
2019 11 126173.2 47125.2 666071.5 257932.9 19612.2 152571.9 0.0 3997303.2 850979.0 228231.6 605857.8 6951858.5
2019 12 248643.7 47749.1 1231576.3 314027.8 31442.4 262250.5 0.0 4160734.3 1455381.1 92671.8 668228.3 8512705.1
2020 1 236883.4 57314.9 1143126.6 365632.4 29297.6 293192.1 0.0 4579550.2 1573038.8 537.7 746877.7 9025451.7
2020 2 225868.4 54503.4 1059975.4 322432.9 26981.1 251545.8 0.0 4172792.4 1464498.4 1415.3 701132.0 8281145.2
2020 3 160968.6 58143.1 810857.8 327036.7 21705.5 220426.6 0.0 4281712.0 1213134.5 1355.6 717618.3 7812958.7
2020 4 89207.9 53350.2 522139.4 261275.5 16684.6 115264.7 566.3 3899028.6 789155.9 1613.5 703372.5 6451659.2
2020 5 56501.1 51127.5 352046.5 221430.4 20154.2 50200.6 13544.6 4158551.6 554787.0 1480.3 736273.4 6216097.3
2020 6 28052.4 53520.4 211768.2 208095.9 13763.8 32441.0 38251.7 3480101.6 467943.9 47608.9 711457.6 5293005.5
2020 7 20104.3 57466.5 170098.1 189244.8 13602.2 23048.7 72169.4 3463116.0 592562.9 364667.3 756566.3 5722646.5
2020 8 20883.5 53588.1 174784.2 159249.6 16971.6 17932.9 74255.1 3437928.6 573138.8 678104.4 716879.5 5923716.4
2020 9 29398.8 52263.6 207616.1 164545.4 19721.6 24078.4 41194.1 3596011.0 453482.4 411606.4 748560.3 5748478.2
2020 10 83713.1 56391.4 466749.0 234966.2 20824.8 76685.5 6277.6 3957767.2 498380.0 151026.4 641005.4 6193786.7
2020 11 153521.1 52918.3 727981.3 273831.9 20513.3 154424.6 0.0 4364500.7 857851.2 300927.4 660589.1 7567058.9
2020 12 315580.6 53019.2 1397557.9 353711.6 32622.6 283622.2 0.0 4580603.2 1521262.7 131854.3 691663.5 9361497.8
2021 1 292979.4 66258.8 1271152.4 414338.8 33144.2 321033.7 0.0 4968721.7 1587844.5 541.3 844753.7 9800768.6
2021 2 261287.8 60994.2 1127890.4 361746.9 29518.4 276907.4 0.0 4304997.4 1465777.1 1479.5 769211.4 8659810.5
2021 3 182500.8 65677.3 866275.5 364271.1 24118.3 232912.6 0.0 4616413.2 1214141.8 1714.4 807449.7 8375474.6
2021 4 104976.2 60282.5 555142.2 292124.0 18976.4 122896.6 763.0 4254090.7 799939.1 2436.1 786504.9 6998131.7
2021 5 66211.2 57922.0 376218.2 252045.7 21234.8 55513.1 15216.1 4501688.6 576439.4 2118.5 831938.8 6756546.5
2021 6 33730.8 60097.5 232200.4 223892.6 18529.4 34159.7 40967.0 3680534.1 476058.2 35664.0 797429.7 5633263.4
2021 7 23482.8 63827.8 186937.6 206717.5 17961.6 24485.2 76499.3 3670935.6 596515.8 312480.8 838963.5 6018807.5
2021 8 24869.1 58913.8 196905.1 177327.4 21866.3 19154.2 81301.7 3658055.4 575942.0 745653.2 769574.4 6329562.6
2021 9 34749.6 59089.6 229379.3 180281.8 25083.6 25900.1 44817.7 3848595.5 480933.6 356633.3 838512.8 6123977.0
