year month house_pred house_true house_mape houseCooking_pred houseCooking_true houseCooking_mape houseJHeating_pred houseJHeating_true houseJHeating_mape salesOne_pred salesOne_true salesOne_mape salesTwo_pred salesTwo_true salesTwo_mape bizHeating_pred bizHeating_true bizHeating_mape bizCooling_pred bizCooling_true bizCooling_mape industry_pred industry_true industry_mape heatFacility_pred heatFacility_true heatFacility_mape heatCombined_pred heatCombined_true heatCombined_mape CNG_pred CNG_true CNG_mape pred_sum true_sum sum_mape
2018 10 48495.1 63091.0 23.1 44722.3 39720.0 12.6 382849.8 380302.0 0.7 250638.9 178003.0 40.8 14816.1 15431.0 4.0 75385.1 66349.0 13.6 5318.1 0.0 -1.0 3302035.2 3716197.0 11.1 385984.2 659868.0 41.5 80811.4 1616.0 4900.7 571757.0 538942.0 6.1 5162813.4 5659519.0 8.78
2018 11 91832.9 107212.0 14.3 43432.3 38189.0 13.7 587411.2 569040.0 3.2 296437.6 174636.0 69.7 14980.1 16059.0 6.7 172618.2 104435.0 65.3 0.0 0.0 -1.0 3746829.4 3850975.0 2.7 554681.6 1178069.0 52.9 307084.6 1040.0 29427.4 561768.3 546473.0 2.8 6377076.3 6586128.0 3.17
2018 12 166989.7 218707.0 23.6 46851.4 35607.0 31.6 993847.8 1072246.0 7.3 322162.0 236824.0 36.0 23195.5 25656.0 9.6 272977.5 205142.0 33.1 0.0 0.0 -1.0 4383265.6 4092284.0 7.1 1059136.1 1677154.0 36.8 112339.6 4237.0 2551.4 705535.1 574297.0 22.9 8086300.3 8142154.0 0.69
2019 1 200753.2 219758.0 8.6 47902.9 37444.0 27.9 1102652.2 1199917.0 8.1 310717.8 253619.0 22.5 29009.4 19356.0 49.9 257919.7 243799.0 5.8 0.0 0.0 -1.0 4381397.2 4314448.0 1.6 1451435.4 1770366.0 18.0 346.6 102.0 239.8 639210.6 544487.0 17.4 8421345.0 8603296.0 2.11
2019 2 180381.4 189619.0 4.9 44744.5 32890.0 36.0 943210.5 1057353.0 10.8 269895.8 219773.0 22.8 24799.9 17135.0 44.7 217935.5 200004.0 9.0 0.0 0.0 -1.0 3761906.4 3440559.0 9.3 1308114.2 1646150.0 20.5 901.8 0.0 -1.0 575768.4 488293.0 17.9 7327658.5 7291776.0 0.49
2019 3 132491.0 120261.0 10.2 49000.5 35979.0 36.2 751169.6 687033.0 9.3 290953.7 207540.0 40.2 20428.7 12906.0 58.3 201703.0 146748.0 37.4 0.0 0.0 -1.0 4004274.1 3845098.0 4.1 1097098.7 1255293.0 12.6 899.3 661.0 36.1 630070.3 544870.0 15.6 7178089.0 6856389.0 4.69
2019 4 73274.0 62467.0 17.3 45302.1 32913.0 37.6 478156.7 405406.0 17.9 231675.6 162012.0 43.0 16403.0 9419.0 74.1 103168.9 73110.0 41.1 419.1 0.0 -1.0 3677619.4 3866781.0 4.9 693637.1 849207.0 18.3 1085.4 1182.0 8.2 618009.1 537469.0 15.0 5938750.4 5999966.0 1.02
2019 5 47017.6 35485.0 32.5 43652.1 32299.0 35.1 350945.1 268742.0 30.6 197020.4 151352.0 30.2 14382.3 8559.0 68.0 44619.5 31300.0 42.6 12426.2 16851.0 26.3 3841863.3 3972190.0 3.3 505838.7 623908.0 18.9 979.4 866.0 13.1 627696.6 540220.0 16.2 5686441.1 5681772.0 0.08
2019 6 29228.8 18440.0 58.5 45629.4 34295.0 33.0 264309.7 155090.0 70.4 184192.2 119564.0 54.1 15519.5 5951.0 160.8 30407.3 20536.0 48.1 35525.2 37882.0 6.2 3230620.9 3407062.0 5.2 436346.9 499698.0 12.7 31330.2 480.0 6427.1 636245.7 551873.0 15.3 4939355.7 4850871.0 1.82
2019 7 19853.9 13239.0 50.0 48989.5 34556.0 41.8 194223.8 113539.0 71.1 166100.4 113272.0 46.6 13951.6 5237.0 166.4 21474.5 14182.0 51.4 63229.6 63451.0 0.3 3191396.3 3242809.0 1.6 571030.4 656053.0 13.0 263155.0 331.0 79403.0 673978.0 587555.0 14.7 5227383.2 4844224.0 7.91
2019 8 19953.9 10604.0 88.2 44851.3 33832.0 32.6 193807.0 87866.0 120.6 145281.3 98920.0 46.9 17252.5 7620.0 126.4 17844.3 10991.0 62.4 69733.8 64624.0 7.9 3172131.6 3163215.0 0.3 534547.9 634696.0 15.8 421921.1 340829.0 23.8 615137.1 590027.0 4.3 5252461.8 5043224.0 4.15
2019 9 27384.9 15783.0 73.5 45395.4 34193.0 32.8 240684.6 112152.0 114.6 149935.3 92035.0 62.9 23859.7 8045.0 196.6 22587.3 14537.0 55.4 37234.6 26981.0 38.0 3291992.5 3222134.0 2.2 427246.9 513669.0 16.8 221929.4 1407.0 15673.2 656122.7 562130.0 16.7 5144373.2 4603066.0 11.76
