year month house_pred houseCooking_pred houseJHeating_pred salesOne_pred salesTwo_pred bizHeating_pred bizCooling_pred industry_pred heatFacility_pred heatCombined_pred CNG_pred pred_sum
2019 10 77554.3 49339.7 466757.3 215686.6 19960.2 71937.5 3596.1 3659343.1 493133.6 78462.9 597878.8 5733650.2
2019 11 125759.4 47125.2 666200.7 257932.9 19585.8 152571.9 0.0 3994125.9 850979.0 228231.6 605857.8 6948370.1
2019 12 250728.4 47749.1 1232019.6 314027.8 31439.6 262250.5 0.0 4457064.0 1455381.1 92671.8 668228.3 8811560.1
2020 1 237299.1 57314.9 1146143.9 365632.4 29297.6 293192.1 0.0 4597859.5 1573038.8 537.7 746877.7 9047193.9
2020 2 226410.0 54503.4 1062069.1 322432.9 26850.5 251545.8 0.0 4200322.6 1464498.4 1415.3 701132.0 8311180.0
2020 3 156627.4 58143.1 800324.6 327036.7 21840.5 220426.6 0.0 4263771.0 1213134.5 1355.6 717618.3 7780278.3
2020 4 89072.4 53350.2 515834.4 261275.5 17061.6 115264.7 566.3 3881389.9 789155.9 1613.5 703372.5 6427956.9
2020 5 56326.1 51127.5 365579.3 221430.4 18913.3 50200.6 13544.6 4151561.3 554787.0 1480.3 736273.4 6221224.0
2020 6 28123.4 53520.4 219406.9 208095.9 14160.9 32441.0 38251.7 3507113.7 467943.9 47608.9 711457.6 5328124.3
2020 7 20109.0 57466.5 171805.5 189244.8 13446.9 23048.7 72169.4 3459114.2 592562.9 364667.3 756566.3 5720201.6
2020 8 20869.7 53588.1 175892.2 159249.6 16882.8 17932.9 74255.1 3400521.5 573138.8 678104.4 716879.5 5887314.6
2020 9 29561.7 52263.6 208098.8 164545.4 19721.6 24078.4 41194.1 3617435.4 453482.4 411606.4 748560.3 5770548.1
2020 10 83803.8 56391.4 467187.7 234966.2 20559.1 76685.5 6277.6 3963922.6 498380.0 151026.4 641005.4 6200205.7
2020 11 153860.1 52918.3 726670.7 273831.9 20294.0 154424.6 0.0 4363470.4 857851.2 300927.4 660589.1 7564837.8
2020 12 315621.6 53019.2 1396497.7 353711.6 32862.4 283622.2 0.0 4582248.9 1521262.7 131854.3 691663.5 9362364.1
2021 1 292834.1 66258.8 1268129.9 414338.8 32892.0 321033.7 0.0 4969899.8 1587844.5 541.3 844753.7 9798526.7
2021 2 262264.9 60994.2 1123868.7 361746.9 29569.9 276907.4 0.0 4311442.1 1465777.1 1479.5 769211.4 8663262.2
2021 3 183854.8 65677.3 864840.1 364271.1 24245.4 232912.6 0.0 4612088.7 1214141.8 1714.4 807449.7 8371195.8
2021 4 103632.4 60282.5 556775.6 292124.0 19019.9 122896.6 763.0 4268113.2 799939.1 2436.1 786504.9 7012487.4
2021 5 67968.5 57922.0 376218.2 252045.7 21337.7 55513.1 15216.1 4523278.5 576439.4 2118.5 831938.8 6779996.5
2021 6 33701.2 60097.5 232215.1 223892.6 18520.9 34159.7 40967.0 3712077.4 476058.2 35664.0 797429.7 5664783.3
2021 7 23501.5 63827.8 190894.1 206717.5 17522.9 24485.2 76499.3 3663050.1 596515.8 312480.8 838963.5 6014458.4
2021 8 24950.4 58913.8 198191.5 177327.4 21848.6 19154.2 81301.7 3667248.0 575942.0 745653.2 769574.4 6340105.2
2021 9 34809.1 59089.6 228281.7 180281.8 25164.3 25900.1 44817.7 3812391.5 480933.6 356633.3 838512.8 6086815.6
