year month date house_pred houseCooking_pred houseJHeating_pred salesOne_pred salesTwo_pred bizHeating_pred bizCooling_pred industry_pred heatFacility_pred heatCombined_pred CNG_pred pred_sum
2019 10 1 2399.3 1599.5 13961.9 5994.6 649.5 1348.6 733.2 117974.4 14719.6 6008.1 22469.6 187858.1
2019 10 2 1589.2 1574.7 11163.6 6000.5 649.5 1418.9 650.7 119509.4 14525.7 5709.4 21412.1 184203.7
2019 10 3 1088.9 1616.1 10455.1 8046.3 649.5 2632.5 0.0 92401.8 15968.2 1544.3 21571.5 155974.2
2019 10 4 779.6 1494.5 7665.7 6008.3 649.5 1456.6 589.1 116006.6 14018.6 4623.8 18709.7 172001.8
2019 10 5 1632.2 1345.8 12532.1 6514.9 627.8 1937.2 318.6 92873.4 13143.0 3876.4 16405.6 151206.9
2019 10 6 1813.9 1518.6 13089.6 7148.9 627.8 2135.3 308.8 107465.2 14607.7 3790.5 16840.6 169347.0
2019 10 7 2327.4 1494.2 13961.9 6918.1 649.5 2096.9 280.9 115573.9 14444.6 3360.9 19883.1 180991.6
2019 10 8 2399.3 1496.7 13961.9 6840.8 649.5 2056.8 299.2 117974.4 14553.9 3211.9 19628.4 183072.8
2019 10 9 1615.5 1616.1 13253.4 8046.3 649.5 2632.5 0.0 96781.2 15968.2 1544.3 21571.5 163678.5
2019 10 10 2419.3 1430.2 14425.2 6467.5 649.5 1984.9 212.6 125220.4 13542.3 3992.9 15399.3 185744.0
2019 10 11 2851.5 1455.6 17053.1 6703.2 649.5 2058.8 203.2 126693.2 14423.9 3059.4 19275.2 194426.5
2019 10 12 2690.7 1441.7 16568.1 7053.2 627.8 2346.3 0.0 99760.9 14225.6 1703.3 18290.8 164708.3
2019 10 13 3188.0 1724.2 17125.7 8099.0 627.8 2657.4 0.0 130830.4 16787.7 1747.4 16760.1 199547.7
2019 10 14 2247.9 1617.6 14425.2 7460.6 649.5 2471.3 0.0 113161.5 15771.1 1770.7 20260.0 179835.3
2019 10 15 2382.1 1664.8 14425.2 7512.7 649.5 2484.7 0.0 122190.4 16455.1 1678.0 21342.3 190784.7
2019 10 16 2357.1 1615.3 14425.2 7261.6 649.5 2409.1 0.0 117097.0 15623.9 1714.7 16836.9 179990.2
2019 10 17 2383.9 1505.7 14425.2 6627.7 649.5 2231.0 0.0 125220.4 14252.1 1881.4 14782.7 183959.5
2019 10 18 2343.8 1550.3 14032.2 6778.6 649.5 2285.7 0.0 113594.2 15567.4 1533.9 20396.7 178732.2
2019 10 19 2036.5 1572.4 13547.3 6690.9 627.8 2271.7 0.0 97089.4 15135.7 1991.3 20517.9 161480.9
2019 10 20 2402.7 1811.0 14104.8 7691.7 627.8 2582.7 0.0 114644.8 17774.1 1836.5 18447.7 181924.0
2019 10 21 2288.5 1601.2 14425.2 6652.2 649.5 2254.8 0.0 119789.9 15701.6 1786.5 20528.0 185677.3
2019 10 22 2167.2 1859.1 13961.9 7620.2 649.5 2579.0 0.0 123848.7 18612.2 1857.6 25440.1 198595.5
2019 10 23 2357.1 1597.5 14425.2 6493.1 649.5 2219.8 0.0 117097.0 15639.8 1736.7 19356.9 181572.5
2019 10 24 2852.2 1505.6 17446.0 6109.5 649.5 2082.0 0.0 131691.0 14244.4 1828.1 14478.1 192886.3
2019 10 25 2851.5 1572.8 17053.1 6310.2 649.5 2183.3 0.0 114631.8 16002.7 1399.6 21562.6 184217.1
2019 10 26 2833.2 1743.1 16568.1 6934.1 627.8 2427.7 0.0 104965.6 16593.2 2161.9 19564.9 174419.8
2019 10 27 3624.0 1833.3 17125.7 7318.0 627.8 2545.7 0.0 133487.2 18238.1 1670.9 18272.7 204743.3
2019 10 28 2911.2 1594.6 17446.0 6236.9 649.5 2224.4 0.0 122794.0 15927.2 1517.5 19159.0 190460.4
2019 10 29 4034.7 1954.1 20886.1 8209.1 649.5 3634.1 0.0 123828.0 23356.6 2930.3 27317.7 216800.3
2019 10 30 4200.4 1451.0 21409.0 6715.3 649.5 2985.3 0.0 161558.7 18444.1 2491.5 18685.1 238589.8
2019 10 31 4485.3 1482.4 21409.0 7222.4 649.5 3302.3 0.0 143588.4 18865.6 2502.9 12712.2 216219.9
2019 11 1 3822.0 1479.3 21147.5 7072.1 661.8 3234.0 0.0 134193.4 20164.4 1893.9 22000.9 215669.3
2019 11 2 3174.8 1611.0 18740.0 7648.7 642.8 3477.4 0.0 111578.8 20374.3 2524.9 17997.6 187770.4
2019 11 3 3519.3 1639.6 18740.0 7818.0 618.3 3523.7 0.0 127855.2 21294.6 2360.5 18471.2 205840.5
2019 11 4 3842.2 1525.2 21398.1 7258.1 659.7 3378.5 0.0 121644.3 20753.3 2269.0 21233.3 203961.7
2019 11 5 3876.0 1770.8 22018.5 8971.1 662.1 4793.8 0.0 124742.0 26674.6 6167.0 24771.4 224447.4
2019 11 6 3735.9 1508.1 21836.8 8573.5 662.1 4639.5 0.0 130856.4 25120.3 6351.2 20389.2 223673.1
2019 11 7 2942.9 1442.5 18367.4 8773.4 634.1 4809.0 0.0 130400.9 24182.1 5376.8 10933.0 207862.0
2019 11 8 3367.5 1486.5 18792.6 8617.7 635.8 4746.0 0.0 129680.1 25921.3 4655.8 19099.8 217003.1
2019 11 9 3171.0 1445.5 18740.0 8046.4 599.3 4392.3 0.0 111578.8 23570.9 6080.8 18498.7 196123.6
2019 11 10 3519.3 1581.8 18740.0 9032.7 618.3 5027.3 0.0 127855.2 26457.6 7070.8 18635.1 218538.1
2019 11 11 3626.8 1475.4 20728.5 8071.4 659.7 4516.3 0.0 121644.3 25641.2 5703.4 23435.6 215502.6
2019 11 12 3965.2 1623.0 21398.1 8997.7 662.1 5190.0 0.0 123707.9 28737.2 8389.5 21047.1 223717.9
2019 11 13 4057.2 1575.5 22561.1 9303.9 662.1 5397.5 0.0 131452.2 29864.1 9099.5 21308.4 235281.5
2019 11 14 4117.4 1442.4 23181.5 8840.8 662.1 5206.5 0.0 135612.5 26959.7 7984.9 11237.3 225245.0
2019 11 15 3689.6 1526.1 21147.5 8830.8 654.9 5245.9 0.0 131194.8 29738.6 7357.8 20499.1 229885.1
2019 11 16 3144.8 1398.7 18740.0 7931.0 642.8 4781.3 0.0 117310.7 26485.0 9263.3 19334.8 209032.4
2019 11 17 3734.7 1537.2 19022.3 8972.7 618.3 5367.7 0.0 127855.2 29077.3 9207.2 17443.7 222836.3
2019 11 18 4113.0 1491.9 20728.5 8240.0 659.7 4921.4 0.0 128927.4 29500.3 7812.8 25650.6 232045.7
2019 11 19 3490.8 1551.9 20728.5 8604.6 662.1 5196.9 0.0 133593.1 29811.4 9626.2 23235.9 236501.6
2019 11 20 3845.6 1689.8 22278.8 9371.0 662.1 5684.8 0.0 137073.7 31978.4 11293.5 23601.9 247479.6
2019 11 21 4231.2 1582.8 22278.8 8993.6 662.1 5529.0 0.0 150461.0 29340.2 9931.8 13542.3 246552.9
2019 11 22 4539.1 1550.7 24544.6 8176.5 661.8 5081.4 0.0 136695.1 29842.4 9452.9 24264.4 244809.0
2019 11 23 5413.4 1629.6 26757.9 8815.8 657.0 5542.7 0.0 139907.2 30189.3 11954.9 19656.2 250524.0
2019 11 24 5513.0 1668.3 26556.7 8995.0 663.4 5590.9 0.0 151131.1 31618.2 10477.4 21828.0 264041.9
2019 11 25 5613.3 1542.0 25820.5 8072.7 666.9 5033.1 0.0 138730.7 29763.8 9112.5 24120.6 248476.0
2019 11 26 6023.9 1696.1 27101.9 8588.0 669.4 5446.7 0.0 148721.2 33453.4 10817.8 26936.4 269454.8
2019 11 27 5592.5 1778.9 27829.3 9241.6 669.4 6258.8 0.0 158412.7 33880.4 11927.4 20827.2 276418.2
2019 11 28 5953.9 1732.9 25173.8 10004.2 669.4 7341.5 0.0 153835.3 38402.0 7669.2 15244.8 266027.0
2019 11 29 5048.0 1520.4 24544.6 8631.8 669.1 6275.5 0.0 137567.7 35320.0 7308.2 22748.7 249633.9
2019 11 30 5075.3 1621.1 26556.7 9438.3 657.0 6942.5 0.0 139907.2 36862.6 9090.3 17864.6 254015.5
2019 12 1 7827.4 1565.1 37538.5 9339.4 964.3 6883.2 0.0 142583.5 37147.0 6594.5 19993.0 270436.0
2019 12 2 7818.5 1496.7 36633.5 8909.9 1013.5 6615.1 0.0 143854.3 36642.7 6680.8 23472.1 273136.9
2019 12 3 8430.5 1665.0 39909.9 9498.8 1017.1 7051.8 0.0 143854.3 41052.5 8201.1 28858.8 289539.7
2019 12 4 8518.0 1669.9 40107.5 9888.4 1013.5 7784.8 0.0 143854.3 39618.4 8937.7 16800.4 278192.8
2019 12 5 8604.8 1724.4 41616.7 11137.0 1019.6 9221.9 0.0 143854.3 47494.9 5013.3 17710.7 287397.5
2019 12 6 7610.6 1469.2 38303.8 9512.2 1019.6 7773.1 0.0 143854.3 42149.7 4675.2 21939.1 278306.7
2019 12 7 8544.6 1539.7 38504.7 10099.1 966.5 8316.5 0.0 142583.5 43658.1 5518.2 17954.8 277685.6
2019 12 8 8544.6 1578.5 42583.4 10197.7 966.5 8332.2 0.0 142583.5 45575.3 4259.3 23247.3 287868.4
2019 12 9 7761.9 1471.2 38162.7 9591.1 1019.6 7881.0 0.0 143854.3 43627.3 4498.4 23912.7 281780.1
2019 12 10 8060.7 1614.1 40280.0 10146.1 1019.6 8348.7 0.0 143854.3 48094.7 5028.7 27221.7 293668.4
2019 12 11 7610.6 1648.4 39883.7 10610.4 1019.6 8943.6 0.0 143854.3 48537.1 5262.3 19435.3 286805.3
2019 12 12 7610.6 1708.8 39883.7 11473.7 1019.6 9785.5 0.0 143854.3 52891.3 1648.0 19372.6 289248.0
2019 12 13 7997.5 1473.5 39209.2 10173.4 1019.6 8674.8 0.0 143854.3 47761.1 1453.2 19465.6 281082.1
2019 12 14 7324.9 1445.3 33868.6 9990.2 970.4 8538.9 0.0 142583.5 46823.2 1681.8 17848.9 271075.7
2019 12 15 7854.4 1497.3 39568.3 10233.5 970.4 8724.8 0.0 142583.5 48912.7 1436.8 22095.4 283877.2
2019 12 16 8181.0 1525.8 41184.5 10377.3 1107.7 8859.7 0.0 144466.5 50593.5 1753.7 25640.4 293690.2
2019 12 17 8589.5 1586.1 46020.0 10746.7 1107.7 9189.2 0.0 145412.4 51993.8 1536.0 24244.1 300425.5
2019 12 18 7610.6 1559.9 39883.7 10592.4 1019.6 9085.6 0.0 143854.3 51151.7 1662.7 21420.2 287840.5
2019 12 19 8604.8 1575.8 41616.7 10717.0 1013.5 9185.2 0.0 143854.3 51361.0 1612.1 20287.6 289827.8
2019 12 20 8353.7 1523.2 39337.3 10296.8 1013.5 8827.6 0.0 143854.3 49535.6 1443.0 19486.0 283670.9
2019 12 21 7464.3 1360.8 33739.6 9170.3 968.0 7880.2 0.0 142583.5 45069.6 1643.6 20243.8 270123.7
2019 12 22 7827.4 1584.0 38092.0 10569.0 968.0 9069.5 0.0 142583.5 52109.3 1457.7 24220.9 288481.3
2019 12 23 7818.5 1473.6 37471.7 9774.6 1013.5 8409.4 0.0 143854.3 48578.9 1645.2 22794.1 282833.7
2019 12 24 7872.3 1630.5 40136.4 10750.8 1019.6 9278.4 0.0 143854.3 53254.9 1636.2 23698.4 293131.8
2019 12 25 7610.6 1467.8 35444.0 10171.1 1013.6 8485.7 0.0 143854.3 45535.7 695.2 20624.8 274902.8
2019 12 26 7610.6 1588.5 39074.0 10507.7 1019.6 9071.8 0.0 143854.3 51822.2 1598.5 21428.6 287575.8
2019 12 27 8903.9 1527.3 44648.8 10048.6 1041.7 8676.4 0.0 145412.4 49444.2 960.8 18891.4 289555.6
2019 12 28 8745.7 1346.6 41211.2 8981.0 1041.7 7782.2 0.0 145228.6 44186.6 1042.4 18568.6 278134.7
2019 12 29 8526.7 1491.2 43572.7 10165.1 1041.7 8539.6 0.0 145228.6 46983.2 1001.8 22054.9 288605.5
2019 12 30 8181.0 1429.1 39826.0 9891.7 1015.6 8261.2 0.0 143854.3 44883.2 1046.7 19417.9 277806.7
2019 12 31 8707.7 1511.8 44707.1 10466.5 1015.6 8772.9 0.0 143854.3 48891.8 1046.8 25878.2 294852.8
2020 1 1 7893.8 1675.6 38008.7 11150.9 967.9 8789.9 0.0 151213.5 46899.1 12.2 20376.7 286988.3
2020 1 2 8216.5 1833.6 38067.3 12403.9 974.6 9752.2 0.0 146868.7 51799.7 14.0 20996.3 290926.7
2020 1 3 7009.0 1683.3 32696.3 11514.1 939.6 9030.3 0.0 146868.7 47816.1 15.4 30241.3 287814.2
2020 1 4 6080.8 1670.8 30474.2 11075.0 822.0 8725.0 0.0 131928.8 46669.7 12.5 27604.1 265062.9
2020 1 5 6668.3 1632.1 33349.5 10771.6 834.7 8477.4 0.0 134736.5 44672.2 13.2 24040.8 265196.2
2020 1 6 6592.5 1611.8 30561.3 10691.5 880.4 8415.2 0.0 130053.8 44692.5 13.0 22561.7 256073.8
2020 1 7 7038.6 1913.0 35921.1 12661.1 967.9 9967.6 0.0 146868.7 53100.4 15.0 21904.6 290358.1
2020 1 8 7409.1 1801.4 34746.5 11815.6 967.8 9301.6 0.0 146868.7 49521.4 13.4 18859.8 281305.5
2020 1 9 7936.3 1829.3 39069.8 12052.4 974.6 9533.2 0.0 151213.5 50896.8 13.9 23475.1 296995.0
2020 1 10 8275.6 1756.7 39960.1 11663.9 1046.7 9217.2 0.0 159698.3 49060.1 15.3 29755.4 310449.2
2020 1 11 7338.6 1737.2 36398.2 11258.5 1016.8 8925.7 0.0 145906.5 47725.7 13.1 26540.6 286860.9
2020 1 12 7672.1 1760.6 39297.3 11516.8 1030.7 9126.7 0.0 148714.1 48062.2 14.5 24969.2 292164.2
2020 1 13 7396.7 1819.7 35752.0 11613.6 964.5 9235.4 0.0 145166.9 49671.0 13.4 23547.9 285181.2
2020 1 14 8603.3 1909.4 41238.1 12245.3 974.1 9718.7 0.0 159698.3 51799.2 14.9 20902.1 307103.6
2020 1 15 8213.9 1931.6 38984.7 12350.9 946.6 9797.6 0.0 151213.5 51946.3 14.8 15832.6 291232.6
2020 1 16 7918.5 1894.2 39130.2 11928.4 974.6 9631.1 0.0 151213.5 51772.4 14.7 26967.9 301445.4
2020 1 17 7916.8 1847.1 38502.7 11710.2 944.8 9439.0 0.0 151213.5 50401.5 15.9 27985.3 299976.9
2020 1 18 7335.6 1834.4 34694.3 11494.4 797.8 9262.0 0.0 134660.2 49382.5 14.4 25230.4 274706.0
2020 1 19 8235.3 1874.0 38701.2 11844.2 957.4 9569.2 0.0 152095.6 50417.4 17.1 24364.0 298075.3
2020 1 20 6859.7 1919.8 34843.0 11914.2 964.5 9659.0 0.0 145166.9 52070.6 15.8 23025.8 286439.4
2020 1 21 8603.3 1990.5 40491.7 12424.6 974.1 10064.5 0.0 159698.3 53767.1 16.5 20204.6 308235.2
2020 1 22 8217.8 1973.4 38239.6 12263.4 967.7 9931.4 0.0 159698.3 52987.3 16.3 16064.7 300360.0
2020 1 23 7115.6 1976.0 34331.8 12158.3 974.6 9982.6 0.0 146868.7 54062.3 21.9 30014.6 297506.4
2020 1 24 8190.9 1896.1 37645.8 11761.1 877.9 9626.5 0.0 146868.7 51300.5 23.1 26870.7 295061.4
2020 1 25 6089.2 1834.8 29629.6 11266.8 816.8 9200.2 0.0 131928.8 49607.3 19.1 27740.0 268132.5
2020 1 26 7669.1 1841.2 37996.3 11365.7 816.7 9312.6 0.0 137467.8 49484.9 23.5 25874.5 281852.4
2020 1 27 7396.7 1934.7 35752.0 11842.6 964.5 9724.1 0.0 145166.9 52604.5 23.7 23625.5 289035.2
2020 1 28 8244.2 2075.9 40820.8 12732.3 1068.9 10398.8 0.0 159698.3 56114.3 24.8 21299.6 312477.9
2020 1 29 8216.9 1994.9 39621.0 12237.3 960.8 9949.0 0.0 159698.3 55610.0 24.0 17877.2 306189.4
2020 1 30 8663.3 1950.0 42419.5 11956.8 974.5 9734.8 0.0 159698.3 55175.3 28.5 31489.3 322090.3
2020 1 31 8281.0 1911.8 38799.5 11947.1 953.3 9693.6 0.0 159698.3 53948.2 29.7 26635.3 311897.7
2020 2 1 7746.5 1871.9 37226.1 11388.5 923.5 9298.0 0.0 146940.0 52472.0 31.3 29734.9 297632.5
2020 2 2 7983.2 1798.1 37990.5 10864.0 937.3 8885.1 0.0 146940.0 49651.8 34.7 26671.9 291756.8
2020 2 3 7952.1 1916.8 36789.5 11518.0 964.5 9416.0 0.0 145165.6 53829.9 33.0 27748.0 295333.5
2020 2 4 8422.3 2002.5 39702.1 12184.3 974.1 9924.2 0.0 151935.0 55592.4 30.9 23523.7 304291.6
2020 2 5 8839.2 1946.8 39741.9 11791.9 967.7 9557.9 0.0 151935.0 55637.2 44.2 19180.9 299642.8
2020 2 6 8668.8 1989.4 41507.3 11704.9 1069.2 9468.8 0.0 151935.0 55620.0 45.2 30030.9 312039.4
2020 2 7 8668.8 1969.9 39393.2 11789.0 953.3 9507.0 0.0 151935.0 54967.4 47.1 25529.3 304760.2
2020 2 8 7746.5 1953.9 38098.5 11399.3 1016.8 9146.6 0.0 146940.0 54802.0 59.1 28618.1 299781.0
2020 2 9 7983.2 1815.1 37820.6 10468.0 816.7 8390.3 0.0 139229.5 49939.5 60.6 24450.9 280974.4
2020 2 10 7382.1 1889.7 36727.0 10911.2 1059.3 8718.6 0.0 145165.6 52970.4 54.6 27207.0 292085.6
2020 2 11 8068.4 1970.3 39430.9 11529.3 967.9 9209.6 0.0 146373.5 54500.7 52.7 23552.1 295655.3
2020 2 12 7360.8 1908.1 34254.9 11101.4 962.7 8809.6 0.0 146022.4 52590.7 50.5 18537.4 281598.3
2020 2 13 8447.6 1887.1 38805.6 10855.6 878.2 8591.4 0.0 146022.4 50746.9 49.9 28173.9 294458.7
2020 2 14 7416.2 1921.0 34747.8 11137.9 944.8 8758.8 0.0 146022.4 51327.0 55.3 25604.7 287935.9
2020 2 15 7746.5 1912.0 36408.2 11082.7 797.8 8675.0 0.0 139229.5 51298.9 57.3 26103.7 283311.4
2020 2 16 7503.6 1775.0 33542.8 10322.3 829.5 8034.2 0.0 138847.2 46796.8 59.5 21962.1 269673.0
2020 2 17 6887.1 1845.3 33531.7 10775.1 880.4 8356.6 0.0 136619.2 49452.0 53.0 22813.3 271213.8
2020 2 18 8068.4 2034.1 39531.0 11924.9 967.9 9208.1 0.0 146373.5 53984.6 58.8 21428.8 293580.1
2020 2 19 8014.4 1897.5 36797.1 11175.4 877.2 8547.8 0.0 146022.4 50253.7 56.7 16626.4 280268.6
2020 2 20 7714.2 1775.5 35299.7 10650.9 974.6 8124.1 0.0 146022.4 47431.9 52.8 26120.7 284166.6
2020 2 21 8233.9 1837.3 38101.7 11064.1 944.8 8399.6 0.0 146373.5 48816.9 61.2 25845.0 289678.1
2020 2 22 6892.3 1804.4 31286.1 10845.8 816.8 8205.2 0.0 138847.2 47568.5 52.8 23238.6 269557.6
2020 2 23 7150.2 1739.5 33542.8 10490.2 829.5 7895.7 0.0 138847.2 45077.1 53.8 21419.4 267045.4
2020 2 24 7241.1 1793.2 33458.7 10794.0 880.4 8100.3 0.0 137642.3 46960.0 46.2 20269.7 267186.0
2020 2 25 7735.0 1989.3 35551.3 12093.8 967.8 8987.2 0.0 146022.4 52052.3 52.3 19470.4 284921.9
2020 2 26 7714.2 1914.8 35439.3 11151.9 967.8 8150.7 0.0 146022.4 46911.8 45.7 23990.3 282308.8
2020 2 27 7798.7 1712.7 37345.6 10018.9 913.8 7377.0 0.0 146022.4 42726.6 36.7 24469.1 278421.4
2020 2 28 7992.9 1880.3 37036.0 11014.2 913.8 8081.6 0.0 146022.4 46003.5 42.8 24332.9 283320.5
2020 2 29 7031.7 1751.9 32961.2 10385.4 852.5 7720.7 0.0 138847.2 44515.9 36.4 24477.8 268580.7
2020 3 1 5524.0 1723.8 25961.3 10235.1 728.4 7428.2 0.0 137128.1 42702.1 38.3 23482.2 254951.7
2020 3 2 6385.9 1809.4 29732.5 10684.6 805.8 7719.4 0.0 142484.7 44808.1 35.0 20515.9 264981.3
2020 3 3 5203.9 1999.9 28833.2 11823.9 719.3 8503.9 0.0 138829.1 49047.9 39.3 19132.0 264132.4
2020 3 4 4595.0 1931.9 24771.5 10961.5 728.2 7780.6 0.0 137305.5 45110.2 45.8 22844.8 256075.1
2020 3 5 4572.9 1813.0 24352.0 10172.8 711.5 7248.0 0.0 137305.5 42163.0 39.6 23205.2 251583.5
2020 3 6 5393.9 1902.7 27062.9 10775.3 713.4 7662.4 0.0 138829.1 43772.2 43.1 24823.0 260978.0
2020 3 7 5558.3 1756.1 25961.3 10001.3 733.7 7079.0 0.0 136934.0 40747.0 38.1 25643.3 254452.0
2020 3 8 5524.0 1771.3 25961.3 10081.3 728.4 7137.8 0.0 137128.1 40000.3 39.7 24819.0 253191.3
2020 3 9 6385.9 1861.8 29732.5 10522.5 805.8 7390.8 0.0 142484.7 41614.6 38.4 21235.0 262072.1
2020 3 10 6403.4 2002.7 30491.1 11439.5 826.8 8039.1 0.0 147972.8 44324.7 42.4 19013.9 270556.3
2020 3 11 6437.2 1936.8 31522.3 10655.6 832.0 7401.1 0.0 147972.8 40918.9 48.4 24178.4 271903.5
2020 3 12 5436.5 1851.2 29444.9 10073.9 722.9 6974.5 0.0 138829.1 38608.1 42.8 21220.9 253204.7
2020 3 13 5267.7 1892.5 25948.3 10430.2 703.4 7213.0 0.0 138829.1 39457.2 43.9 24859.6 254645.0
2020 3 14 5109.2 1810.3 23391.6 10084.9 611.9 6902.3 0.0 133068.8 37956.0 42.2 27631.2 246608.4
2020 3 15 5109.2 1777.7 23391.6 9970.6 615.3 6773.8 0.0 134279.8 36459.2 42.8 26097.2 244517.3
2020 3 16 5173.4 1877.7 28074.7 10459.7 698.4 7053.2 0.0 134310.7 38174.7 43.5 24397.4 250263.4
2020 3 17 4550.4 2071.6 24085.0 11614.6 710.9 7870.4 0.0 137305.5 41685.5 48.7 20059.6 250002.3
2020 3 18 4595.0 1927.9 24771.5 10703.1 728.2 7220.5 0.0 137305.5 38771.2 44.7 21867.6 247935.1
2020 3 19 4133.9 2013.9 23553.7 11122.9 690.3 7461.7 0.0 134384.1 39989.3 46.1 19888.1 243283.9
2020 3 20 5267.7 1849.8 25948.3 10257.7 703.4 6871.4 0.0 138829.1 36658.8 42.6 25408.2 251837.0
2020 3 21 5405.1 1878.8 25961.3 10543.2 733.7 7022.9 0.0 136934.0 37111.5 43.9 26720.8 252355.3
2020 3 22 5247.4 1839.7 24961.8 10390.7 621.9 6846.6 0.0 134279.8 35858.2 43.7 25059.9 245149.8
2020 3 23 5194.4 1897.5 28074.7 10657.5 698.4 6964.4 0.0 134310.7 36906.9 44.3 26393.4 251142.1
2020 3 24 5184.7 2011.2 26109.4 11481.8 710.9 7540.9 0.0 138829.1 39115.4 47.4 19945.5 250976.2
2020 3 25 5229.2 1913.6 29864.4 10857.4 755.2 6991.2 0.0 138829.1 37059.3 50.2 21479.4 253028.9
2020 3 26 5227.3 1911.2 29444.9 10844.6 722.9 6874.5 0.0 138829.1 36985.3 48.7 20448.8 251337.3
2020 3 27 4655.9 1786.1 25530.9 10211.4 703.4 6400.7 0.0 138829.1 34150.3 43.5 21826.2 244137.5
2020 3 28 4132.8 1813.0 22711.0 9893.0 629.0 6054.8 0.0 132588.3 33230.4 46.5 25599.7 236698.5
2020 3 29 3966.2 1779.1 21379.3 9736.8 658.4 5867.3 0.0 134406.1 32213.0 45.7 23774.7 233826.6
2020 3 30 2878.5 1798.1 16454.2 9825.4 539.0 5882.4 0.0 131121.9 32633.5 46.4 26591.9 227771.3
2020 3 31 2878.5 1932.6 16841.5 10523.8 549.7 6250.2 0.0 133297.5 34901.7 49.6 19455.4 226680.7
2020 4 1 3041.0 1810.7 17965.6 9869.7 561.1 5557.2 0.0 128807.4 32536.2 51.9 21573.0 221773.9
2020 4 2 3041.0 1881.2 17965.6 10136.6 578.6 5568.5 0.0 124467.7 33406.9 52.9 20639.2 217738.1
2020 4 3 3041.0 1767.7 17965.6 9544.2 578.6 5172.1 0.0 126455.8 30585.5 46.8 19561.0 214718.3
2020 4 4 3041.0 1795.6 17795.2 9157.8 586.2 4794.9 0.0 118640.8 29545.6 49.9 23087.6 208494.5
2020 4 5 3565.3 1766.9 19606.3 9029.2 586.2 4709.1 0.0 132236.4 28949.7 50.4 22855.1 223354.5
2020 4 6 4131.8 1763.8 22659.9 9003.2 606.0 4663.1 0.0 123127.6 29015.1 50.2 25136.7 220157.3
2020 4 7 4458.2 1841.4 24649.7 9321.2 631.7 4741.8 0.0 135210.6 29804.8 52.0 18830.0 229541.4
2020 4 8 3507.5 1819.4 19796.8 9062.3 561.1 4445.4 0.0 139650.7 29015.0 57.3 20662.4 228577.9
2020 4 9 3041.0 1735.7 17965.6 8603.4 578.6 4069.4 0.0 129715.7 27445.8 53.4 20690.9 213899.3
2020 4 10 2765.0 1786.7 16434.2 8969.9 546.0 4195.3 0.0 131552.8 27463.5 51.7 17218.6 210983.8
2020 4 11 3041.0 1784.0 17795.2 8348.4 586.2 3660.3 0.0 119959.9 26053.3 54.6 24503.4 205786.1
2020 4 12 3120.2 1723.6 18400.1 8159.8 586.2 3564.6 0.0 132236.4 24800.9 52.6 22647.7 215292.1
2020 4 13 3023.8 1687.7 16839.9 8006.7 578.6 3471.2 0.0 125991.1 24482.3 52.6 26063.3 210197.3
2020 4 14 3041.0 1838.0 17236.3 8636.4 561.1 3689.2 0.0 134307.7 26509.4 56.8 21377.0 217252.8
2020 4 15 3041.0 1810.7 17965.6 8454.9 561.1 3520.9 0.0 128807.4 25654.8 56.1 23050.0 212922.5
2020 4 16 2765.0 1801.7 16434.2 8464.4 578.6 3515.2 0.0 129715.7 25807.3 56.9 23113.2 212252.3
2020 4 17 3041.0 1761.4 17965.6 8341.9 561.1 3441.9 0.0 134151.8 24421.5 52.9 19020.9 212759.9
2020 4 18 3041.0 1817.1 17795.2 8561.3 586.2 3540.4 0.0 126104.0 25639.4 57.4 27697.7 214839.6
2020 4 19 3120.2 1825.5 18400.1 8761.1 586.2 3613.7 0.0 131793.7 25417.8 56.3 24181.9 217756.5
2020 4 20 2765.0 1714.6 15308.5 8244.0 578.6 3361.6 0.0 130595.9 23936.0 53.7 26320.4 212878.4
2020 4 21 2765.0 1854.8 15704.9 8897.1 546.0 3615.4 0.0 135810.6 26161.7 59.4 24171.0 219585.9
2020 4 22 2765.0 1845.1 16434.2 8826.1 546.0 3569.1 0.0 137394.0 25728.0 57.5 25173.8 222338.8
2020 4 23 2765.0 1745.7 16434.2 8591.3 578.6 3385.4 0.0 134892.0 24531.1 54.5 25114.3 218092.1
2020 4 24 2765.0 1777.6 16434.2 8671.8 546.0 3310.4 46.0 128873.0 23870.1 51.7 18200.7 204546.5
2020 4 25 1841.2 1704.0 11291.4 8260.7 509.6 3177.7 47.0 104124.7 23599.7 54.7 31058.9 185669.5
2020 4 26 2860.2 1809.2 16868.7 8989.7 586.2 3443.3 54.7 134796.7 24593.4 54.1 25786.7 219843.0
2020 4 27 3023.8 1651.3 16839.9 7711.5 561.1 2776.8 91.6 125991.1 21358.5 50.7 27319.6 207375.9
2020 4 28 2765.0 1741.2 15704.9 8153.0 546.0 2925.5 98.4 134231.5 22966.5 55.4 25077.8 214265.2
2020 4 29 2048.5 1779.0 11881.0 8259.4 532.0 2905.3 123.3 129772.6 23146.2 55.4 25295.2 205797.8
2020 4 30 1841.2 1708.9 11296.1 8238.6 532.7 2860.0 105.4 131974.8 22709.8 53.7 27944.7 209265.8
2020 5 1 1843.2 1624.8 11483.8 7714.2 606.0 2544.4 146.3 133753.6 20457.7 47.1 20759.1 200980.1
2020 5 2 1871.0 1509.6 11478.9 7195.3 606.0 2396.2 134.0 117138.6 19475.3 47.7 30182.2 192034.9
2020 5 3 3101.5 1825.2 17148.9 8718.8 648.3 2872.0 172.6 130319.2 23143.6 54.6 27698.0 215702.7
2020 5 4 2093.7 1586.8 12078.3 7163.3 606.0 2168.5 221.9 128088.4 18954.7 47.3 25212.7 198221.8
2020 5 5 1877.6 1620.5 11652.2 7339.6 606.0 2212.5 228.6 130506.7 19720.5 50.1 24144.9 199959.1
2020 5 6 1877.6 1764.6 11652.2 7831.8 606.0 2224.5 293.0 132952.1 20837.0 53.6 22806.8 202899.2
2020 5 7 1877.6 1619.2 11652.2 7576.2 606.0 2145.6 255.2 131665.7 19377.2 48.2 26422.8 203245.8
2020 5 8 1871.9 1573.8 11652.2 7134.3 606.0 1829.8 295.1 130512.7 18058.4 45.2 21671.8 195251.2
2020 5 9 2950.1 1456.1 16533.9 6579.3 648.3 1658.3 290.3 117001.2 16793.0 44.0 27070.3 191024.7
2020 5 10 3047.6 1768.6 17148.9 8090.3 648.3 2039.7 350.9 130319.2 20135.4 51.9 29004.4 212605.3
2020 5 11 1877.6 1545.3 11652.2 6697.7 606.0 1453.7 388.1 127571.1 16454.4 44.6 23860.6 192151.3
2020 5 12 1877.6 1526.9 11652.2 6396.9 606.0 1366.7 379.7 129914.5 16272.7 44.8 21947.7 191985.7
2020 5 13 1877.6 1796.9 11652.2 7479.3 606.0 1549.3 465.5 133027.1 19127.3 53.0 20962.4 198596.5
2020 5 14 1861.4 1599.7 11483.8 6843.6 606.0 1449.1 410.9 134981.5 17101.5 47.6 26892.3 203277.4
2020 5 15 1841.9 1541.6 11483.8 6454.7 606.0 1227.3 438.2 133753.6 15843.8 44.1 21250.6 194485.5
2020 5 16 1854.9 1464.6 11310.5 6152.1 606.0 1164.0 424.3 120379.4 15209.2 43.2 24452.8 183061.1
2020 5 17 1689.8 1794.8 12288.5 7562.3 606.0 1475.3 500.1 147804.9 18616.8 52.8 29602.0 221993.3
2020 5 18 1408.5 1576.8 10176.2 6822.4 606.0 1328.0 445.0 136118.8 16309.9 44.9 21677.9 196514.3
2020 5 19 1548.3 1579.6 11483.8 6579.7 606.0 1284.4 432.9 133056.6 16325.7 45.6 19637.0 192579.5
2020 5 20 1408.5 1828.5 10176.2 7615.5 606.0 1463.2 513.1 141773.7 18971.5 53.1 20953.3 205362.6
2020 5 21 1408.5 1622.7 10176.2 6811.0 606.0 1322.9 454.7 139016.1 16772.8 47.7 25428.0 203666.5
2020 5 22 1393.6 1610.7 10176.2 6755.5 606.0 1288.5 455.9 145362.0 16102.5 44.8 18383.4 202179.1
2020 5 23 1396.4 1586.7 10002.9 6611.0 606.0 1246.8 467.4 125099.1 16363.8 46.3 23961.0 187387.4
2020 5 24 2087.9 1841.4 13596.1 7676.5 606.0 1447.8 563.0 142984.2 18633.5 53.0 28883.8 218373.2
2020 5 25 1548.3 1653.8 11483.8 7038.2 606.0 1320.3 524.9 130713.3 16756.5 46.4 20987.7 192679.1
2020 5 26 1548.3 1676.3 11483.8 6839.4 606.0 1258.9 550.0 133056.6 16899.9 46.8 17202.6 191168.6
2020 5 27 1408.5 1884.0 10176.2 7689.5 606.0 1387.2 727.2 141773.7 19347.1 53.2 21421.9 206474.4
2020 5 28 1404.8 1634.4 10176.2 6949.4 606.0 1255.0 747.7 146947.6 16622.6 45.2 25170.3 211559.2
2020 5 29 1393.6 1627.4 10176.2 6898.6 606.0 1262.4 705.9 145362.0 16015.4 41.7 16804.7 200893.9
2020 5 30 1392.7 1555.8 10002.9 6535.2 606.0 1179.4 693.7 132803.5 15819.6 42.4 25030.5 195661.5
2020 5 31 1686.1 1830.3 12288.5 7678.9 606.0 1378.9 868.3 147804.9 18267.9 49.3 26790.0 219249.1
2020 6 1 934.3 1645.4 7511.8 6943.4 425.3 1198.9 792.2 113106.7 16196.3 42.3 21393.6 170190.1
2020 6 2 949.0 1701.1 7511.8 7093.5 425.3 1195.0 882.1 119233.8 16717.3 43.0 21953.6 177705.5
2020 6 3 999.3 1836.1 7604.9 7574.2 425.3 1264.9 978.6 120009.4 17971.4 46.5 21546.1 180256.8
2020 6 4 1264.8 1671.5 8215.4 7218.2 513.3 1197.0 1036.6 126326.6 16069.4 41.3 24174.2 187728.3
2020 6 5 1014.4 1570.1 7380.4 6749.4 462.2 1129.7 937.3 119020.6 14748.5 36.5 19476.5 172525.6
2020 6 6 1035.8 1598.1 7674.4 6669.3 482.3 1100.5 965.7 100835.9 15351.5 139.2 27078.5 162931.2
2020 6 7 1146.3 1887.2 7822.7 7990.2 482.3 1309.6 1198.0 123488.8 17643.6 156.1 24297.7 187422.6
2020 6 8 941.0 1707.5 7511.8 7011.6 458.2 1150.1 1097.4 113185.2 15628.4 135.8 22564.1 171391.0
2020 6 9 1027.3 1757.6 7830.8 7003.2 545.3 1115.9 1166.1 119424.2 16125.1 740.5 22802.3 179538.3
2020 6 10 1044.2 1857.5 7924.0 7341.5 545.3 1157.6 1266.0 119767.8 16892.4 799.7 22029.8 180625.8
2020 6 11 1072.3 1719.4 7924.0 7168.2 545.8 1124.7 1313.4 125585.2 15431.0 739.8 25106.8 187730.7
2020 6 12 999.9 1606.0 7380.4 6627.9 429.3 1044.3 1198.3 118395.7 14081.9 712.1 21778.7 174254.5
2020 6 13 772.1 1662.6 6657.9 6615.3 429.3 1031.3 1239.5 99199.7 14752.9 864.0 28597.9 161822.3
2020 6 14 888.1 1899.7 6806.2 7791.5 432.7 1210.6 1453.7 121852.6 16418.5 1051.6 22729.4 182534.7
2020 6 15 934.3 1743.9 7511.8 6905.6 425.3 1069.3 1328.0 112968.1 14747.2 915.2 23280.4 171829.0
2020 6 16 1045.2 1763.7 7830.8 6816.7 545.3 1047.9 1348.3 119424.2 15052.4 1518.5 23991.8 180384.7
2020 6 17 970.3 1820.2 7924.0 6939.2 508.4 1068.0 1347.3 119767.8 15239.5 1540.7 24620.5 181745.8
2020 6 18 837.4 1821.2 6954.9 7109.1 461.7 1090.3 1344.1 126754.2 15114.1 1721.5 24153.6 187362.1
2020 6 19 853.9 1711.8 6811.6 6600.8 496.6 1015.7 1244.2 119448.1 13946.8 1583.4 22070.0 175782.9
2020 6 20 772.1 1767.4 6657.9 6594.6 429.3 1007.8 1285.7 99199.7 14643.8 1681.4 28530.4 162570.0
2020 6 21 844.7 1942.8 6326.3 7426.4 432.5 1136.1 1426.1 122203.6 15741.8 1964.4 24945.4 184390.1
2020 6 22 920.1 1869.9 7731.8 6929.6 495.6 1058.3 1355.8 111451.1 14838.8 1832.8 23751.7 172235.6
2020 6 23 765.7 1848.1 6275.0 6715.2 449.3 1015.2 1334.8 117941.0 14689.6 2434.8 19375.4 172844.0
2020 6 24 957.1 2002.9 7825.0 7105.0 508.4 1062.3 1509.3 120936.8 16291.2 2691.7 26663.0 187552.6
2020 6 25 801.7 1873.3 6423.6 6793.8 450.0 1003.2 1467.8 126681.2 15077.9 2934.8 24594.8 188102.1
2020 6 26 962.2 1842.0 7367.2 6695.3 496.6 984.5 1525.5 119448.1 14565.9 2828.8 20334.4 177050.7
2020 6 27 732.5 1819.0 6306.5 6190.5 423.2 888.2 1490.7 99199.7 15777.7 4243.0 27576.6 164647.7
2020 6 28 848.6 1939.0 6454.8 6754.6 432.5 970.0 1621.4 121852.6 16741.9 4947.7 28774.8 191337.7
2020 6 29 826.4 1825.3 7517.6 6387.7 495.6 908.0 1533.7 111451.1 15791.9 4584.7 24316.2 175638.4
2020 6 30 962.5 1809.8 7731.8 6334.4 508.4 886.2 1564.3 118954.3 15655.2 4637.1 18949.5 177993.6
2020 7 1 845.3 1986.7 6496.7 6890.0 453.5 954.1 1871.1 122758.7 17959.1 5588.6 28495.0 194298.8
2020 7 2 848.4 1880.6 6496.7 6715.9 453.5 917.2 1840.0 122964.9 16721.0 6953.0 23060.7 188851.8
2020 7 3 794.1 1871.4 6416.8 6734.1 439.4 917.3 1914.5 119966.2 16342.0 6833.3 18157.0 180386.1
2020 7 4 615.6 1755.6 5592.2 5912.5 417.0 781.7 1789.0 93289.1 16764.3 7213.8 27071.3 161202.1
2020 7 5 748.1 1849.3 5662.6 6349.3 453.3 838.1 1929.4 111968.9 17639.4 8008.3 33851.8 189298.5
2020 7 6 771.3 1815.1 6346.4 6260.3 440.8 817.9 1931.3 111947.9 17334.7 8472.1 25562.7 181700.5
2020 7 7 764.0 1810.5 6021.8 6219.2 448.3 801.2 1966.7 117318.8 17156.4 8224.2 18121.9 178853.0
2020 7 8 833.9 2050.7 6261.1 6740.9 453.5 848.9 2326.9 122942.7 20547.2 9099.4 28212.1 200317.4
2020 7 9 730.4 1883.1 5672.1 6278.4 453.5 774.9 2247.9 119787.0 18794.7 10341.2 24502.8 191465.9
2020 7 10 636.4 1786.8 5447.1 6086.0 431.0 753.5 2181.7 116300.4 17356.9 9514.5 18391.9 178886.3
2020 7 11 534.1 1719.2 5414.2 5477.7 399.9 649.7 2106.2 90867.1 18262.6 9563.4 28181.3 163175.2
2020 7 12 634.1 1852.8 5484.6 6064.0 442.1 719.6 2328.2 109902.0 19563.9 11494.5 33505.3 191991.0
2020 7 13 644.0 1766.6 5391.0 5812.6 433.9 683.7 2258.0 107762.8 18708.1 11631.0 27825.8 182917.6
2020 7 14 613.0 1827.3 5358.2 5987.2 410.9 700.0 2360.2 112473.7 19250.5 11456.5 17753.6 178190.9
2020 7 15 626.4 1908.3 5414.2 6068.4 431.0 709.1 2501.9 117075.8 20826.1 11510.4 26643.1 193714.8
2020 7 16 634.9 1935.2 5414.2 6253.9 431.0 730.9 2587.9 117282.0 21057.9 13673.7 24059.2 194060.8
2020 7 17 661.6 1766.8 5414.2 5798.0 410.5 684.7 2327.2 114323.9 18745.0 12914.3 17815.7 180861.9
2020 7 18 574.5 1670.8 5414.2 5404.0 399.9 634.3 2213.0 88890.5 18193.6 10168.3 29095.8 162659.1
2020 7 19 657.3 1862.3 5517.4 6103.8 476.9 720.8 2496.6 109902.0 19963.1 12729.4 29966.0 190395.5
2020 7 20 584.5 1869.9 5306.0 6141.0 436.7 721.1 2536.6 107996.3 20090.3 13462.7 29628.8 188774.0
2020 7 21 580.6 1842.2 5258.7 6021.6 436.7 704.3 2489.8 111686.5 19789.7 12035.2 17720.4 178565.8
2020 7 22 610.8 1823.0 5415.4 5871.8 455.8 690.3 2490.2 117075.8 19782.6 11867.9 25124.1 191207.6
2020 7 23 615.5 2031.9 5447.1 6554.1 469.3 771.7 2821.4 117282.0 22110.8 14722.2 24845.8 197671.8
2020 7 24 580.2 1708.4 5146.6 5573.9 406.3 658.0 2328.9 113538.9 18094.7 12766.3 18382.1 179184.4
2020 7 25 471.9 1763.3 4969.1 5668.9 386.1 655.6 2428.5 88105.5 19109.9 12330.4 29960.2 165849.3
2020 7 26 542.4 1973.0 4969.1 6446.9 394.3 753.6 2742.3 107140.4 21082.8 15625.0 22363.9 184033.8
2020 7 27 584.5 1942.3 5258.7 6327.3 436.7 739.3 2714.6 108204.1 20888.1 15379.9 30190.0 192665.6
2020 7 28 580.6 1945.7 5258.7 6026.7 436.7 691.4 2648.4 110180.2 20720.0 17399.4 16355.6 182243.4
2020 7 29 549.3 1759.2 4863.2 5506.4 396.8 639.9 2460.5 116163.1 18918.8 16559.3 20884.3 188700.8
2020 7 30 619.9 2026.5 5314.8 6319.0 455.8 730.9 2851.4 116846.3 21984.4 19386.4 24023.5 200559.1
2020 7 31 621.5 1781.8 5362.1 5631.1 455.8 654.9 2479.1 117170.9 18804.4 17742.9 16814.5 187519.0
2020 8 1 436.4 1675.4 4489.4 5288.7 480.8 612.7 2371.7 85114.4 18166.8 15911.2 31373.9 165921.5
2020 8 2 545.2 1865.9 4808.4 5969.3 502.2 700.8 2661.7 104712.2 20067.1 19020.9 19581.7 180435.4
2020 8 3 627.8 1925.4 5482.0 6121.9 554.1 716.7 2748.4 107245.5 20827.0 19622.8 29737.3 195608.9
2020 8 4 532.7 1958.2 4852.8 5886.1 495.8 674.2 2727.0 110477.3 20925.5 22718.8 13255.9 184504.2
2020 8 5 519.2 1787.4 4255.9 5476.1 428.3 627.9 2544.4 117626.5 19350.6 21772.9 17344.3 191733.5
2020 8 6 519.2 1925.9 4289.6 5845.2 421.4 665.3 2735.1 117233.5 20996.2 22731.5 25306.2 202669.1
2020 8 7 630.5 1703.2 5364.4 5232.3 554.1 599.8 2396.9 114334.7 18036.1 20654.3 16885.0 186391.5
2020 8 8 517.2 1592.9 4864.4 4831.9 538.4 540.7 2265.5 89604.0 17171.2 19459.8 31556.7 172942.6
2020 8 9 665.3 1829.5 5693.1 5600.3 549.6 630.0 2623.3 111900.7 19749.3 23197.7 20015.6 192454.6
2020 8 10 593.6 1777.7 5321.7 5419.2 554.1 609.9 2546.1 104352.4 19203.8 22279.1 29747.2 192404.9
2020 8 11 597.8 1874.7 5321.7 5389.3 554.1 595.8 2611.9 111036.1 19895.4 26553.0 14190.1 188620.1
2020 8 12 625.6 1745.1 5564.4 5139.3 554.1 569.8 2490.8 115312.0 18836.2 24532.8 13646.3 189016.5
2020 8 13 659.8 1804.2 5564.4 5196.7 554.1 565.2 2557.2 116297.0 19705.3 24752.3 26220.1 203876.5
2020 8 14 657.1 1744.8 5564.4 5147.4 554.1 572.3 2460.9 114733.0 18511.8 24087.4 16310.3 190343.5
2020 8 15 572.4 1417.3 5324.9 4107.8 538.4 450.7 2009.5 89771.1 15218.1 20124.7 31769.8 171304.7
2020 8 16 665.3 1694.8 5693.1 4923.7 549.6 541.1 2417.8 109368.9 18301.9 24148.8 23039.7 191344.5
2020 8 17 638.1 1666.2 5176.5 4834.2 544.1 532.6 2373.5 106650.9 17929.9 23328.4 28347.9 192022.2
2020 8 18 642.4 1805.9 5218.0 5201.0 544.1 570.1 2568.9 111460.1 19561.3 25587.2 17298.4 190457.5
2020 8 19 663.8 1688.2 5564.4 4904.9 554.1 539.8 2404.0 116168.4 18221.4 23169.5 13740.1 187618.7
2020 8 20 663.8 1677.1 5564.4 4786.9 554.1 518.4 2376.9 116300.1 18301.8 22537.4 27131.6 200412.5
2020 8 21 661.1 1687.5 5564.4 4893.7 554.1 539.1 2367.4 114736.0 17885.4 22828.7 17279.9 188997.5
2020 8 22 509.5 1516.0 5324.9 4324.7 538.4 473.1 2143.4 89146.9 16349.0 20757.9 30638.9 171722.8
2020 8 23 665.3 1723.6 5693.1 4934.6 549.6 541.5 2417.2 109517.1 18571.8 23705.7 25471.1 193790.7
2020 8 24 638.1 1671.8 5492.0 4817.4 554.1 531.0 2327.4 106761.0 17963.3 22306.0 27445.7 190507.8
2020 8 25 653.0 1735.8 5221.0 4951.2 544.1 543.9 2398.4 111066.0 18678.7 23417.8 20703.0 189913.1
2020 8 26 1026.2 1737.6 8178.5 5054.1 610.9 569.9 2274.4 123012.1 18715.4 22084.0 17661.0 200923.9
2020 8 27 1093.2 1750.2 8176.0 5104.3 610.9 572.5 2215.4 123703.7 18918.5 22847.5 25397.6 210389.9
2020 8 28 895.0 1630.0 6853.9 4880.5 598.4 566.7 2060.1 121623.7 16358.8 18918.8 19326.5 193712.2
2020 8 29 787.5 1583.7 6410.2 4736.5 560.0 554.3 2001.9 97536.6 16333.0 17179.1 31859.2 179542.0
2020 8 30 988.4 1690.3 7253.4 5091.0 571.1 599.2 2088.8 122363.7 17110.4 19109.1 28555.8 205421.2
2020 8 31 979.3 1701.7 7746.5 5159.7 610.9 607.9 2069.2 111355.9 17277.9 18759.3 26042.5 192310.7
2020 9 1 804.3 1756.4 6273.5 5386.0 571.2 643.5 2139.2 117902.7 17818.3 19689.9 19323.8 192308.9
2020 9 2 933.7 1857.0 7301.7 5757.8 652.1 705.6 2090.9 126164.3 18882.2 19729.8 22740.3 206815.5
2020 9 3 837.0 1715.6 6111.0 5340.8 539.8 651.5 1858.6 121548.6 17296.9 19648.7 24754.8 200303.3
2020 9 4 723.5 1585.1 5464.2 5086.6 522.7 640.7 1704.6 118357.6 14709.7 15694.9 20428.1 184917.9
2020 9 5 667.9 1683.2 4848.4 5282.2 473.6 664.4 1821.0 99533.1 16393.1 15103.8 31111.4 177582.2
2020 9 6 987.9 1782.8 7099.2 5654.4 644.9 717.6 1827.7 126202.3 16681.1 17002.1 31870.1 210470.1
2020 9 7 1069.7 1712.5 7206.6 5408.3 832.0 684.9 1716.7 120983.5 16181.1 16044.9 27661.6 199501.8
2020 9 8 1012.8 1684.3 7377.1 5286.1 840.0 673.0 1641.5 123472.3 15434.0 15490.8 20845.5 193757.3
2020 9 9 933.7 1881.2 7301.7 5819.9 652.1 753.0 1675.0 126968.8 17637.2 15772.1 27527.4 206922.0
2020 9 10 990.2 1738.4 7139.2 5433.6 652.1 701.5 1482.8 130087.8 16000.5 16603.4 24940.9 205770.6
2020 9 11 955.8 1615.6 6567.8 5275.1 604.0 705.9 1330.6 123178.1 13381.0 12681.1 21019.8 187314.8
2020 9 12 821.1 1650.4 5876.7 5260.4 578.1 703.9 1359.1 102621.1 14373.8 11345.8 29184.1 173774.7
2020 9 13 987.9 1828.6 7099.2 5825.7 644.9 779.8 1454.0 126202.3 15455.9 13839.6 33934.8 208052.7
2020 9 14 1014.5 1739.3 7131.2 5473.4 675.5 732.4 1330.2 123953.2 14720.8 13129.0 26586.1 196485.7
2020 9 15 957.6 1727.1 7301.7 5410.0 683.5 729.9 1277.6 126442.0 14137.7 13123.2 20174.0 191964.2
2020 9 16 1012.8 1927.3 7377.1 5821.1 842.3 785.6 1388.4 123999.1 16253.3 12717.3 27856.6 199980.9
2020 9 17 1069.2 1692.4 7214.6 5181.9 840.0 699.4 1227.3 127118.1 13864.3 12874.5 24469.8 196251.5
2020 9 18 955.8 1728.2 6567.8 5447.2 604.0 735.7 1274.1 123178.1 13850.3 13380.2 18886.9 186608.3
2020 9 19 900.2 1676.5 5952.0 5084.5 766.0 685.6 1207.1 100455.8 13939.3 11222.6 26088.4 167977.8
2020 9 20 1084.9 1832.0 7174.6 5622.9 618.4 760.8 1310.1 123232.6 14828.9 13879.3 31978.2 202322.6
2020 9 21 1069.7 1732.8 7206.6 5224.7 620.0 710.5 1206.7 119371.2 14045.6 13067.9 25501.3 189757.0
2020 9 22 1012.8 1696.9 7377.1 5060.0 627.9 693.3 1151.9 123472.3 13570.3 12767.8 20902.4 188332.7
2020 9 23 1012.8 1856.2 7377.1 5314.0 627.9 754.1 1207.7 122386.9 15242.1 12044.2 25950.4 193773.3
2020 9 24 1069.2 1731.4 7214.6 5110.9 627.9 814.4 1063.4 127118.1 14104.0 12085.4 23742.5 194682.0
2020 9 25 955.8 1752.3 6567.8 5473.0 818.4 878.9 1068.9 123178.1 13778.7 13171.1 17215.5 184858.5
2020 9 26 821.1 1655.0 5876.7 5121.5 578.1 836.9 981.0 102621.1 13461.6 10514.0 25559.2 168026.2
2020 9 27 1084.9 1727.1 7174.6 6087.9 618.4 1263.5 900.2 123232.6 14109.2 10138.3 29278.7 195615.3
2020 9 28 1069.7 1735.1 7206.6 5947.3 620.0 1249.2 856.9 120983.5 14003.4 10012.6 24084.9 187769.1
2020 9 29 1022.3 1779.9 7558.4 6415.8 627.9 1477.4 766.0 121860.1 14629.2 9520.4 21177.2 186834.6
2020 9 30 1722.6 1782.9 10154.3 5932.4 718.1 1245.3 874.9 121610.1 14698.9 9311.8 23765.6 191816.9
2020 10 1 2039.3 1695.5 11912.6 6101.9 668.4 1426.5 729.2 129281.9 14279.9 10419.2 21323.6 199878.1
2020 10 2 995.2 1672.1 6061.2 6287.1 520.3 1470.7 689.5 125924.7 13741.1 11161.6 16764.2 185287.6
2020 10 3 896.2 1629.1 6135.4 6172.3 461.7 1479.0 632.6 103355.6 13897.5 8757.7 25053.6 168470.8
2020 10 4 1057.9 1644.5 6619.5 6933.6 548.2 1872.2 513.6 125536.4 14006.0 7715.4 25065.4 191512.7
2020 10 5 1885.3 1749.6 13252.3 7241.1 659.2 2025.9 444.0 122865.2 14657.7 7282.4 23743.0 195805.7
2020 10 6 1997.3 1770.1 13253.1 7512.1 660.0 2191.1 360.7 126339.0 14908.1 6606.3 19094.5 194692.5
2020 10 7 1997.3 1710.1 13266.0 6923.7 668.4 1937.8 441.3 127079.7 14560.6 6380.5 21847.3 196812.7
2020 10 8 2039.3 1731.8 11912.6 7225.4 668.4 2163.4 324.9 129281.9 14783.4 6206.3 19698.1 196035.6
2020 10 9 2187.2 1695.5 11527.9 7244.8 652.4 2154.2 283.7 125924.7 14111.4 7056.0 16051.7 188889.6
2020 10 10 2289.3 1704.5 11572.4 7333.8 587.5 2192.2 265.7 103355.6 14715.0 5730.3 23940.9 173687.3
2020 10 11 3005.6 1773.3 18732.2 8185.4 698.3 2638.2 381.3 137368.1 15268.8 3880.9 22173.1 214105.3
2020 10 12 3659.7 1881.1 16634.6 8356.8 656.5 2722.8 240.3 128227.5 15988.1 3651.8 20771.3 202790.6
2020 10 13 3375.2 1883.6 16911.1 8467.6 685.7 2814.0 78.5 131272.1 16052.7 3454.7 17251.9 202247.1
2020 10 14 2720.3 1891.1 15997.8 8172.3 698.2 2648.0 292.7 129325.9 16459.9 3597.5 21320.0 203123.7
2020 10 15 2721.2 1780.1 14359.9 7892.5 698.2 2613.6 117.7 131528.1 15148.9 3401.9 18629.2 198891.4
2020 10 16 2685.9 1816.7 14410.3 8018.6 656.9 2642.2 114.1 128170.9 15134.7 3595.8 15138.0 192384.1
2020 10 17 2523.4 1818.7 14267.5 7935.1 606.3 2628.0 103.8 108952.7 16041.4 3064.8 23046.3 180987.8
2020 10 18 2966.5 1963.1 16027.6 8396.1 698.3 2779.6 110.5 137368.1 16711.1 3650.1 21863.8 212534.8
2020 10 19 2535.6 1953.3 15286.7 8246.4 681.6 2761.0 0.0 123947.1 16874.8 3182.1 19735.8 195204.3
2020 10 20 2647.6 1860.0 15846.4 7685.6 690.8 2567.7 78.5 127420.8 15901.1 3517.8 13997.9 192214.3
2020 10 21 2666.4 2072.5 15942.4 8445.3 698.2 2818.7 75.1 129325.9 18413.8 3358.6 22513.4 206330.3
2020 10 22 2724.9 1868.1 14499.5 7670.2 735.0 2587.0 0.0 131528.1 16044.5 3177.9 20275.0 201110.3
2020 10 23 2725.0 1843.2 15622.4 7545.7 656.9 2527.4 0.0 128170.9 15430.9 3210.6 16142.6 193875.7
2020 10 24 3243.6 1835.5 18772.5 7350.8 613.7 2517.0 0.0 114766.5 16473.2 2612.6 24132.0 192317.4
2020 10 25 3467.7 2101.4 21649.5 8413.1 719.9 2997.0 0.0 145119.1 18178.1 3835.2 24277.6 230758.6
2020 10 26 3199.7 1901.6 16514.7 7517.0 656.5 2689.7 0.0 127067.9 17139.9 3101.0 19910.3 199698.2
2020 10 27 3375.2 1783.8 16911.1 7036.5 685.7 2592.9 0.0 131272.1 16079.5 2937.7 14777.0 197451.5
2020 10 28 3386.6 2170.1 18213.1 8686.6 705.5 3483.9 0.0 133461.1 22424.4 4618.9 25069.1 222219.3
2020 10 29 3990.4 1753.3 21333.1 7452.2 784.6 2961.0 0.0 139243.1 18236.5 4308.7 21828.3 221891.2
2020 10 30 4515.5 1716.3 23567.0 7307.3 751.3 2859.3 0.0 150070.5 17424.3 4203.9 18783.5 231199.0
2020 10 31 4283.3 1721.5 20175.1 7209.2 686.5 2923.5 0.0 131371.3 19292.8 3348.1 26786.9 217798.2
2020 11 1 4818.4 1882.4 24358.6 8296.3 696.3 3489.1 0.0 143916.0 20669.0 4986.9 28949.6 242062.5
2020 11 2 4263.0 1700.7 22186.9 7721.1 643.9 3323.7 0.0 128897.5 19919.4 4710.7 23554.6 216921.5
2020 11 3 4399.0 1674.2 22028.4 7785.9 657.2 3470.4 0.0 128146.6 20379.1 4460.2 15296.0 208297.1
2020 11 4 4523.1 1944.3 22460.3 9089.7 681.9 4262.4 0.0 132400.4 25144.9 6659.5 24919.5 232085.9
2020 11 5 4033.0 1724.7 21715.9 8667.7 683.8 4096.1 0.0 144425.1 23320.3 7240.8 21271.0 237178.3
2020 11 6 3709.1 1529.3 19401.8 7740.2 653.8 3636.8 0.0 140232.9 20347.1 6424.2 20815.6 224490.9
2020 11 7 3314.7 1587.4 17950.4 7795.1 559.1 3745.8 0.0 122372.1 22691.4 5544.4 27980.7 213541.3
2020 11 8 3864.4 1760.5 20980.5 8778.0 682.9 4378.5 0.0 150823.4 24242.6 7995.8 27538.3 251045.1
2020 11 9 4909.1 1707.6 24279.0 8891.0 651.8 4547.3 0.0 148022.9 24805.8 8943.2 22109.5 248867.3
2020 11 10 4290.1 1688.9 22028.4 8793.4 657.2 4572.0 0.0 128146.6 25554.3 7420.0 13247.2 216398.1
2020 11 11 5431.3 1819.0 25916.3 9479.9 689.8 5122.1 0.0 162614.3 28527.9 9517.7 23444.1 272562.5
2020 11 12 4678.4 1739.0 23203.6 9555.4 683.8 5183.9 0.0 142480.0 28647.0 10735.7 20081.6 246988.4
2020 11 13 4127.4 1522.1 20216.6 8463.8 653.8 4632.8 0.0 133164.8 24498.3 9859.0 19001.1 226139.7
2020 11 14 3258.8 1655.5 18057.4 8737.8 610.5 4853.2 0.0 117167.2 28361.3 8878.8 28888.2 220468.8
2020 11 15 5055.9 1712.5 25153.3 9248.5 696.3 5284.1 0.0 157390.1 28475.9 11816.7 24839.0 269672.3
2020 11 16 5593.6 1700.4 22715.5 9414.2 672.4 5364.6 0.0 133815.9 28909.2 12146.3 23374.0 243706.1
2020 11 17 4515.4 1741.6 22868.7 9508.4 657.2 5431.4 0.0 133269.7 30713.8 10395.6 13649.2 232751.0
2020 11 18 5793.9 1792.5 26411.0 9616.3 710.3 5570.9 0.0 159741.6 31140.4 11736.8 23195.9 275709.7
2020 11 19 5106.6 1889.0 25145.4 10104.1 695.2 5894.5 0.0 161913.9 31989.2 14083.0 18369.9 275190.9
2020 11 20 4540.6 1670.4 23196.8 9030.2 667.2 5327.5 0.0 155371.5 27913.6 12792.1 18447.4 258957.2
2020 11 21 4251.2 1800.4 21533.5 9218.6 623.9 5477.5 0.0 127548.3 31383.1 11755.0 27771.5 241362.9
2020 11 22 7178.8 1870.4 30324.4 9755.7 749.0 5907.3 0.0 155519.7 31521.8 14898.2 22575.0 280300.2
2020 11 23 6657.8 1893.8 27843.0 9893.0 672.4 5976.1 0.0 155081.2 32703.5 14101.5 22867.7 277689.9
2020 11 24 6815.5 1813.7 28519.0 9498.5 685.7 5848.3 0.0 158182.2 32283.4 11890.5 13479.5 269016.4
2020 11 25 6543.1 1949.6 29536.7 9702.6 710.3 6061.7 0.0 159741.6 35734.0 13189.0 24129.9 287298.6
2020 11 26 7061.6 1909.7 30656.3 9653.2 739.0 6224.2 0.0 172440.7 33803.8 15092.3 16937.7 294518.3
2020 11 27 6502.5 1829.5 28743.2 9923.7 711.0 6716.9 0.0 155018.8 35246.4 10710.3 18539.6 273941.9
2020 11 28 5629.6 1772.9 24258.9 9626.9 676.6 6467.0 0.0 145024.5 35970.6 9993.3 27025.6 266446.0
2020 11 29 6336.6 1842.9 27137.9 10082.2 749.0 6886.9 0.0 155519.7 36670.9 12324.0 25649.5 283199.6
2020 11 30 6657.8 1793.4 27843.0 9760.5 672.4 6671.5 0.0 155081.2 36283.0 10626.0 22640.8 278029.5
2020 12 1 11117.9 1783.9 47989.5 10520.5 1002.4 7567.1 0.0 148257.0 39364.5 9288.7 15714.1 292605.5
2020 12 2 10381.5 1897.1 44386.7 10586.1 1036.2 7570.7 0.0 148257.0 42468.9 10465.6 25806.2 302856.0
2020 12 3 9767.6 1748.2 42311.8 9977.1 1036.2 7316.2 0.0 148257.0 37573.3 11879.9 16669.6 286537.0
2020 12 4 10435.6 1830.4 45913.9 11183.0 1036.2 8437.2 0.0 148257.0 43371.6 7616.5 21409.6 299491.0
2020 12 5 8670.3 1679.5 37125.6 10525.3 1000.3 7891.3 0.0 140098.0 41975.3 7161.9 26179.6 282307.3
2020 12 6 9006.7 1754.3 39167.7 10948.1 1000.3 8271.8 0.0 143860.4 43392.8 8467.6 27994.2 293864.0
2020 12 7 9314.8 1780.4 42290.6 11017.1 1028.8 8357.6 0.0 139828.9 44457.0 7656.8 21479.0 287210.9
2020 12 8 11197.1 1807.3 50679.6 11805.5 1170.7 9217.0 0.0 154453.6 47777.9 6121.6 16820.6 311050.9
2020 12 9 10948.0 1816.0 47631.7 11389.3 1066.5 8868.0 0.0 151656.8 49115.5 6460.5 23311.3 312263.8
2020 12 10 9666.6 1732.9 44864.0 11000.2 1066.5 8746.5 0.0 148257.0 46295.8 7091.0 16568.6 295289.1
2020 12 11 11247.9 1795.1 49578.1 11985.1 1066.5 9675.0 0.0 151656.8 50926.1 3285.7 22428.3 313644.7
2020 12 12 9968.5 1593.9 43513.9 11103.2 1000.3 8972.4 0.0 140098.0 48027.6 3207.8 27249.2 294734.8
2020 12 13 9769.5 1661.7 43206.1 11494.5 1000.3 9323.0 0.0 143860.4 49529.9 3682.5 27619.4 301147.2
2020 12 14 9327.9 1681.5 43694.9 11579.0 1170.7 9443.6 0.0 148042.5 50469.8 3627.2 21262.3 300299.3
2020 12 15 11203.2 1824.9 50791.7 12837.3 1170.7 10569.2 0.0 154453.6 56026.8 2784.6 18689.3 320351.2
2020 12 16 11160.0 1698.8 50121.9 11932.5 1159.5 9804.5 0.0 154453.6 53101.7 2487.0 22477.3 318396.7
2020 12 17 11280.6 1665.7 50160.0 11667.9 1066.5 9625.8 0.0 151656.8 51857.9 2788.1 18312.6 310081.9
2020 12 18 9524.7 1680.0 42958.5 11729.7 1066.5 9658.9 0.0 148257.0 52304.9 2492.8 24664.0 304337.0
2020 12 19 9585.0 1590.3 41003.9 11022.4 993.3 9082.8 0.0 140098.0 49871.2 2452.6 27294.6 292994.2
2020 12 20 9678.4 1647.9 42403.4 11400.0 993.3 9440.4 0.0 143860.4 51211.6 2675.9 25967.4 299278.7
2020 12 21 8409.6 1706.0 34557.6 11727.8 964.7 9681.8 0.0 139828.9 53280.8 2424.6 23586.5 286168.3
2020 12 22 10389.7 1721.2 44638.7 11880.4 1002.4 9890.4 0.0 148257.0 53847.5 2182.2 20668.7 304478.2
2020 12 23 11132.0 1732.1 47737.4 11880.5 1036.2 9902.4 0.0 148257.0 54680.8 2025.8 20123.1 308507.3
2020 12 24 9526.9 1733.8 43289.1 11866.8 1066.5 9913.0 0.0 148257.0 54899.9 2237.6 18161.6 300952.3
2020 12 25 9664.4 1686.5 44282.1 11527.5 1066.5 9593.1 0.0 148257.0 53060.0 1998.1 24566.4 305701.7
2020 12 26 8132.1 1576.7 36269.0 10769.1 1000.3 8944.8 0.0 140098.0 49672.1 1934.4 25218.7 283615.2
2020 12 27 11091.7 1588.3 49562.8 10899.4 1096.4 9084.0 0.0 150271.3 49718.3 2010.3 25797.4 311120.0
2020 12 28 9881.5 1633.9 44356.6 11680.2 1119.7 9517.5 0.0 148042.5 49692.7 1241.8 22964.2 300130.7
2020 12 29 11691.2 1578.1 51000.1 11383.2 1119.7 9316.5 0.0 154453.6 48599.1 1408.2 21603.8 312153.4
2020 12 30 11166.1 1740.5 50362.2 12567.5 1170.7 10255.0 0.0 154453.6 53677.0 1288.4 21314.3 317995.1
2020 12 31 11284.6 1652.3 50648.8 11825.3 1087.0 9684.6 0.0 154453.6 51014.4 1408.5 19741.6 312800.7
2021 1 1 9378.4 2004.9 40531.1 13000.2 1066.8 9986.2 0.0 157858.3 49120.7 13.9 25680.7 308641.3
2021 1 2 8320.2 1862.3 35841.9 12174.2 966.1 9330.1 0.0 146253.8 45877.6 15.6 29364.1 290006.0
2021 1 3 8468.4 2152.0 36663.4 13954.3 1007.0 10690.9 0.0 152076.9 52373.2 15.3 25020.1 302421.5
2021 1 4 7863.5 1926.3 34654.9 12477.7 969.9 9571.6 0.0 136560.8 46630.3 14.6 23444.2 274114.0
2021 1 5 8440.0 2019.4 38233.6 13212.2 1077.6 10123.2 0.0 158386.3 49349.0 15.5 24998.5 305855.1
2021 1 6 8759.1 2087.9 38363.3 13571.6 1113.5 10436.5 0.0 160466.8 51408.6 15.4 33651.0 319873.8
2021 1 7 8224.5 2094.6 37743.9 13362.9 1077.6 10271.8 0.0 155836.3 50395.2 14.3 28951.2 307972.3
2021 1 8 8581.6 2071.3 37903.2 13197.0 1095.8 10156.8 0.0 159297.5 50023.5 14.7 26650.5 308992.0
2021 1 9 8677.9 1967.6 37098.9 12574.2 982.9 9665.9 0.0 147079.7 47736.5 15.7 29139.0 294938.3
2021 1 10 9036.5 2188.5 40981.3 13909.0 1124.5 10681.2 0.0 162828.5 52319.4 15.4 24200.8 317285.2
2021 1 11 9179.4 1984.0 37381.9 12694.0 1046.6 9755.1 0.0 151286.7 47439.4 15.1 22128.6 292910.9
2021 1 12 10564.2 2128.5 46131.2 13622.9 1055.9 10498.1 0.0 175572.6 51429.9 16.0 26005.0 337024.1
2021 1 13 10678.0 2102.1 45709.0 13423.6 1110.5 10362.7 0.0 171098.1 51034.8 15.5 33154.1 338688.5
2021 1 14 10006.5 2134.5 43521.3 13436.1 1095.2 10367.1 0.0 166920.3 50725.9 14.8 28197.4 326419.2
2021 1 15 9674.9 2108.7 42486.5 13218.6 1049.4 10245.8 0.0 162819.5 50588.7 15.2 27222.7 319429.9
2021 1 16 8616.5 2020.1 37098.9 12687.8 982.9 9824.1 0.0 147079.7 48531.8 16.2 28920.6 295778.7
2021 1 17 8402.3 2203.4 37919.5 13798.8 1007.0 10663.6 0.0 151946.1 52222.8 15.9 24076.1 302255.5
2021 1 18 7970.8 2084.4 36349.2 13055.2 968.6 10107.8 0.0 144785.6 49126.8 16.8 20920.5 285385.8
2021 1 19 9967.3 2275.0 43166.9 14024.1 1068.1 10935.5 0.0 167407.3 54012.5 18.4 29049.0 331924.1
2021 1 20 10633.2 2187.6 45709.0 13449.6 1088.2 10486.3 0.0 171098.1 51674.1 17.5 31705.7 338049.4
2021 1 21 9916.7 2244.2 42587.2 13733.2 1095.2 10702.0 0.0 166920.3 52526.6 17.3 27594.7 327337.3
2021 1 22 9787.6 2213.8 41562.9 13520.1 1095.2 10581.3 0.0 166555.4 52626.4 18.2 28191.5 326152.3
2021 1 23 10844.7 2149.8 45740.7 13150.8 1089.6 10276.5 0.0 167023.4 50898.9 18.8 28462.4 329655.6
2021 1 24 10991.7 2274.9 46253.2 13878.8 1089.6 10821.4 0.0 172840.6 53433.2 18.5 23656.1 335258.0
2021 1 25 10367.6 2145.4 39780.2 13086.5 1046.6 10221.4 0.0 151436.4 50276.6 20.2 20475.6 298856.5
2021 1 26 10748.6 2340.0 46399.2 14152.0 1055.9 11125.9 0.0 175572.6 55667.8 22.6 32218.6 349303.2
2021 1 27 10678.0 2259.0 45709.0 13661.5 1098.4 10693.6 0.0 171098.1 53426.6 21.3 29987.4 338632.9
2021 1 28 9623.2 2266.1 42977.7 13674.5 1124.5 10683.4 0.0 167760.1 54056.7 20.7 28766.4 330953.4
2021 1 29 9674.9 2227.6 42486.5 13388.0 1049.4 10496.0 0.0 162819.5 53898.1 21.6 29271.4 325332.9
2021 1 30 8987.1 2219.3 38950.1 13383.5 1091.3 10465.8 0.0 156534.5 53296.8 22.7 29531.2 314482.4
2021 1 31 9770.6 2315.7 42194.3 13865.7 1102.0 10806.0 0.0 164680.1 55716.1 27.5 24118.5 324596.6
2021 2 1 9854.4 2156.9 38432.6 13013.1 1038.9 10334.5 0.0 149546.5 51683.4 31.0 21459.7 297551.1
2021 2 2 11137.6 2365.4 46424.5 14156.9 1091.0 11271.9 0.0 162559.0 57477.2 33.2 33652.6 340169.3
2021 2 3 11137.6 2297.9 46501.5 13867.6 1119.8 11002.2 0.0 162559.0 55332.3 27.0 28845.8 332690.7
2021 2 4 10003.7 2272.6 43675.0 13654.4 1095.2 10812.4 0.0 162559.0 55712.7 28.5 29882.8 329696.4
2021 2 5 10088.6 2216.5 43175.6 13184.9 1090.8 10435.6 0.0 162559.0 54266.1 29.0 29386.7 326432.9
2021 2 6 9974.9 2245.2 41547.2 13425.4 1089.8 10586.9 0.0 157759.2 54463.5 30.0 30826.1 321948.3
2021 2 7 10403.1 2339.0 42768.8 13875.1 1121.0 10909.0 0.0 159039.1 57161.7 38.7 24997.4 322653.0
2021 2 8 8040.8 2147.1 38139.8 12721.4 1121.3 9979.5 0.0 149546.5 52031.0 41.5 21910.1 295679.1
2021 2 9 10003.7 2335.1 43443.9 13769.4 1077.3 10798.1 0.0 156956.2 57181.3 42.0 32929.2 328536.2
2021 2 10 10003.7 2266.0 43381.7 13508.9 1132.3 10539.9 0.0 162559.0 55004.1 36.1 28978.3 327409.9
2021 2 11 9796.2 2201.5 41745.0 13096.0 1088.6 10165.7 0.0 155399.6 54414.6 57.3 30061.1 318025.5
2021 2 12 8823.1 2065.9 38783.7 12160.0 1060.2 9432.0 0.0 155399.6 50843.0 55.3 29435.9 308058.6
2021 2 13 8905.4 2170.8 36451.7 12845.2 928.6 9932.7 0.0 146527.9 53112.4 59.5 30963.8 301898.2
2021 2 14 8493.6 2276.3 37746.9 13386.1 995.1 10301.1 0.0 150462.3 55728.6 72.2 25520.5 304982.6
2021 2 15 8333.3 2070.5 37887.6 12194.0 936.5 9324.1 0.0 143933.9 50150.9 76.2 21327.2 286234.4
2021 2 16 9068.2 2278.7 39763.6 13403.6 1132.7 10222.6 0.0 155399.6 55637.5 74.3 30703.5 317684.2
2021 2 17 8823.1 2216.1 38441.3 13183.4 1088.3 10020.8 0.0 155399.6 53797.9 65.8 28692.8 311729.1
2021 2 18 9796.2 2167.7 41745.0 12897.4 1088.6 9747.7 0.0 155399.6 52684.1 69.1 27461.1 313056.4
2021 2 19 9489.0 1995.0 40402.7 11753.8 1012.6 8875.1 0.0 153830.5 48303.1 64.6 27480.7 303207.2
2021 2 20 8480.9 2081.7 34895.4 12310.1 950.7 9267.5 0.0 149182.4 50124.0 70.0 28492.9 295855.5
2021 2 21 9224.8 2234.0 40140.3 13233.6 995.1 9912.1 0.0 150462.3 53304.3 75.5 24399.3 303981.3
2021 2 22 8135.8 2023.3 35452.5 11933.0 949.6 8869.7 0.0 139495.5 47235.7 70.7 23830.6 277996.4
2021 2 23 8906.6 2161.7 39663.8 12805.2 1132.7 9504.4 0.0 155399.6 50854.4 65.6 28894.1 309388.0
2021 2 24 9796.2 2182.6 41623.1 13039.5 1089.2 9614.0 0.0 155399.6 51267.4 66.2 28051.9 312129.6
2021 2 25 9215.9 2120.1 38913.4 12369.7 1136.0 8981.6 0.0 155399.6 48286.1 53.6 26219.7 302695.7
2021 2 26 9215.9 1893.0 39758.7 11127.0 1105.4 8100.5 0.0 155399.6 43789.8 44.8 25839.5 296274.3
2021 2 27 8198.7 2054.6 34426.5 12115.9 950.1 8786.8 0.0 145501.1 47066.0 50.4 24770.5 283920.8
2021 2 28 8913.6 2158.9 38536.9 12716.1 952.6 9179.1 0.0 147807.8 48863.8 51.3 24197.7 293377.9
2021 3 1 7596.3 1959.5 31956.7 11407.5 843.4 7903.9 0.0 155882.1 42867.6 45.6 29233.4 289696.2
2021 3 2 7596.3 2150.2 34279.7 12539.8 874.5 8678.9 0.0 159660.6 46958.4 44.3 26156.6 298939.4
2021 3 3 6209.6 2152.7 32679.2 12474.5 876.1 8602.9 0.0 152634.6 46606.1 42.0 27094.0 289371.5
2021 3 4 5271.2 2112.8 28210.9 11849.4 841.9 8053.3 0.0 150648.2 44062.4 52.7 25639.8 276742.6
2021 3 5 5271.2 1998.7 27620.6 11246.0 807.4 7654.3 0.0 151043.9 42112.2 44.2 23103.4 270901.9
2021 3 6 5748.2 2124.4 26298.3 12100.1 747.4 8215.0 0.0 139677.7 44307.3 49.9 21820.1 261088.4
2021 3 7 6547.5 2157.4 29205.0 12165.2 799.9 8212.2 0.0 150443.2 44145.4 53.0 26723.7 280452.5
2021 3 8 7596.3 2003.7 31956.7 11174.1 843.4 7518.1 0.0 155882.1 39873.5 48.2 26959.7 283855.8
2021 3 9 7596.3 2213.0 34279.7 12369.9 874.5 8280.6 0.0 159660.6 43568.6 50.0 26337.5 295230.7
2021 3 10 7596.3 2131.2 34279.7 11937.2 885.6 7961.3 0.0 159660.6 41659.0 46.8 29665.5 295823.2
2021 3 11 7596.3 2058.4 33802.7 11137.3 917.0 7300.7 0.0 159660.6 38702.7 55.8 28903.2 290134.8
2021 3 12 6456.8 2048.0 30569.2 11135.8 806.7 7277.5 0.0 151043.9 38515.0 51.2 24775.4 272679.4
2021 3 13 5703.9 2127.7 22854.6 11743.7 634.5 7683.9 0.0 139677.7 39987.4 53.9 22208.1 252675.3
2021 3 14 5703.9 2173.5 23328.5 11974.9 634.5 7780.4 0.0 143927.3 40386.3 57.5 26210.2 262177.1
2021 3 15 5606.4 2095.0 25561.1 11504.7 734.0 7427.7 0.0 138643.6 37926.0 56.0 24339.0 253893.3
2021 3 16 6165.3 2225.7 31978.6 12206.3 842.7 7846.3 0.0 148915.5 39966.5 57.7 27555.9 277760.5
2021 3 17 5280.6 2201.3 28275.2 12007.4 846.3 7681.5 0.0 151502.2 39035.0 56.5 29819.2 276705.2
2021 3 18 5271.2 2125.4 28210.9 11585.7 840.8 7353.9 0.0 150648.2 37504.0 54.8 28085.2 271680.1
2021 3 19 4318.8 2174.8 22977.1 11843.9 750.5 7476.0 0.0 150153.4 38286.3 55.7 26918.7 264955.3
2021 3 20 5703.9 2150.9 23373.2 11861.0 699.2 7503.8 0.0 139677.7 37818.4 55.9 22684.1 251528.1
2021 3 21 6399.6 2180.3 29108.2 12088.2 772.0 7612.5 0.0 150443.2 38161.0 58.8 25057.3 271881.1
2021 3 22 6657.9 2160.9 30504.3 11998.2 781.0 7481.9 0.0 138643.6 37250.4 58.9 23378.0 258915.1
2021 3 23 6209.6 2210.3 32679.2 12248.4 841.5 7575.9 0.0 148915.5 37929.0 58.7 26589.2 275257.5
2021 3 24 6165.3 2130.6 29578.7 11824.5 843.8 7262.9 0.0 152634.6 36366.8 57.1 29377.3 276241.5
2021 3 25 6165.3 2105.2 29836.4 11654.2 848.0 6977.9 0.0 151780.7 35602.2 63.7 26867.9 271901.5
2021 3 26 6165.3 2128.5 29636.8 11727.1 815.8 6981.9 0.0 151043.9 35969.6 64.2 28760.6 273293.7
2021 3 27 5238.0 2050.8 22063.4 11381.5 629.1 6734.4 0.0 139677.7 34184.6 59.9 22874.9 244894.3
2021 3 28 4959.2 2105.5 25339.5 11457.1 727.5 6695.8 0.0 143036.8 34357.9 66.0 25256.3 254001.7
2021 3 29 4083.7 2064.8 17681.7 11268.5 623.7 6509.8 0.0 138643.6 33524.1 65.3 24214.2 238679.3
2021 3 30 3489.7 2099.1 19006.4 11444.6 630.9 6549.1 0.0 145244.9 33869.0 65.1 23988.6 246387.3
2021 3 31 3485.2 2056.9 17707.7 10914.7 631.7 6118.1 0.0 142980.5 32639.1 64.9 26852.7 243451.5
2021 4 1 3583.3 2075.0 19139.2 11067.3 610.7 5840.5 0.0 146398.0 32677.0 72.8 24684.0 246147.9
2021 4 2 3497.5 2088.5 19203.8 10988.0 612.0 5725.2 0.0 145574.4 32637.6 74.2 27430.9 247832.1
2021 4 3 3480.5 2049.7 19218.4 10785.9 668.8 5535.2 0.0 131931.3 31084.4 69.4 20677.9 225501.5
2021 4 4 3613.1 2039.0 19414.7 10439.3 674.4 5268.7 0.0 142938.1 30259.6 74.4 24190.1 238911.4
2021 4 5 4200.1 2021.7 20371.0 10359.1 650.8 5163.9 0.0 136258.7 29907.4 75.3 23621.4 232629.3
2021 4 6 4492.6 2041.2 23376.3 10498.6 682.4 5181.1 0.0 144145.7 30109.4 74.2 20364.2 240965.8
2021 4 7 5297.7 2002.7 27819.5 9953.6 905.2 4723.7 0.0 149330.5 28627.9 74.8 26064.1 254799.7
2021 4 8 3981.0 1997.9 21096.6 9814.0 610.6 4480.2 0.0 149330.5 28159.5 82.5 24451.3 244004.1
2021 4 9 3307.7 1970.3 19097.2 9622.6 641.4 4357.3 0.0 145574.4 27672.6 81.1 27983.2 240308.0
2021 4 10 3389.7 2021.7 18301.8 9855.3 622.5 4334.7 0.0 131931.3 27307.1 79.3 21079.5 218922.8
2021 4 11 3613.1 2049.8 19414.7 9679.3 675.1 4170.1 0.0 142938.1 27250.0 85.1 24379.2 234254.6
2021 4 12 3539.9 1963.2 18266.4 9373.9 579.8 3993.5 0.0 136258.7 25854.3 81.7 25479.3 225390.7
2021 4 13 3564.2 1955.8 18874.6 9399.8 641.4 3969.8 0.0 141213.3 25750.3 81.4 20909.2 226359.8
2021 4 14 3503.8 2063.9 18863.0 9685.8 636.8 3987.5 0.0 146398.0 26881.3 87.2 28024.7 240132.1
2021 4 15 3583.3 1983.8 19139.2 9264.5 610.1 3709.9 0.0 146398.0 25412.3 84.7 25872.5 236058.4
2021 4 16 3232.6 1989.7 18564.0 9299.6 664.4 3705.2 0.0 145574.4 25682.7 86.1 28128.2 236927.0
2021 4 17 3415.0 2031.0 18772.5 9554.0 671.2 3782.3 0.0 131931.3 25493.5 83.5 24175.7 219910.1
2021 4 18 4017.2 2074.9 21323.4 9689.6 709.5 3821.0 0.0 142938.1 26364.2 89.4 27241.3 238268.4
2021 4 19 3509.9 2019.1 18338.1 9595.3 620.3 3761.4 0.0 138237.6 25475.6 86.0 27669.8 229313.0
2021 4 20 3306.8 1972.2 17940.6 9429.5 672.7 3633.8 24.9 141213.3 24631.3 82.9 20930.8 223838.6
2021 4 21 3400.2 2118.1 17947.3 10070.7 558.6 3883.3 25.4 146398.0 26919.8 92.1 31260.7 242674.3
2021 4 22 2821.0 2018.3 14057.5 9610.8 562.7 3671.4 29.6 146398.0 25357.5 87.0 27904.2 232518.1
2021 4 23 3232.6 1928.3 18564.0 9191.3 664.4 3438.2 49.5 145574.4 24215.7 81.7 30181.2 237121.5
2021 4 24 3380.4 1955.7 18543.8 9164.0 635.0 3360.2 51.5 131931.3 23603.2 78.5 27591.1 220294.7
2021 4 25 2358.4 2043.9 13387.1 9558.8 520.3 3498.3 58.7 142938.1 25188.9 86.5 29490.6 229129.6
2021 4 26 3024.8 1954.9 15945.9 9341.8 597.9 3387.6 58.0 138237.6 23902.9 80.6 32045.5 228577.6
2021 4 27 3564.2 1940.1 18874.6 9133.1 645.5 3134.4 103.2 141213.3 22730.1 77.6 22329.2 223745.2
2021 4 28 3400.2 1990.0 17947.3 9336.0 558.6 3224.6 103.4 146398.0 24005.5 84.1 33558.1 240605.8
2021 4 29 2428.6 2011.0 12816.3 9402.3 563.9 3191.3 127.8 146398.0 23991.8 83.3 29197.2 230211.6
2021 4 30 1892.9 1911.1 12156.9 8960.2 552.8 2962.2 131.1 146112.8 22785.5 78.7 29589.6 227133.7
2021 5 1 2322.4 1817.9 12141.3 8267.2 620.2 2628.7 181.2 129229.3 20582.4 70.7 28442.0 206303.2
2021 5 2 2270.6 1892.7 13445.8 8678.9 646.6 2763.1 187.4 145905.1 21724.6 76.8 29126.7 226718.1
2021 5 3 3570.1 1974.2 17040.6 9079.5 729.6 2854.5 201.5 139414.0 22602.4 78.6 32185.3 229730.5
2021 5 4 2852.0 1878.4 13881.3 8554.4 673.7 2517.0 246.7 140362.7 20513.2 71.2 23941.8 215492.5
2021 5 5 2186.3 1860.7 12183.0 8486.4 688.2 2495.5 247.4 145760.4 20877.1 74.8 31529.4 226389.1
2021 5 6 2520.9 1986.8 12431.4 8925.5 692.0 2539.2 296.6 144900.4 21933.5 78.2 30263.6 226568.1
2021 5 7 2523.3 1801.8 12431.4 8205.0 688.5 2246.0 289.7 143235.8 19604.9 68.7 28674.9 219770.1
2021 5 8 2211.6 1740.7 11815.4 7461.2 600.6 1839.3 334.3 126637.1 18011.8 64.5 26728.5 197445.0
2021 5 9 3643.8 1874.7 18737.5 8070.6 826.0 1961.9 370.4 143421.6 19372.9 70.4 25269.0 223618.8
2021 5 10 3444.1 1941.6 16597.8 8404.0 725.3 2047.7 380.2 138702.4 20052.0 72.7 32240.8 224608.6
2021 5 11 2197.4 1831.1 12065.7 7897.0 633.8 1748.1 421.3 139090.4 18090.2 65.6 24134.5 208175.1
2021 5 12 2174.2 1753.5 12183.0 7591.6 681.0 1646.3 420.4 147988.2 17493.9 64.8 28989.0 220985.7
2021 5 13 2174.2 2010.0 12183.0 8632.8 685.7 1840.5 496.3 147349.2 20133.0 74.8 30321.1 225900.6
2021 5 14 2289.6 1796.3 12340.5 7874.5 699.7 1658.3 453.3 148276.8 17822.2 67.4 26517.9 219796.4
2021 5 15 2322.4 1706.0 12141.3 7198.3 697.4 1355.6 468.5 128489.2 16252.8 62.0 23918.1 194611.6
2021 5 16 2422.1 1862.4 13603.3 7821.8 667.3 1459.0 515.8 148497.3 17709.6 68.3 23444.8 218071.7
2021 5 17 1774.8 1961.1 9699.5 8239.5 656.9 1588.3 525.3 142082.8 18791.6 73.0 31476.6 216869.4
2021 5 18 1804.7 1809.3 10161.0 7758.2 668.2 1464.2 497.0 146349.7 17043.3 64.1 21878.9 209498.5
2021 5 19 1810.7 1780.4 12087.3 7670.8 694.2 1445.8 498.4 148788.0 16944.2 64.7 26813.0 218597.5
2021 5 20 1787.4 2018.2 10390.3 8657.7 690.9 1616.8 578.9 151741.5 19304.8 73.9 31255.6 228116.0
2021 5 21 1767.9 1805.3 10264.4 7859.0 687.4 1477.8 519.1 150678.3 17169.8 66.5 24990.6 217286.0
2021 5 22 1641.3 1739.1 9900.6 7497.5 688.0 1371.5 507.6 160187.2 16066.4 61.2 21497.7 221158.1
2021 5 23 1867.5 1970.9 11485.2 8349.5 717.3 1507.3 604.4 152953.1 18567.3 71.2 22481.5 220575.2
2021 5 24 2166.7 1942.3 11665.4 8315.5 680.7 1497.5 644.9 135129.2 18155.0 70.8 31343.7 211611.6
2021 5 25 1826.3 1833.1 11970.1 7993.1 682.5 1435.4 622.1 139329.3 16921.9 63.4 18879.1 201556.2
2021 5 26 1810.7 1811.3 12087.3 7860.1 694.2 1400.7 635.2 148788.0 16837.8 60.8 26967.1 218953.3
2021 5 27 1792.5 2060.5 10264.4 8938.0 709.6 1562.0 852.5 152822.4 19388.2 69.7 29267.3 227727.0
2021 5 28 1641.3 1820.6 10099.8 7776.0 718.5 1372.9 744.0 165740.8 16886.0 62.8 24056.1 230918.8
2021 5 29 1641.3 1783.3 9900.6 7632.4 688.0 1345.5 728.4 160187.2 16110.6 57.4 22133.8 222208.6
2021 5 30 1735.9 1930.5 11320.7 8130.0 730.3 1410.6 825.7 168272.9 17853.6 65.0 23412.8 235687.9
2021 5 31 1774.8 1927.2 9699.5 8219.7 675.1 1416.2 921.8 142968.3 17622.3 64.8 29757.5 215047.2
2021 6 1 1072.4 1826.3 7772.8 7830.6 620.3 1311.9 888.7 123316.2 16299.8 50.0 19245.7 180234.9
2021 6 2 1189.7 1858.7 7772.8 7836.7 620.3 1294.0 959.2 129569.5 16709.6 68.2 28777.3 196656.2
2021 6 3 1222.0 2032.8 7931.8 8513.2 620.3 1390.7 1104.3 132349.3 18082.6 74.5 27521.5 200842.9
2021 6 4 1508.1 1846.1 8689.8 7478.6 620.3 1232.3 990.0 127500.5 16016.7 67.9 25253.8 191204.0
2021 6 5 1074.6 1815.6 7357.8 7338.0 620.3 1205.6 975.4 106341.9 15400.1 181.4 26285.6 168596.2
2021 6 6 1409.0 1991.9 8460.0 7883.2 620.3 1271.9 1104.1 128557.3 17145.3 315.9 23793.5 192552.4
2021 6 7 1407.6 2001.1 8530.8 8003.3 620.3 1280.2 1202.1 120651.5 16799.1 317.0 29224.2 190037.2
2021 6 8 1172.3 1867.6 7772.8 7514.2 620.3 1193.5 1172.8 123383.5 15571.5 290.4 22369.1 182928.2
2021 6 9 1270.5 1923.6 8506.7 7606.4 620.3 1188.3 1260.2 129540.4 16153.0 337.6 30564.8 198971.9
2021 6 10 1302.8 2056.8 8566.9 8130.4 620.3 1255.8 1405.4 132294.4 16998.0 367.2 24900.4 197898.4
2021 6 11 1284.0 1901.7 7912.3 7270.8 620.3 1130.0 1282.0 127378.3 15325.2 368.2 26149.8 190622.8
2021 6 12 949.1 1858.5 7357.8 7029.3 620.3 1090.4 1239.2 106222.6 14704.5 573.2 27423.1 169068.0
2021 6 13 1026.4 2030.8 7357.8 7509.2 620.3 1150.0 1369.0 128383.2 16140.0 830.4 25889.0 192306.1
2021 6 14 1080.2 2049.5 7772.8 7659.8 620.3 1169.1 1415.2 120584.2 15845.9 879.2 28444.5 187520.9
2021 6 15 1072.4 1953.6 7772.8 7305.8 620.3 1108.2 1386.4 123316.2 15011.0 850.7 23689.5 184087.0
2021 6 16 1270.5 1988.4 8506.7 7345.7 620.3 1104.2 1447.3 129540.4 15486.4 882.1 31311.0 199503.1
2021 6 17 1204.6 2089.6 8138.8 7673.9 620.3 1155.1 1479.8 132319.6 15854.2 922.2 25701.0 197159.0
2021 6 18 972.0 1965.9 7199.0 7189.3 606.4 1081.0 1378.8 127285.6 14709.8 948.8 27450.1 190786.6
2021 6 19 814.0 1927.9 6678.3 6960.9 620.3 1045.6 1334.8 106193.0 14161.7 1125.7 25655.6 166517.7
2021 6 20 1026.4 2133.7 7357.8 7503.4 620.3 1118.0 1482.7 128438.1 15871.4 1540.4 28935.2 196027.4
2021 6 21 924.2 2130.3 7353.4 7546.0 620.3 1122.0 1485.4 117406.2 15456.4 1666.8 28720.1 184431.0
2021 6 22 1084.5 2082.6 7958.4 7372.1 620.3 1091.2 1490.1 120138.2 15043.4 1636.7 22761.9 181279.3
2021 6 23 947.2 2058.2 6819.5 7172.2 582.9 1051.1 1496.6 129820.7 15171.3 1919.3 30340.9 197379.9
2021 6 24 1154.2 2247.8 8029.9 7707.0 620.3 1116.9 1707.2 132201.6 16855.0 2293.1 28165.7 202098.7
2021 6 25 960.3 2042.0 6615.2 7105.2 582.9 1028.7 1541.4 127658.6 15170.0 2407.4 27546.3 192658.0
2021 6 26 945.8 1985.7 6983.4 6937.3 620.3 996.9 1532.8 106193.0 14523.0 2371.6 22081.9 165171.5
2021 6 27 972.0 2175.2 6983.4 7255.9 620.3 1024.3 1694.7 128383.2 16903.1 2705.1 31150.7 199867.9
2021 6 28 1119.5 2129.4 8067.3 7259.9 620.3 1021.3 1705.6 117406.2 16443.6 3001.3 28351.2 187125.6
2021 6 29 1084.5 2089.1 7958.4 7153.7 620.3 999.9 1718.7 120138.2 16069.3 3173.3 20168.5 181173.9
2021 6 30 1180.6 2037.3 8029.9 6800.6 620.3 931.7 1717.2 129565.7 16136.9 3498.4 29558.0 200076.6
2021 7 1 1007.1 2274.4 6735.9 7614.7 585.7 1020.8 2138.7 131743.2 18732.8 5151.3 32841.7 209846.4
2021 7 2 990.2 2000.7 6735.9 6849.0 581.1 919.8 1870.3 124397.8 16232.9 5535.9 28578.3 194691.8
2021 7 3 833.4 1973.1 6735.9 6857.8 536.3 914.9 1890.9 109836.2 15749.9 5354.9 21137.2 171820.5
2021 7 4 814.9 2150.9 6400.3 7111.9 568.6 924.1 2103.6 118921.8 18387.3 5722.0 31951.7 195057.0
2021 7 5 780.3 2126.2 6081.1 7164.8 545.9 925.8 2145.4 117745.8 18111.9 6418.2 29305.0 191350.4
2021 7 6 912.8 2058.4 6735.9 6976.5 583.9 894.9 2127.0 120158.5 17401.5 6610.1 19396.7 183856.3
2021 7 7 948.2 2021.7 6676.2 6695.4 600.4 838.7 2144.2 122749.4 17558.3 6561.4 29639.5 196433.3
2021 7 8 952.6 2278.2 6676.2 7242.3 600.4 885.7 2525.8 131743.2 20812.5 7515.1 34984.5 216216.7
2021 7 9 850.4 2029.0 6400.3 6560.1 595.8 800.0 2270.1 122012.6 18427.3 8339.3 29351.0 197635.8
2021 7 10 679.5 1948.6 6081.1 6439.3 585.2 783.1 2215.9 103797.4 17349.8 8060.9 19892.5 167833.4
2021 7 11 754.9 2136.4 6081.1 6749.0 548.4 798.1 2473.7 115172.6 20248.3 8261.8 30099.4 193323.5
2021 7 12 732.8 2114.1 6081.1 6814.0 547.4 806.0 2508.5 115254.6 19972.3 9196.3 29768.5 193795.5
2021 7 13 753.7 2001.1 6081.1 6507.4 590.0 765.3 2412.0 116852.5 18779.7 9528.0 20177.5 184448.2
2021 7 14 766.8 2022.7 6081.1 6499.1 554.4 751.4 2476.5 118642.8 19333.1 8643.3 29846.5 195617.5
2021 7 15 766.8 2142.4 6081.1 6737.8 554.4 770.9 2656.8 118642.8 21100.1 9123.2 33892.2 202468.4
2021 7 16 766.8 2049.5 6081.1 6529.5 555.5 743.8 2588.9 118642.8 20189.8 10334.3 30899.3 199381.3
2021 7 17 667.3 1924.8 6081.1 6237.0 547.6 716.4 2396.0 103797.4 18468.2 9963.3 19610.3 170409.5
2021 7 18 765.9 2043.2 6081.1 6501.5 548.4 741.7 2583.6 115172.6 20109.6 9732.5 29199.7 193479.7
2021 7 19 753.7 2107.6 6081.1 6763.3 590.0 775.8 2688.7 117003.9 20566.2 11106.8 29665.9 198103.1
2021 7 20 696.6 2016.3 6000.9 6496.8 590.9 742.9 2582.0 118601.8 19553.3 11321.1 20879.9 189482.5
2021 7 21 737.3 2042.9 6000.9 6564.3 586.6 744.6 2632.4 126092.2 20002.4 9961.3 30170.4 205535.2
2021 7 22 736.6 2064.7 6081.1 6596.6 597.6 746.4 2684.3 122536.7 20335.7 10513.0 28415.0 201307.6
2021 7 23 736.6 2155.7 6081.1 6905.9 597.6 775.9 2846.3 124320.7 21421.5 12168.0 31611.3 209620.6
2021 7 24 526.5 1933.5 5882.1 6218.9 517.5 701.2 2511.9 103797.4 18628.0 12020.6 19199.1 171936.7
2021 7 25 593.3 2019.6 5882.1 6422.3 518.3 713.7 2679.2 115172.6 19899.1 12203.9 26300.2 192404.4
2021 7 26 635.3 2081.5 5960.5 6677.6 549.1 747.7 2784.8 116940.2 20432.5 13633.0 28399.1 198841.3
2021 7 27 696.6 2023.3 6000.9 6517.8 584.5 729.4 2710.2 116940.2 19773.9 13812.2 20722.6 190511.7
2021 7 28 724.8 2077.1 6000.9 6533.9 586.6 720.2 2768.5 126092.2 20394.9 15728.8 30633.5 212261.4
2021 7 29 594.8 1927.4 5091.8 6120.3 430.1 678.4 2592.1 122150.1 18805.7 14911.0 23361.5 196663.3
2021 7 30 737.3 2146.5 6000.9 6743.4 586.6 739.3 2904.9 124320.7 21209.1 17653.7 32134.7 215177.0
2021 7 31 587.8 1936.1 5922.5 6069.3 558.1 668.6 2586.1 103797.4 18528.3 17395.4 16898.8 174948.5
2021 8 1 602.4 1946.3 5861.0 6096.1 676.1 671.6 2672.9 115041.1 19103.1 18585.9 22857.3 194114.0
2021 8 2 641.9 2015.5 6080.4 6366.1 676.1 705.5 2787.3 116751.5 19799.9 19668.0 28091.2 203583.3
2021 8 3 761.8 1991.7 6271.4 6297.6 713.0 697.7 2748.6 117384.0 19495.3 19364.6 19838.8 195564.6
2021 8 4 659.1 2013.4 5630.6 6207.0 676.1 674.9 2770.2 124523.7 19750.8 21688.0 31458.8 216052.6
2021 8 5 604.6 1842.5 5148.3 5740.1 548.5 626.3 2562.3 124523.7 18104.2 19997.0 21550.3 201247.7
2021 8 6 604.6 2073.1 5148.3 6375.7 548.5 687.7 2882.9 124523.7 20593.3 23522.6 32397.0 219357.3
2021 8 7 601.4 1860.0 5857.0 5720.3 713.0 622.3 2571.9 103356.7 17897.8 22285.8 15740.4 177226.8
2021 8 8 669.2 1877.9 5878.6 5701.7 713.0 606.8 2634.3 115041.1 18376.2 24484.1 19092.0 195074.9
2021 8 9 757.6 2007.6 6271.4 6120.9 713.0 649.2 2843.5 116970.0 19820.0 26354.1 28143.9 210651.1
2021 8 10 709.4 1917.9 6271.4 5866.1 713.0 625.8 2707.3 117384.0 18756.9 24786.3 19723.0 199461.1
2021 8 11 740.6 1864.0 6098.0 5546.7 713.0 582.1 2617.4 124523.7 18244.0 26443.7 33482.6 220855.6
2021 8 12 744.2 1761.8 6271.4 5294.6 713.0 556.6 2503.4 124523.7 17356.1 23736.9 22683.7 206145.3
2021 8 13 803.4 1990.2 6271.4 5873.4 713.0 611.1 2816.1 124523.7 19797.2 27605.4 31220.1 222224.9
2021 8 14 693.7 1841.6 6236.7 5507.0 713.0 585.6 2608.4 103356.7 17894.0 25633.1 17013.8 182083.6
2021 8 15 774.3 1762.9 6258.2 5202.8 713.0 550.0 2497.1 115041.1 17190.1 26448.2 17970.5 194408.2
2021 8 16 763.5 1945.6 6271.4 5723.3 713.0 601.0 2777.1 116970.0 19204.6 28716.2 29638.8 213324.5
2021 8 17 743.3 1884.3 5992.8 5571.1 672.4 589.9 2681.3 116414.9 18371.7 27139.4 19230.6 199291.8
2021 8 18 778.7 1862.3 5992.8 5434.4 672.4 569.0 2660.9 118697.7 18418.5 26961.8 32533.5 214581.8
2021 8 19 803.3 1761.3 6271.4 5199.3 713.0 547.2 2533.2 124523.7 17441.6 24150.6 25181.9 209126.4
2021 8 20 805.5 1905.4 6271.4 5566.3 713.0 580.8 2723.6 120401.4 19008.0 26647.8 30579.2 215202.4
2021 8 21 693.7 1803.3 6236.7 5348.3 713.0 569.5 2589.5 103356.7 17698.3 24796.7 20655.0 184460.6
2021 8 22 686.2 1819.8 6258.2 5315.0 713.0 566.1 2570.4 115041.1 17933.3 25893.8 18625.9 195423.0
2021 8 23 763.5 1938.5 6271.4 5670.0 713.0 602.9 2715.5 116970.0 19190.1 27386.5 29497.2 211718.6
2021 8 24 767.7 1896.9 6271.4 5620.5 713.0 605.7 2633.2 117384.0 18408.3 25548.4 20036.5 199885.5
2021 8 25 778.7 1885.9 5992.8 5519.1 672.4 592.8 2608.3 118697.7 18488.3 25300.6 32972.2 213508.7
2021 8 26 1251.5 1919.7 8183.3 5717.8 801.7 632.3 2540.7 129269.9 18794.6 24101.6 26255.3 219468.4
2021 8 27 1198.8 1929.3 8094.5 5716.4 778.5 625.4 2527.4 125378.1 18947.2 24765.7 28156.8 218118.2
2021 8 28 889.7 1801.6 6814.2 5445.2 689.4 610.6 2364.2 109566.0 17120.1 20592.9 21962.0 187856.0
2021 8 29 1093.8 1953.4 7059.6 5874.3 712.0 667.7 2459.2 126324.1 18673.0 21396.8 22513.7 208727.8
2021 8 30 1368.7 1926.8 8492.0 5819.3 801.7 663.2 2374.4 121016.5 18295.8 21694.8 29519.4 211972.6
2021 8 31 1195.7 1913.3 8164.0 5871.3 801.7 677.0 2319.2 119767.6 17769.4 19956.0 20953.2 199388.2
2021 9 1 891.6 1955.9 6266.5 6008.4 793.0 704.6 2376.6 130779.9 18364.4 20072.7 32199.5 220413.2
2021 9 2 1117.1 2052.3 7636.7 6376.7 844.5 770.5 2312.4 130509.3 19157.9 19871.7 30001.9 220650.9
2021 9 3 831.3 1887.6 5322.8 5829.0 688.0 697.1 2099.9 130683.9 17532.1 19544.7 29409.4 214525.8
2021 9 4 765.3 1768.6 4907.4 5567.9 610.8 677.6 1951.6 111835.0 15763.7 15654.3 23096.6 182598.7
2021 9 5 900.6 2081.5 5851.0 6402.7 676.8 783.0 2205.3 129919.2 18919.3 17399.3 26535.6 211674.5
2021 9 6 1257.5 1980.6 8815.1 6110.3 855.7 751.8 1994.2 130130.1 17617.2 17029.5 29852.8 216394.8
2021 9 7 1259.8 1932.3 8683.3 6032.3 1027.8 749.3 1885.3 130130.1 16764.9 15568.4 22089.1 206122.5
2021 9 8 1196.8 1898.1 7938.4 5838.0 1033.4 729.9 1808.1 130509.3 16286.7 13948.8 32652.2 213839.8
2021 9 9 1117.1 2173.1 7725.9 6615.5 844.5 841.4 1898.8 130509.3 18727.1 15283.0 33206.9 218942.5
2021 9 10 1046.8 1916.6 6966.9 5826.6 756.6 737.8 1633.8 130413.3 16314.3 14648.2 29764.8 210025.7
2021 9 11 1062.0 1807.0 6697.8 5652.9 717.5 729.3 1493.9 111586.0 14528.4 10912.5 24024.8 179212.1
2021 9 12 1122.3 2058.4 7523.5 6264.9 735.9 810.6 1648.4 129428.6 16955.3 11346.4 31064.9 208959.1
2021 9 13 1257.5 2021.5 8683.2 6113.4 855.7 791.2 1560.0 130130.1 16382.1 11764.4 30307.2 209866.2
2021 9 14 1254.9 1949.7 8786.3 5910.3 858.4 768.7 1441.6 130130.1 15477.8 10940.4 21197.1 198715.3
2021 9 15 1117.1 1879.1 8072.6 5593.2 864.0 733.0 1337.9 130509.3 14758.5 9220.1 30333.9 204418.7
2021 9 16 1196.8 2169.8 7665.6 6293.4 1033.4 824.6 1499.8 130509.3 17219.3 9852.2 34596.3 212860.4
2021 9 17 1143.5 1894.3 7005.1 5518.0 1014.5 723.0 1300.0 130413.3 14706.9 10123.2 29646.9 203488.6
2021 9 18 1062.0 1881.3 6697.8 5609.4 717.5 736.8 1294.1 111586.0 14219.2 9801.8 23395.2 177001.1
2021 9 19 1219.7 2057.3 7714.0 5913.8 993.8 780.6 1379.3 129428.6 15915.4 9760.7 29914.6 205077.8
2021 9 20 1264.2 1981.9 8744.7 5720.1 799.7 774.2 1297.1 130275.8 15117.2 9866.4 30685.9 206527.1
2021 9 21 1235.4 1937.3 7860.2 5601.3 802.5 764.5 1238.3 125819.0 14616.4 10197.5 20081.3 190153.8
2021 9 22 1192.8 1875.4 8048.5 5314.7 823.1 733.4 1156.9 130750.9 14142.3 8899.9 28998.6 201936.3
2021 9 23 1163.1 2109.9 7169.5 5953.3 808.1 873.5 1245.3 126294.1 16144.0 8681.3 32392.9 202835.0
2021 9 24 1153.2 1966.3 6900.3 5711.1 789.2 937.9 1077.8 130654.9 14946.2 8802.8 26397.4 199337.1
2021 9 25 1069.9 1903.6 6745.9 5876.8 927.8 984.0 1046.4 111344.4 14142.9 8495.7 23820.5 176357.9
2021 9 26 1122.3 2014.5 7523.5 5945.0 735.9 976.8 1097.9 129428.6 15262.1 8373.0 27705.5 200185.1
2021 9 27 1264.2 1970.5 8773.8 6392.2 988.7 1238.3 959.4 130275.8 14972.8 8296.6 28694.3 203826.6
2021 9 28 1235.4 1947.5 8268.9 6453.4 802.5 1282.6 907.0 125819.0 14759.4 8545.9 19070.1 189091.7
2021 9 29 1291.3 1988.9 8454.4 6980.1 825.6 1546.2 788.0 126294.1 15457.9 7105.0 27821.3 198552.7
2021 9 30 1997.5 2028.7 10832.2 6857.0 939.7 1448.0 882.6 126294.1 15762.1 6627.2 29555.3 203224.4
