year month date house_pred house_true houseCooking_pred houseCooking_true houseJHeating_pred houseJHeating_true salesOne_pred salesOne_true salesTwo_pred salesTwo_true bizHeating_pred bizHeating_true bizCooling_pred bizCooling_true industry_pred industry_true heatFacility_pred heatFacility_true heatCombined_pred heatCombined_true CNG_pred CNG_true pred_sum true_sum
2018 10 1 1101.0 1507.0 1379.8 1183.0 11981.0 8697.0 7661.4 6080.0 644.1 523.0 1637.8 2175.0 785.7 0.0 113220.1 100873.0 12032.8 17912.0 5680.2 45.0 15401.0 14629.0 171524.7 153624.0
2018 10 2 727.5 1642.0 1463.8 1253.0 6799.5 9506.0 8106.2 6626.0 365.3 570.0 1714.6 2371.0 842.8 0.0 113220.1 109891.0 12458.4 19513.0 6332.4 49.0 18843.2 15937.0 170873.8 167358.0
2018 10 3 716.8 2092.0 1286.8 1590.0 9596.4 12129.0 6651.1 8446.0 597.9 726.0 1401.2 3021.0 750.6 0.0 78272.1 140094.0 11781.9 24876.0 5294.8 62.0 15301.0 20317.0 131650.6 213353.0
2018 10 4 1039.4 1580.0 1382.6 1197.0 12015.6 9215.0 8928.7 6289.0 645.7 541.0 2303.1 2250.0 557.4 0.0 111554.0 105411.0 11561.0 18717.0 3855.7 47.0 18441.5 15287.0 172284.7 160534.0
2018 10 5 1526.7 1687.0 1378.7 1280.0 13390.1 10092.0 8279.0 6705.0 645.7 576.0 2198.8 2399.0 462.4 0.0 113510.0 113752.0 13022.1 20199.0 3768.0 50.0 17665.7 16497.0 175847.1 173237.0
2018 10 6 1273.7 1503.0 1212.6 1053.0 9444.3 9161.0 6999.2 5978.0 425.7 513.0 1910.7 2133.0 363.7 0.0 93856.0 101752.0 12013.2 18068.0 3336.6 45.0 19300.0 14757.0 150135.7 154963.0
2018 10 7 1324.8 1773.0 1160.4 1243.0 11641.8 10837.0 6556.6 7052.0 571.9 605.0 1804.5 2517.0 339.0 0.0 95219.9 120198.0 11985.5 21343.0 3187.1 53.0 15253.0 17432.0 149044.5 183053.0
2018 10 8 1675.9 1593.0 1419.6 1134.0 14675.6 10257.0 8428.5 6291.0 644.1 540.0 2301.8 2246.0 350.8 0.0 115176.1 110358.0 13328.5 19596.0 3319.4 49.0 15527.8 16005.0 176848.1 168069.0
2018 10 9 1159.9 1714.0 1334.8 1298.0 10130.0 11608.0 7882.0 6768.0 451.6 581.0 2103.8 2416.0 429.0 0.0 80228.2 121983.0 12672.5 21660.0 3907.3 54.0 18748.3 17690.0 139047.5 185772.0
2018 10 10 1486.5 1514.0 1395.8 1153.0 11842.5 10471.0 8559.7 5984.0 499.5 513.0 2266.3 2135.0 436.8 0.0 115176.1 108904.0 11914.3 19338.0 3031.6 48.0 15061.0 15794.0 171670.1 165854.0
2018 10 11 1440.8 1777.0 1444.5 1351.0 11905.7 12249.0 9080.2 7027.0 469.4 602.0 2674.8 2506.0 0.0 0.0 113510.0 127628.0 11990.0 22662.0 1679.9 56.0 21899.0 18509.0 176094.4 194367.0
2018 10 12 1554.4 1481.0 1589.7 1138.0 12539.2 10406.0 9236.0 5857.0 469.4 502.0 2750.0 2088.0 0.0 0.0 106781.0 107414.0 14962.1 19073.0 1721.9 47.0 17358.5 15578.0 168962.3 163584.0
2018 10 13 1462.4 1235.0 1355.4 887.0 12870.1 8268.0 7572.4 4389.0 395.7 381.0 2298.1 1579.0 0.0 0.0 90402.6 83740.0 13030.4 14869.0 1744.2 37.0 21629.7 12144.0 152761.0 127529.0
2018 10 14 1439.9 1650.0 1286.5 1188.0 11216.0 11101.0 6880.1 5863.0 395.7 509.0 2107.8 2110.0 0.0 0.0 97593.4 112163.0 13151.1 19916.0 1649.3 50.0 18879.2 16266.0 154599.0 170816.0
2018 10 15 1722.1 1494.0 1553.7 1108.0 12918.9 10704.0 8955.2 5262.0 467.8 457.0 2653.7 1894.0 0.0 0.0 108447.1 104649.0 13764.2 18582.0 1690.7 46.0 18805.5 15177.0 170978.9 159373.0
2018 10 16 1737.5 1530.0 1552.5 1200.0 15192.3 12662.0 8770.4 5029.0 469.4 437.0 2616.2 1819.0 0.0 0.0 108447.1 113447.0 13445.8 20144.0 1861.8 50.0 23965.3 16453.0 178058.5 172771.0
2018 10 17 1609.6 1772.0 1460.8 1165.0 12421.9 12167.0 8410.9 4753.0 469.4 415.0 2489.7 1729.0 0.0 0.0 115176.1 110062.0 12259.0 19543.0 1506.2 49.0 16763.7 15962.0 172567.4 167617.0
2018 10 18 1440.8 2779.0 1572.5 1659.0 11905.7 17155.0 8796.5 6675.0 469.4 584.0 2625.3 2457.0 0.0 0.0 113510.0 156618.0 12855.8 27810.0 1966.8 69.0 27886.2 22714.0 183029.1 238520.0
2018 10 19 1315.2 2095.0 1671.8 1119.0 9896.8 11592.0 8971.5 4281.0 469.4 375.0 2708.9 1655.0 0.0 0.0 113510.0 105642.0 15605.7 18758.0 1809.0 47.0 18457.5 15321.0 174415.8 160885.0
2018 10 20 1273.7 1636.0 1376.3 874.0 9444.3 9063.0 7166.7 3342.0 425.7 293.0 2197.8 1292.0 0.0 0.0 93856.0 82542.0 12921.9 14657.0 1760.0 36.0 22250.5 11971.0 152672.9 125706.0
2018 10 21 1324.8 2823.0 1399.9 1507.0 11641.8 15648.0 6877.6 5765.0 571.9 505.0 2145.3 2229.0 0.0 0.0 95219.9 142448.0 14403.1 25294.0 1824.1 63.0 21143.2 20658.0 156551.4 216940.0
2018 10 22 1433.8 2326.0 1531.2 1246.0 11511.2 12940.0 8282.6 4772.0 467.8 416.0 2485.1 1839.0 0.0 0.0 115176.1 117749.0 13092.8 20908.0 1710.9 52.0 20622.2 17077.0 176313.8 179325.0
2018 10 23 1722.1 2727.0 1570.4 1461.0 13043.8 15205.0 8429.8 5578.0 469.4 488.0 2537.2 2155.0 0.0 0.0 108447.1 138140.0 13406.6 24529.0 1808.4 61.0 22624.0 20034.0 174058.9 210378.0
2018 10 24 1620.6 2764.0 1433.4 1484.0 12532.7 15447.0 7796.8 5660.0 449.5 495.0 2356.9 2185.0 0.0 0.0 108447.1 140243.0 12019.2 24902.0 1369.8 62.0 13523.0 20339.0 161549.2 213581.0
2018 10 25 1667.4 3400.0 1717.4 1825.0 13661.3 19010.0 8363.3 6944.0 469.4 608.0 2613.5 2684.0 0.0 0.0 106781.0 172439.0 10463.6 30619.0 2137.1 76.0 28402.8 25008.0 176276.7 262613.0
2018 10 26 1554.4 2697.0 1702.4 1452.0 12539.2 15165.0 8355.4 5510.0 469.4 482.0 2613.8 2129.0 0.0 0.0 106781.0 137247.0 10957.3 24370.0 1641.9 61.0 13708.5 19904.0 160323.5 209017.0
2018 10 27 1361.8 2020.0 1395.3 1087.0 10825.4 11369.0 7022.9 4101.0 375.7 360.0 2304.5 1590.0 0.0 0.0 98027.5 102686.0 9022.8 18234.0 1494.5 45.0 15070.3 14892.0 146900.8 156384.0
2018 10 28 2318.9 2950.0 1459.6 1590.0 16012.6 16658.0 7493.8 6004.0 375.7 527.0 3109.1 2328.0 0.0 0.0 105525.1 150363.0 11998.2 26699.0 2899.6 66.0 19436.7 21806.0 170629.3 228991.0
2018 10 29 3298.9 2266.0 1381.4 1223.0 24642.5 12812.0 8408.6 4605.0 498.8 404.0 3298.5 1785.0 0.0 0.0 114594.6 115529.0 10705.3 20514.0 2469.3 51.0 16282.3 16754.0 185580.2 175943.0
2018 10 30 2589.4 2763.0 1528.8 1501.0 17969.1 15647.0 9379.9 5641.0 471.8 493.0 3815.2 2334.0 0.0 0.0 116895.9 141964.0 12751.4 25208.0 2485.8 63.0 15500.0 20588.0 183387.3 216202.0
2018 10 31 2811.5 2301.0 1323.4 1271.0 20197.9 13061.0 8335.8 4726.0 471.8 410.0 3341.2 2299.0 0.0 0.0 128335.9 120268.0 10407.7 21355.0 1866.9 27.0 8006.5 17442.0 185098.6 183160.0
2018 11 1 2903.7 3865.0 1581.5 1846.0 19858.4 22364.0 9064.3 8023.0 476.6 695.0 3865.3 4620.0 0.0 0.0 126211.8 155770.0 13028.0 47079.0 2503.1 39.0 18554.7 22105.0 198047.3 266406.0
2018 11 2 2869.0 2547.0 1504.6 968.0 18774.2 14822.0 8704.6 5292.0 476.6 459.0 3744.1 3047.0 0.0 0.0 121928.8 102066.0 12909.6 30848.0 2335.0 25.0 9387.2 14484.0 182633.6 174558.0
2018 11 3 2568.5 2239.0 1274.3 850.0 16007.0 13039.0 7642.6 4645.0 462.6 402.0 3407.4 2675.0 0.0 0.0 105088.9 89709.0 11329.6 27113.0 2247.8 22.0 10795.2 12730.0 160823.8 153424.0
2018 11 4 2568.5 3351.0 1370.5 1274.0 16007.0 19606.0 8459.1 6930.0 462.6 600.0 4467.5 3991.0 0.0 0.0 105494.7 134474.0 14856.7 40643.0 8174.7 33.0 17176.7 19083.0 179037.9 229985.0
2018 11 5 2903.7 2816.0 1381.7 1080.0 20387.7 16760.0 9981.7 5799.0 476.6 502.0 5088.6 3339.0 0.0 0.0 117476.5 113955.0 15298.5 34441.0 8428.0 28.0 16076.2 16171.0 197499.2 194891.0
2018 11 6 2454.8 2821.0 1476.6 1085.0 17681.7 17124.0 10927.8 5819.0 476.6 503.0 5646.3 3344.0 0.0 0.0 116178.1 115462.0 17196.9 34897.0 7139.1 29.0 7936.8 16385.0 187114.8 197469.0
2018 11 7 2163.1 3698.0 1360.4 1424.0 13907.1 22758.0 10201.5 7633.0 476.6 660.0 5277.2 4386.0 0.0 0.0 115023.5 152555.0 15460.0 46107.0 6164.4 38.0 5147.2 21648.0 175181.1 260907.0
2018 11 8 2454.8 2835.0 1393.2 1093.0 17129.6 17563.0 9258.7 5866.0 476.6 506.0 4858.3 3364.0 0.0 0.0 118953.9 117452.0 15422.3 35498.0 8072.4 29.0 18718.8 16667.0 196738.7 200873.0
2018 11 9 2869.0 3397.0 1466.9 1413.0 18774.2 21222.0 9807.9 7021.0 476.6 605.0 5350.7 4025.0 0.0 0.0 121928.8 141743.0 17699.2 42840.0 9388.0 35.0 16702.7 20114.0 204463.8 242415.0
2018 11 10 2568.5 2224.0 1193.2 927.0 16007.0 13953.0 8122.6 4589.0 462.6 396.0 4429.9 2631.0 0.0 0.0 105088.9 92977.0 14283.9 28101.0 7570.2 23.0 14964.2 13194.0 174691.1 159015.0
2018 11 11 2568.5 2913.0 1286.9 1237.0 16007.0 18849.0 8552.7 6020.0 462.6 519.0 4930.5 3451.0 0.0 0.0 110451.8 124082.0 16638.3 37502.0 11153.3 31.0 17192.8 17608.0 189244.5 212212.0
2018 11 12 2903.7 2571.0 1398.7 1094.0 18225.9 16684.0 10416.5 5310.0 476.6 458.0 5897.1 3043.0 0.0 0.0 120279.1 109687.0 18223.5 33151.0 12100.0 27.0 19150.2 15565.0 209071.3 187590.0
2018 11 13 2903.7 2548.0 1469.9 1092.0 18225.9 16768.0 11056.8 5260.0 476.6 454.0 6285.7 3018.0 0.0 0.0 123701.3 109606.0 19417.8 33127.0 10623.6 27.0 12139.3 15554.0 206300.5 187454.0
2018 11 14 2903.7 3681.0 1386.3 1513.0 20884.6 23287.0 10397.6 7126.0 476.6 619.0 5950.0 4141.0 0.0 0.0 121928.8 151842.0 17751.3 45892.0 9776.4 38.0 11646.3 21547.0 203101.5 259686.0
2018 11 15 2903.7 3407.0 1332.1 1193.0 19858.4 18061.0 9637.0 5465.0 476.6 477.0 5590.6 3201.0 0.0 0.0 126211.8 119629.0 16869.7 36156.0 12323.1 30.0 22147.7 16976.0 217350.6 204595.0
2018 11 16 2869.0 4591.0 1541.4 1525.0 18774.2 23082.0 11191.3 6772.0 476.6 642.0 6482.9 4053.0 0.0 0.0 126211.8 152963.0 19505.8 46231.0 12247.6 38.0 18346.8 21706.0 217647.4 261603.0
2018 11 17 2568.5 3055.0 1165.9 965.0 17703.0 14515.0 8210.0 4200.0 462.6 402.0 4826.1 2549.0 0.0 0.0 105088.9 96614.0 15522.2 29200.0 10379.1 24.0 16468.7 13710.0 182394.9 165234.0
2018 11 18 3396.2 4881.0 1224.7 1543.0 19605.0 23226.0 8235.6 6711.0 490.0 642.0 4956.1 4072.0 0.0 0.0 124751.5 154502.0 17248.9 46696.0 12800.9 38.0 22389.7 21925.0 215098.5 264236.0
2018 11 19 3679.1 3672.0 1514.3 1148.0 20894.9 17319.0 10533.6 4904.0 482.1 482.0 6221.4 3040.0 0.0 0.0 131097.8 114972.0 20010.3 34749.0 15024.0 29.0 27326.2 16315.0 236783.7 196630.0
2018 11 20 2903.7 3902.0 1590.5 1214.0 18225.9 18402.0 11067.2 5204.0 476.6 512.0 6554.6 3226.0 0.0 0.0 123701.3 122091.0 21207.5 36900.0 13217.8 30.0 19035.8 17325.0 217980.8 208806.0
2018 11 21 2903.7 4863.0 1480.8 1516.0 19188.6 22978.0 10445.2 6498.0 476.6 639.0 6152.7 4025.0 0.0 0.0 126211.8 152408.0 17893.9 46063.0 12568.9 38.0 22183.5 21627.0 219505.7 260655.0
2018 11 22 2903.7 5457.0 1622.7 1703.0 19858.4 25817.0 10958.5 7290.0 476.6 716.0 6621.2 4516.0 0.0 0.0 126211.8 171139.0 20817.5 51724.0 15911.6 43.0 29767.2 24285.0 235149.2 292690.0
2018 11 23 3644.5 3670.0 1622.2 1145.0 23378.4 17377.0 11115.4 4903.0 490.0 481.0 6648.7 3040.0 0.0 0.0 133608.3 115161.0 20396.9 34806.0 13936.9 29.0 23376.8 16342.0 238218.2 196954.0
2018 11 24 3396.2 3486.0 1283.7 1087.0 20611.3 16514.0 8467.3 4653.0 490.0 457.0 5174.7 2885.0 0.0 0.0 124345.6 109387.0 17007.3 33061.0 12114.7 27.0 20778.8 15523.0 213669.6 187080.0
2018 11 25 3396.2 4564.0 1351.9 1422.0 20611.3 21607.0 8607.0 6085.0 490.0 598.0 5391.7 3772.0 0.0 0.0 124751.5 143121.0 18560.6 43256.0 14385.8 36.0 26612.2 20309.0 224158.0 244770.0
2018 11 26 4371.5 3704.0 1656.0 1153.0 22625.8 17518.0 10682.9 4932.0 482.1 484.0 6893.8 3054.0 0.0 0.0 140826.5 116017.0 22162.3 35064.0 15843.6 29.0 27216.2 16463.0 252760.7 198418.0
2018 11 27 3679.1 5373.0 1761.4 1672.0 21427.1 25424.0 11888.3 7146.0 482.1 701.0 8625.0 4425.0 0.0 0.0 131097.8 168297.0 29793.4 50865.0 10168.0 42.0 21371.8 23882.0 240294.1 287827.0
2018 11 28 3679.1 3836.0 1478.6 1194.0 22389.8 18171.0 10326.1 5105.0 482.1 500.0 7256.8 3157.0 0.0 0.0 133608.3 120225.0 23923.7 36336.0 9684.9 30.0 23106.7 17060.0 235935.9 205614.0
2018 11 29 3679.1 4261.0 1657.7 1650.0 23378.4 20177.0 11224.4 5642.0 490.0 556.0 8045.8 3559.0 0.0 0.0 133608.3 166092.0 28071.3 58511.0 12069.8 41.0 29137.0 23569.0 251361.9 284058.0
2018 11 30 3644.5 2984.0 1603.8 1163.0 23378.4 14053.0 11253.3 3793.0 490.0 392.0 7977.5 2786.0 0.0 0.0 133608.3 116977.0 26174.8 41212.0 8732.0 112.0 16915.2 16601.0 233777.8 200073.0
2018 12 1 4996.3 6078.0 1327.4 1358.0 29535.5 29195.0 9053.7 7601.0 713.5 805.0 6442.7 6439.0 0.0 0.0 144306.2 117411.0 23391.8 48119.0 8836.0 122.0 21942.5 16477.0 250545.5 233605.0
2018 12 2 4996.3 5217.0 1418.2 880.0 29535.5 25059.0 9583.7 6524.0 674.3 692.0 6909.3 5526.0 0.0 0.0 143420.6 100125.0 24422.2 41034.0 10852.4 104.0 25011.0 14051.0 256823.6 199212.0
2018 12 3 5452.4 4752.0 1663.3 799.0 32822.8 22777.0 11122.5 5927.0 795.0 628.0 8255.5 5020.0 0.0 0.0 145587.2 91016.0 28873.1 37301.0 11830.2 94.0 22739.7 12773.0 269141.6 181087.0
2018 12 4 5506.5 5513.0 1746.5 925.0 32822.8 26587.0 12083.8 6864.0 712.1 728.0 9867.5 5814.0 0.0 0.0 146169.4 105900.0 36929.8 43401.0 6588.4 110.0 22267.3 14862.0 274694.2 210704.0
2018 12 5 5506.5 7271.0 1464.3 1233.0 32822.8 35958.0 10380.9 9049.0 691.7 959.0 8195.9 7665.0 0.0 0.0 145678.5 141726.0 30013.0 58084.0 6135.6 147.0 22512.0 19889.0 263401.1 281981.0
2018 12 6 5579.0 8112.0 1604.6 1367.0 33423.2 40129.0 11150.7 10018.0 770.4 1063.0 8891.1 8489.0 0.0 0.0 145306.2 157785.0 34122.8 64666.0 7275.6 163.0 27814.7 22143.0 275938.2 313935.0
2018 12 7 5579.0 5900.0 1474.2 990.0 33423.2 29201.0 10444.0 7267.0 751.0 768.0 8388.1 6139.0 0.0 0.0 145306.2 114648.0 31326.8 46987.0 5569.8 119.0 17507.5 16089.0 259769.8 228108.0
2018 12 8 4996.3 6897.0 1317.0 1160.0 29535.5 34329.0 9123.6 8491.0 578.7 898.0 7363.0 7174.0 0.0 0.0 143420.6 134454.0 29690.8 55104.0 5890.2 139.0 26698.7 18869.0 258614.4 267515.0
2018 12 9 4996.3 7336.0 1453.6 1273.0 29535.5 38862.0 10142.2 9032.0 725.0 955.0 8166.7 7632.0 0.0 0.0 144306.2 148465.0 31341.6 60846.0 6584.9 154.0 24688.8 20835.0 261940.8 295390.0
2018 12 10 5452.4 5854.0 1657.4 1015.0 32822.8 31302.0 11512.0 7213.0 750.5 762.0 9376.9 6085.0 0.0 0.0 144498.8 119128.0 36109.1 48823.0 6887.1 123.0 23063.7 16718.0 272130.7 237023.0
2018 12 11 5506.5 8261.0 1694.3 1451.0 32822.8 45174.0 11714.3 10149.0 712.1 1067.0 10141.5 8543.0 0.0 0.0 146169.4 170253.0 40504.1 69775.0 2062.7 176.0 21110.0 23893.0 272437.6 338742.0
2018 12 12 5506.5 6805.0 1421.5 1205.0 32822.8 37707.0 9901.6 8315.0 775.8 875.0 8628.2 7001.0 0.0 0.0 145743.9 141203.0 35076.3 57870.0 1806.7 146.0 18747.0 19816.0 260430.4 280943.0
2018 12 13 5506.5 7325.0 1570.5 1284.0 32822.8 40246.0 10927.4 8742.0 712.1 930.0 9534.2 7454.0 0.0 0.0 145371.7 150494.0 37806.0 61678.0 2131.1 156.0 26071.0 21120.0 272453.2 299429.0
2018 12 14 5506.5 7762.0 1436.3 1295.0 32822.8 40416.0 10076.5 8638.0 672.3 919.0 8741.0 7383.0 0.0 0.0 145306.2 151481.0 34743.0 62082.0 1771.1 157.0 18450.2 21258.0 259525.9 301391.0
2018 12 15 4996.3 7351.0 1339.1 1184.0 29535.5 36788.0 9154.4 7804.0 666.9 833.0 8016.8 6722.0 0.0 0.0 143420.6 138407.0 34843.2 56724.0 2190.7 143.0 28754.8 19424.0 262918.3 275380.0
2018 12 16 5481.0 6933.0 1511.6 1116.0 31937.7 34694.0 10441.9 7344.0 760.4 786.0 9151.1 6338.0 0.0 0.0 145314.2 130488.0 36551.9 53478.0 1892.0 135.0 20212.5 18312.0 263254.4 259624.0
2018 12 17 6035.5 6004.0 1545.8 969.0 35401.4 30020.0 10681.0 6329.0 779.1 676.0 9341.2 5453.0 0.0 0.0 147571.7 112792.0 38160.1 46226.0 2079.6 117.0 23713.3 15829.0 275308.7 224415.0
2018 12 18 5867.6 7829.0 1504.3 1229.0 34871.5 38001.0 10242.2 7844.0 985.6 875.0 9020.0 6912.0 0.0 0.0 145923.1 142986.0 37926.3 58600.0 2013.8 148.0 21477.5 20066.0 269832.0 284490.0
2018 12 19 5506.5 8085.0 1528.2 1247.0 32822.8 38457.0 10352.6 7934.0 779.9 885.0 9174.0 6991.0 0.0 0.0 145967.1 145056.0 36794.7 59449.0 1788.0 150.0 17121.2 20357.0 261834.9 288611.0
2018 12 20 5506.5 8103.0 1461.4 1242.0 32822.8 38246.0 9925.2 7892.0 773.3 879.0 8777.1 6953.0 0.0 0.0 145245.4 144413.0 35018.3 59185.0 2073.8 149.0 27139.0 20266.0 268742.7 287328.0
2018 12 21 5506.5 7416.0 1412.3 1134.0 32822.8 34849.0 9523.4 7185.0 748.3 801.0 8412.4 6350.0 0.0 0.0 144752.5 131683.0 35219.4 53968.0 1783.6 136.0 17609.2 18480.0 257790.2 262002.0
2018 12 22 4996.3 6800.0 1417.0 1041.0 29535.5 32008.0 9472.6 6589.0 713.5 734.0 8414.4 5823.0 0.0 0.0 144306.2 120875.0 35084.2 49539.0 2056.9 125.0 25618.3 16963.0 261614.9 240497.0
2018 12 23 4996.3 6472.0 1885.5 992.0 29535.5 30480.0 12777.9 6277.0 725.0 699.0 11410.7 5547.0 0.0 0.0 144306.2 115112.0 41264.1 47177.0 2028.9 119.0 22234.5 16154.0 271164.5 229029.0
2018 12 24 5452.4 6180.0 1665.8 944.0 32822.8 28947.0 11190.8 5951.0 795.0 663.0 9914.3 5323.0 0.0 0.0 145587.2 109498.0 40602.9 44876.0 2236.4 113.0 26004.7 15367.0 276272.3 217862.0
2018 12 25 5142.6 8508.0 1292.1 1299.0 29739.3 39868.0 9017.2 8192.0 708.7 913.0 7808.6 7327.0 0.0 0.0 145880.8 150778.0 29249.2 61794.0 847.0 156.0 20485.0 21160.0 250170.5 299995.0
2018 12 26 5579.0 6187.0 1607.6 950.0 33423.2 29039.0 10723.5 5958.0 770.4 664.0 9555.8 5328.0 0.0 0.0 145678.5 109765.0 37573.0 44985.0 894.0 114.0 16792.8 15404.0 262597.7 218394.0
2018 12 27 6150.0 8346.0 1472.5 1278.0 35401.4 39056.0 9989.1 8009.0 795.2 892.0 8889.2 7164.0 0.0 0.0 146726.2 147676.0 34767.6 60522.0 985.9 153.0 24486.0 20724.0 269663.1 293820.0
2018 12 28 6101.9 8521.0 1348.3 1291.0 35401.4 39430.0 9304.8 8079.0 791.3 900.0 8083.5 7225.0 0.0 0.0 146360.9 149278.0 31212.1 61179.0 1233.1 155.0 23216.8 20949.0 263054.1 297007.0
2018 12 29 4991.5 8704.0 1413.2 1320.0 29494.5 40268.0 9856.7 8252.0 728.1 919.0 8561.3 7380.0 0.0 0.0 143420.6 152460.0 31534.4 62483.0 1306.2 158.0 22493.2 21396.0 253799.7 303340.0
2018 12 30 4996.3 8095.0 1730.7 1227.0 29535.5 37459.0 12180.7 7679.0 657.9 856.0 10708.3 6868.0 0.0 0.0 143420.6 141835.0 35053.7 58128.0 1293.3 147.0 24427.3 19905.0 264004.3 282199.0
2018 12 31 5524.8 6090.0 1466.7 909.0 33423.2 27694.0 10110.8 5676.0 739.9 632.0 8837.4 5074.0 0.0 0.0 145880.8 105093.0 33930.7 43071.0 1414.7 109.0 25125.0 14748.0 266453.9 209096.0
2019 1 1 6388.4 5576.0 1278.2 967.0 34152.4 32590.0 8522.4 6837.0 932.6 513.0 6972.0 6575.0 0.0 0.0 142112.8 115978.0 38745.7 47589.0 9.0 3.0 19221.0 14636.0 258334.5 231264.0
2019 1 2 6049.7 5454.0 1401.0 880.0 33677.8 31471.0 9779.5 6723.0 883.0 501.0 7949.0 6415.0 0.0 0.0 136824.5 112446.0 43626.3 46140.0 10.0 3.0 17549.3 14191.0 257750.2 224224.0
2019 1 3 6236.8 7728.0 1342.4 1254.0 34337.9 44912.0 9122.5 9530.0 883.0 710.0 7455.6 9122.0 0.0 0.0 141312.8 160120.0 41741.3 65702.0 8.0 4.0 19894.0 20207.0 262334.3 319289.0
2019 1 4 5980.6 7131.0 1400.0 1194.0 32745.9 41152.0 9367.8 8701.0 883.0 650.0 7632.8 8323.0 0.0 0.0 133756.6 146776.0 41796.3 60227.0 8.5 3.0 16343.8 18523.0 249915.4 292680.0
2019 1 5 5283.6 7423.0 1347.9 1238.0 28843.3 41903.0 9058.9 8921.0 822.7 666.0 7393.9 8531.0 0.0 0.0 125619.4 150120.0 41091.0 61599.0 8.0 3.0 18769.0 18945.0 238237.7 299349.0
2019 1 6 5804.4 5609.0 1454.3 937.0 31257.0 31735.0 9882.2 6751.0 822.7 504.0 8082.3 6456.0 0.0 0.0 131226.1 113645.0 46308.3 46632.0 10.8 3.0 26529.5 14342.0 261377.6 226614.0
2019 1 7 5800.4 6687.0 1590.5 1119.0 31794.4 37973.0 10607.2 8047.0 875.4 601.0 8649.4 7696.0 0.0 0.0 130330.8 135788.0 48301.2 55718.0 9.0 3.0 21715.8 17137.0 259674.1 270769.0
2019 1 8 6071.7 5583.0 1672.9 925.0 33677.8 31328.0 11243.5 6656.0 883.0 497.0 9197.7 6363.0 0.0 0.0 136824.5 112246.0 50968.7 46058.0 9.8 3.0 22102.2 14166.0 272651.7 223825.0
2019 1 9 6683.6 7197.0 1454.3 1272.0 35052.6 39852.0 9799.1 8593.0 883.0 640.0 8020.0 8200.0 0.0 0.0 144582.0 143724.0 44656.0 58975.0 10.0 3.0 19214.0 18138.0 270354.5 286594.0
2019 1 10 6778.3 7218.0 1478.5 1289.0 37194.1 40293.0 9689.8 8686.0 967.3 647.0 7973.1 8289.0 0.0 0.0 147935.8 145185.0 44558.3 59574.0 8.5 3.0 19083.2 18322.0 275667.0 289506.0
2019 1 11 7168.3 7459.0 1499.0 1332.0 36783.2 41637.0 9875.0 8985.0 906.6 669.0 8097.0 8564.0 0.0 0.0 147174.8 150046.0 44383.3 61569.0 9.3 3.0 15702.7 18936.0 271599.3 299200.0
2019 1 12 6603.5 7609.0 1383.1 1348.0 33936.8 42129.0 9096.7 9087.0 908.7 676.0 7493.3 8663.0 0.0 0.0 137249.0 151938.0 42371.6 62345.0 8.2 4.0 21334.2 19175.0 260385.3 302974.0
2019 1 13 6771.4 6519.0 1446.3 1157.0 36239.1 36213.0 9645.1 7777.0 908.7 578.0 7945.6 7412.0 0.0 0.0 142725.9 130394.0 45610.1 53505.0 10.6 3.0 25462.1 16456.0 276764.9 260014.0
2019 1 14 5987.3 6814.0 1634.0 1208.0 34376.4 37824.0 10690.1 8108.0 971.9 603.0 8792.3 7728.0 0.0 0.0 141566.4 136142.0 49133.8 55864.0 9.3 3.0 20898.1 17181.0 274059.7 271475.0
2019 1 15 6800.3 5422.0 1667.4 963.0 36456.0 30149.0 10932.9 6455.0 871.7 480.0 9079.8 6150.0 0.0 0.0 143566.9 108457.0 50723.3 44503.0 10.2 3.0 22535.8 13687.0 282644.3 216269.0
2019 1 16 6236.8 8360.0 1562.2 1471.0 34576.3 46035.0 10190.3 9836.0 883.0 747.0 8474.7 9402.0 0.0 0.0 142816.8 165795.0 46971.8 68031.0 10.3 4.0 18028.1 20923.0 269750.3 330604.0
2019 1 17 6683.6 6890.0 1476.4 1211.0 35491.6 37914.0 9505.4 8110.0 883.0 615.0 7924.5 7743.0 0.0 0.0 144582.0 136576.0 44418.2 56042.0 9.0 3.0 19012.0 17236.0 269985.7 272340.0
2019 1 18 6709.2 6986.0 1659.0 1219.0 36540.2 38119.0 10660.4 8149.0 871.7 618.0 8872.2 7780.0 0.0 0.0 144804.4 137422.0 48390.8 56389.0 10.0 3.0 13834.0 17343.0 272351.8 274028.0
2019 1 19 6409.2 7567.0 1454.0 1298.0 34747.6 40684.0 9237.0 8488.0 981.6 668.0 7745.1 8273.0 0.0 0.0 143112.2 146400.0 44666.8 60073.0 9.1 3.0 24596.9 18476.0 272959.4 291930.0
2019 1 20 6771.4 6281.0 1582.0 1077.0 36239.1 33777.0 10129.3 7046.0 908.7 554.0 8483.0 6867.0 0.0 0.0 141040.7 121533.0 48428.1 49869.0 11.2 3.0 24022.1 15337.0 277615.6 242344.0
2019 1 21 5987.3 6385.0 1734.9 1094.0 34376.4 34340.0 11029.0 7164.0 971.9 564.0 9174.3 6982.0 0.0 0.0 141566.4 123562.0 51619.2 50702.0 10.2 3.0 21849.8 15594.0 278319.4 246390.0
2019 1 22 6800.3 5666.0 1696.3 957.0 36755.1 30033.0 10674.5 6259.0 979.5 492.0 9012.2 6099.0 0.0 0.0 146773.1 108211.0 51029.9 44403.0 14.1 3.0 23636.4 13656.0 287371.3 215779.0
2019 1 23 7458.8 8070.0 1605.0 1356.0 38626.0 42533.0 10110.8 8867.0 906.6 697.0 8538.5 8637.0 0.0 0.0 153087.6 153356.0 47820.0 62927.0 14.3 4.0 19198.9 19354.0 287366.5 305801.0
2019 1 24 7819.0 8097.0 1583.8 1358.0 40453.0 42594.0 9872.2 8872.0 906.6 698.0 8328.4 8642.0 0.0 0.0 153087.6 153574.0 46696.4 63016.0 11.7 4.0 18688.6 19381.0 287447.3 306236.0
2019 1 25 7175.6 8726.0 1619.2 1464.0 37391.2 45927.0 10168.3 9556.0 906.6 751.0 8588.6 9301.0 0.0 0.0 151112.1 165521.0 47373.0 67919.0 14.0 4.0 15107.6 20889.0 279456.2 330058.0
2019 1 26 6507.4 9071.0 1486.9 1518.0 33923.2 47644.0 9349.8 9937.0 908.7 777.0 7907.3 9624.0 0.0 0.0 137249.0 171737.0 45748.0 70469.0 13.3 4.0 25609.2 21673.0 268702.9 342454.0
2019 1 27 6869.7 7099.0 1696.6 1188.0 36239.1 37294.0 10762.2 7777.0 908.7 608.0 9035.1 7532.0 0.0 0.0 140584.5 134419.0 51176.1 55156.0 15.4 3.0 23394.7 16964.0 280682.1 268040.0
2019 1 28 6143.2 7821.0 1669.5 1308.0 34900.4 41103.0 10460.3 8566.0 971.9 670.0 8762.7 8298.0 0.0 0.0 141566.4 148122.0 51119.9 60779.0 14.2 3.0 23467.4 18693.0 279076.0 295363.0
2019 1 29 6800.3 6122.0 1781.3 1021.0 36755.1 32065.0 11068.2 6674.0 979.5 522.0 9330.3 6465.0 0.0 0.0 146773.1 115557.0 53869.6 47417.0 17.9 3.0 22862.1 14583.0 290237.2 230429.0
2019 1 30 6934.3 8571.0 1595.4 1409.0 37231.8 44236.0 10014.8 9197.0 906.6 719.0 8462.9 8908.0 0.0 0.0 146993.0 159651.0 48740.0 65510.0 17.7 4.0 19703.3 20148.0 280599.9 318353.0
2019 1 31 7237.5 8617.0 1650.6 1412.0 38236.3 44458.0 10172.7 9264.0 906.6 721.0 8546.0 8759.0 0.0 0.0 151029.0 160007.0 49352.3 65664.0 14.7 4.0 19844.8 20195.0 286990.4 319101.0
2019 2 1 7046.7 8470.0 1554.0 1357.0 37446.4 43854.0 9542.2 9167.0 904.8 737.0 8096.8 8621.0 0.0 0.0 143139.5 144703.0 45741.3 69235.0 16.7 0.0 16673.2 20537.0 270161.6 306681.0
2019 2 2 7002.1 8209.0 1524.6 1328.0 35668.4 43115.0 9408.1 8873.0 885.7 714.0 7946.4 8343.0 0.0 0.0 141430.5 141448.0 46895.0 67677.0 15.4 0.0 26042.8 20075.0 276819.0 299782.0
2019 2 3 6983.0 7565.0 1804.2 1213.0 36427.8 40197.0 11240.2 8150.0 893.0 655.0 9423.8 7664.0 0.0 0.0 141430.5 131154.0 53785.3 62752.0 19.4 0.0 22597.2 18614.0 284604.6 277964.0
2019 2 4 6675.5 8749.0 1630.8 1398.0 32893.8 46379.0 9551.5 9366.0 894.8 753.0 7888.0 8805.0 0.0 0.0 139758.1 151202.0 49407.2 72344.0 43.0 0.0 23130.0 21459.0 271872.6 320455.0
2019 2 5 6990.7 6613.0 1630.8 1060.0 35940.3 35152.0 9551.5 7086.0 894.8 570.0 7888.0 6661.0 0.0 0.0 143139.5 114512.0 49407.2 54789.0 43.0 0.0 23130.0 16252.0 278615.8 242695.0
2019 2 6 7046.7 9328.0 1630.8 1509.0 35940.3 50369.0 9551.5 10002.0 887.5 802.0 7888.0 9372.0 0.0 0.0 143139.5 163092.0 49407.2 78033.0 43.0 0.0 23130.0 23147.0 278664.5 345654.0
2019 2 7 7046.7 7507.0 1706.9 1174.0 37910.7 40582.0 10219.4 8059.0 914.5 646.0 8512.5 7552.0 0.0 0.0 143139.5 131302.0 50223.2 62823.0 17.7 0.0 21359.8 18635.0 281051.0 278280.0
2019 2 8 6990.7 8393.0 1496.1 1321.0 37446.4 45449.0 8947.5 8990.0 910.3 720.0 7461.1 8424.0 0.0 0.0 143139.5 146889.0 43984.9 70280.0 19.3 0.0 17338.6 20847.0 267734.4 311313.0
2019 2 9 6983.0 7558.0 1474.0 1287.0 35668.4 40680.0 8894.2 8093.0 1002.2 648.0 7395.5 7576.0 0.0 0.0 141430.5 131949.0 45398.0 63132.0 17.2 0.0 25789.0 18727.0 274052.1 279650.0
2019 2 10 6702.7 6865.0 1678.6 1173.0 34464.7 37254.0 10254.7 7358.0 785.7 588.0 8460.1 6876.0 0.0 0.0 134280.4 120471.0 50257.2 57640.0 22.2 0.0 22472.8 17098.0 269379.1 255323.0
2019 2 11 6380.4 7640.0 1644.7 1313.0 32788.4 41698.0 9907.4 8242.0 855.8 658.0 8145.8 7694.0 0.0 0.0 135349.0 134758.0 50121.9 64476.0 40.7 0.0 23431.7 19125.0 268665.7 285604.0
2019 2 12 6380.4 5897.0 1661.8 1018.0 33534.6 32385.0 9932.0 6399.0 917.0 503.0 8140.5 5955.0 0.0 0.0 136565.4 104523.0 48948.7 50010.0 42.7 0.0 20154.4 14834.0 266277.5 221524.0
2019 2 13 6380.4 7541.0 1627.4 1291.0 33656.4 40807.0 9830.8 8208.0 898.8 645.0 8011.3 7641.0 0.0 0.0 136565.4 132532.0 47988.1 63411.0 40.7 0.0 18962.7 18810.0 263962.0 280886.0
2019 2 14 6380.4 6869.0 1633.4 1192.0 33534.6 37582.0 9779.3 7724.0 908.0 602.0 7943.2 7141.0 0.0 0.0 136565.4 122465.0 48137.1 58595.0 36.7 0.0 20944.8 17381.0 265862.9 259551.0
2019 2 15 6380.4 6599.0 1529.6 1176.0 33152.3 37165.0 9205.0 7708.0 896.8 597.0 7383.8 7050.0 0.0 0.0 136565.4 120832.0 44104.2 57813.0 37.3 0.0 15777.0 17149.0 255031.8 256089.0
2019 2 16 6159.2 5029.0 1432.7 899.0 30405.5 28411.0 8595.0 5919.0 802.7 457.0 6924.0 5396.0 0.0 0.0 132264.7 92409.0 43883.2 44214.0 30.0 0.0 24585.4 13115.0 255082.6 195849.0
2019 2 17 6159.2 5627.0 1582.6 1006.0 30700.6 31777.0 9564.7 6628.0 804.7 512.0 7700.4 6042.0 0.0 0.0 132264.7 103392.0 47856.1 49469.0 43.3 0.0 23303.3 14674.0 259979.8 219127.0
2019 2 18 6380.4 5828.0 1698.6 1048.0 32756.4 33104.0 10260.9 6924.0 855.8 534.0 8165.1 6305.0 0.0 0.0 135349.0 107701.0 49599.7 51531.0 38.0 0.0 20842.3 15285.0 265946.2 228260.0
2019 2 19 6380.4 4782.0 1584.6 895.0 33656.4 28185.0 9472.3 6144.0 898.8 470.0 7558.2 5393.0 0.0 0.0 136565.4 91922.0 45740.9 43981.0 42.0 0.0 19545.2 13046.0 261444.3 194818.0
2019 2 20 6380.4 6712.0 1634.1 1256.0 33656.4 39586.0 9786.1 8619.0 898.8 659.0 7769.6 7567.0 0.0 0.0 136565.4 129055.0 46351.0 61748.0 40.7 0.0 17483.2 18316.0 260565.7 273518.0
2019 2 21 6380.4 6991.0 1585.2 1307.0 33534.6 41233.0 9538.5 8949.0 911.4 684.0 7509.4 7851.0 0.0 0.0 136565.4 134298.0 45035.7 64256.0 34.0 0.0 18166.6 19060.0 259261.2 284629.0
2019 2 22 6380.4 6648.0 1538.0 1244.0 33274.1 39285.0 9347.3 8608.0 889.2 650.0 7306.9 7468.0 0.0 0.0 136565.4 128063.0 43032.2 61273.0 38.0 0.0 14534.6 18175.0 252906.1 271414.0
2019 2 23 6159.2 6018.0 1376.0 1125.0 30283.7 35508.0 8347.1 7754.0 798.1 586.0 6549.2 6739.0 0.0 0.0 132264.7 115692.0 40933.1 55354.0 30.7 0.0 22146.4 16420.0 248888.3 245196.0
2019 2 24 6159.2 5446.0 1576.7 1020.0 32002.0 32274.0 9640.8 7010.0 806.2 530.0 7506.9 6092.0 0.0 0.0 132264.7 104955.0 46294.3 50217.0 42.0 0.0 22836.2 14896.0 259129.2 222440.0
2019 2 25 6380.4 5821.0 1770.9 1092.0 31829.6 34599.0 10842.0 7503.0 809.0 567.0 8371.5 6524.0 0.0 0.0 135349.0 112437.0 49676.2 53796.0 38.7 0.0 18248.6 15957.0 263315.9 238296.0
2019 2 26 6380.4 4764.0 1566.9 894.0 33656.4 28368.0 9477.4 6147.0 898.8 464.0 7298.6 5339.0 0.0 0.0 136565.4 92135.0 42601.9 44083.0 25.4 0.0 20071.4 13076.0 258542.8 195270.0
2019 2 27 6380.4 5979.0 1608.0 1121.0 33656.4 35633.0 9745.5 7703.0 898.8 581.0 7473.8 6687.0 0.0 0.0 136565.4 115640.0 41956.9 55329.0 22.4 0.0 15621.9 16412.0 253929.6 245085.0
2019 2 28 6380.4 6171.0 1562.6 1173.0 33656.4 36722.0 9463.0 8440.0 825.3 603.0 7217.0 7226.0 0.0 0.0 136565.4 121028.0 41346.4 57889.0 21.6 0.0 17449.3 17171.0 254487.5 256423.0
2019 3 1 5147.8 4904.0 1551.0 1207.0 27758.4 27872.0 9090.9 6957.0 760.6 480.0 6587.2 5215.0 0.0 0.0 136826.3 147911.0 38478.3 48305.0 36.3 23.0 26949.3 20967.0 253186.2 263841.0
2019 3 2 4706.7 3715.0 1326.7 911.0 22958.4 21023.0 8132.0 5235.0 605.2 361.0 6032.2 3922.0 0.0 0.0 123054.8 111540.0 36615.3 36427.0 19.4 17.0 20926.0 15811.0 224376.7 198962.0
2019 3 3 4417.2 4101.0 1668.7 994.0 24081.8 22758.0 10288.2 5780.0 606.0 399.0 7565.6 4330.0 0.0 0.0 121784.1 121672.0 44561.4 39736.0 23.9 19.0 21571.2 17248.0 236568.2 217037.0
2019 3 4 4139.9 4224.0 1618.2 1002.0 23417.5 23397.0 9895.9 5954.0 652.8 411.0 7274.0 4461.0 0.0 0.0 128392.4 125115.0 43164.2 40860.0 24.4 19.0 21668.2 17736.0 240247.6 223179.0
2019 3 5 4139.9 3820.0 1576.4 888.0 25227.7 20615.0 9321.6 5286.0 685.7 364.0 6830.6 3950.0 0.0 0.0 133232.4 110768.0 39614.8 36175.0 30.0 17.0 23958.9 15702.0 244617.9 197585.0
2019 3 6 4962.2 5081.0 1744.2 1162.0 28359.6 26620.0 10155.8 7025.0 694.6 483.0 7440.9 5262.0 0.0 0.0 133535.0 144734.0 40225.6 47267.0 27.3 22.0 17042.0 20517.0 244187.1 258173.0
2019 3 7 5164.7 4632.0 1620.0 1215.0 29769.6 24169.0 9419.7 6391.0 760.6 439.0 6893.8 4788.0 0.0 0.0 138760.2 132054.0 37675.6 43126.0 25.8 20.0 18272.6 18719.0 248362.5 235553.0
2019 3 8 4858.3 5040.0 1447.2 1373.0 27758.4 26239.0 8478.6 6945.0 760.6 476.0 6193.8 5193.0 0.0 0.0 137437.7 143571.0 34532.2 46887.0 24.7 22.0 18455.4 20352.0 239947.0 256098.0
2019 3 9 4417.2 4960.0 1417.9 1364.0 22958.4 25589.0 8423.2 6828.0 605.2 467.0 6125.2 5092.0 0.0 0.0 123054.8 140505.0 34160.3 45886.0 23.6 22.0 18648.7 19917.0 219834.3 250630.0
2019 3 10 4706.7 4438.0 1536.7 1203.0 23570.0 22315.0 9169.1 6121.0 605.2 419.0 6607.1 4564.0 0.0 0.0 121784.1 123888.0 37438.9 40459.0 26.2 19.0 22510.4 17562.0 227954.4 220988.0
2019 3 11 5057.4 4630.0 1627.5 1238.0 28322.2 22745.0 9805.1 6386.0 801.1 437.0 7047.1 4762.0 0.0 0.0 138161.7 127492.0 39131.2 41637.0 29.3 20.0 21989.6 18073.0 251972.2 227420.0
2019 3 12 4854.9 4068.0 1711.4 1099.0 29764.2 20191.0 10067.8 5697.0 685.7 388.0 7155.2 4226.0 0.0 0.0 138223.8 113129.0 38284.4 36946.0 33.7 17.0 21680.7 16037.0 252461.7 201798.0
2019 3 13 4247.2 4465.0 1725.7 1351.0 27501.4 25042.0 9985.7 7288.0 694.6 433.0 7068.3 5297.0 0.0 0.0 133535.0 139159.0 37048.8 45446.0 31.1 21.0 19587.6 19726.0 241425.3 248228.0
2019 3 14 4381.6 3954.0 1697.2 1203.0 27309.8 21553.0 9792.0 6948.0 694.6 410.0 6999.9 5007.0 0.0 0.0 133535.0 123932.0 36365.4 40474.0 30.9 19.0 18536.9 17568.0 239343.3 221068.0
2019 3 15 4247.2 3204.0 1480.8 979.0 23663.7 17570.0 8614.3 5658.0 694.6 334.0 6062.2 4077.0 0.0 0.0 131985.5 100931.0 32470.6 32962.0 27.6 15.0 20479.1 14307.0 229725.6 180037.0
2019 3 16 3740.8 4078.0 1476.4 1245.0 19303.6 22363.0 8811.9 7164.0 606.0 422.0 6136.8 5160.0 0.0 0.0 123054.8 128240.0 31981.3 41881.0 27.0 20.0 17423.1 18179.0 212561.9 228752.0
2019 3 17 3468.3 3420.0 1442.1 1083.0 21410.2 19473.0 8535.9 6315.0 617.7 371.0 5902.0 4537.0 0.0 0.0 122873.9 111642.0 32215.9 36460.0 28.2 17.0 22622.1 15826.0 219116.3 199144.0
2019 3 18 3628.5 3652.0 1721.7 1228.0 22735.2 22117.0 10327.2 7326.0 652.8 427.0 7131.3 5187.0 0.0 0.0 122092.6 126669.0 37780.8 41368.0 34.4 19.0 23487.6 17956.0 229592.0 225949.0
2019 3 19 3377.6 3014.0 1725.9 1053.0 21807.4 18987.0 10348.4 6421.0 705.3 373.0 7109.6 4407.0 0.0 0.0 125520.5 108644.0 36936.4 35481.0 31.3 17.0 21037.1 15401.0 228599.6 193798.0
2019 3 20 4007.9 3177.0 1797.4 1107.0 26485.1 19971.0 10668.4 6745.0 694.6 392.0 7308.4 4629.0 0.0 0.0 133535.0 114250.0 38225.3 37312.0 33.2 18.0 22644.3 16196.0 245399.5 203797.0
2019 3 21 4247.2 4099.0 1555.4 1427.0 27309.8 25734.0 9182.0 8691.0 694.6 505.0 6329.7 5965.0 0.0 0.0 133535.0 147234.0 32988.4 48084.0 28.9 23.0 19767.7 20871.0 235638.7 262633.0
2019 3 22 4247.2 4192.0 1575.0 1459.0 25703.9 26312.0 9447.1 8878.0 694.6 516.0 6423.9 6093.0 0.0 0.0 131985.5 150501.0 33056.9 49151.0 27.9 23.0 18875.9 21334.0 232038.0 268459.0
2019 3 23 4417.2 3985.0 1490.8 1388.0 21343.8 25031.0 8957.0 8432.0 606.0 490.0 6049.0 5787.0 0.0 0.0 123054.8 143084.0 31317.9 46728.0 26.9 22.0 18209.6 20283.0 215472.9 255230.0
2019 3 24 4143.0 3389.0 1564.7 1180.0 21955.4 21297.0 9388.2 7164.0 606.0 416.0 6302.0 4914.0 0.0 0.0 121784.1 121669.0 32855.7 39735.0 27.8 19.0 20264.2 17247.0 218891.1 217030.0
2019 3 25 4274.3 2897.0 1679.3 1012.0 25457.7 18293.0 10181.4 6139.0 652.8 357.0 6872.1 4211.0 0.0 0.0 128392.4 104378.0 35698.5 34088.0 32.6 16.0 21606.4 14796.0 234847.5 186187.0
2019 3 26 4139.9 3192.0 1635.7 1116.0 27267.9 20163.0 9917.9 6758.0 685.7 393.0 6625.4 4635.0 0.0 0.0 133232.4 114999.0 34588.3 37556.0 36.0 18.0 21142.4 16302.0 239271.5 205132.0
2019 3 27 4007.9 3565.0 1664.3 1246.0 26485.1 22523.0 10107.7 7545.0 694.6 438.0 6663.4 5172.0 0.0 0.0 133535.0 128422.0 35175.6 41940.0 35.0 20.0 21916.8 18204.0 240285.3 229075.0
2019 3 28 3608.8 2859.0 1447.7 988.0 24659.3 17874.0 8893.8 6001.0 704.8 348.0 5795.3 4037.0 0.0 0.0 132031.0 101829.0 30621.7 33255.0 29.3 16.0 17916.2 14435.0 225707.7 181642.0
2019 3 29 2917.1 3661.0 1475.9 1249.0 19291.5 22912.0 8635.0 7459.0 714.2 445.0 5211.5 4696.0 0.0 0.0 130427.4 128880.0 28628.8 42044.0 29.6 46.0 17228.6 18249.0 214559.4 229641.0
2019 3 30 2526.9 3561.0 1408.0 1215.0 16349.3 22320.0 7932.8 7268.0 505.7 433.0 4726.3 4514.0 0.0 0.0 114707.6 125334.0 26620.7 40887.0 28.3 45.0 17719.3 17747.0 192525.0 223324.0
2019 3 31 2423.3 2284.0 1590.6 794.0 15591.5 13965.0 8978.9 4735.0 505.7 279.0 5233.3 2658.0 0.0 0.0 121169.2 82922.0 28639.5 26730.0 28.7 30.0 15932.4 11602.0 200093.1 145999.0
2019 4 1 2464.2 2023.0 1673.1 947.0 16314.8 12267.0 9497.1 4218.0 545.5 247.0 5461.5 1925.0 0.0 0.0 124359.4 112205.0 31250.3 24642.0 34.6 35.0 20594.4 15596.0 212194.8 174105.0
2019 4 2 2555.6 1807.0 1588.8 842.0 17031.1 10915.0 9021.4 3751.0 560.2 220.0 5136.4 1711.0 0.0 0.0 125222.6 99856.0 29636.6 21930.0 36.9 31.0 20386.3 13880.0 211176.0 154943.0
2019 4 3 2555.6 1944.0 1697.1 900.0 17054.7 11719.0 9634.0 4035.0 522.8 237.0 5403.8 1841.0 0.0 0.0 125222.6 107266.0 31507.8 23557.0 38.4 34.0 21632.7 14910.0 215269.5 166443.0
2019 4 4 2467.8 2324.0 1466.2 1094.0 16245.5 13781.0 8310.4 4767.0 520.0 280.0 4533.8 2175.0 0.0 0.0 125222.6 126704.0 26812.6 27826.0 32.1 40.0 17700.6 17611.0 203311.6 196602.0
2019 4 5 2965.5 2174.0 1419.0 991.0 19812.1 12570.0 7529.0 4474.0 754.5 261.0 3666.7 2034.0 0.0 0.0 126385.7 116760.0 23826.1 25642.0 32.8 37.0 17896.3 16229.0 204287.8 181172.0
2019 4 6 3364.4 2790.0 1437.4 1251.0 20511.7 15720.0 7412.3 5710.0 668.0 335.0 3619.9 2604.0 0.0 0.0 117424.9 147397.0 23341.2 32371.0 31.4 46.0 17613.3 20488.0 195424.8 228712.0
2019 4 7 3559.5 2583.0 1615.2 1157.0 20971.7 14517.0 8279.2 5284.0 616.9 310.0 3975.1 2410.0 0.0 0.0 125311.4 136245.0 24818.0 29922.0 31.7 43.0 15766.0 18938.0 204944.7 211409.0
2019 4 8 2866.1 2479.0 1619.6 1109.0 18501.2 13918.0 8205.8 5071.0 669.6 297.0 3975.3 2312.0 0.0 0.0 124159.7 130677.0 25631.4 28699.0 35.8 41.0 19209.7 18164.0 204874.1 202767.0
2019 4 9 2467.8 2415.0 1686.2 1081.0 16221.9 13493.0 8622.1 4938.0 551.0 289.0 4110.3 2252.0 0.0 0.0 125222.6 126954.0 26295.8 27881.0 40.9 40.0 18739.3 17646.0 203957.9 196989.0
2019 4 10 2328.1 2370.0 1533.9 1062.0 15620.8 13263.0 7891.4 4841.0 578.8 284.0 3635.9 2208.0 0.0 0.0 125222.6 124666.0 24352.1 27379.0 37.9 39.0 19935.1 17328.0 201136.7 193440.0
2019 4 11 2467.8 2728.0 1570.0 1220.0 16245.5 15231.0 8171.4 5563.0 520.0 326.0 3727.4 2536.0 0.0 0.0 125222.6 143217.0 24284.7 31453.0 36.1 45.0 17320.4 19907.0 199565.9 222226.0
2019 4 12 2466.2 2431.0 1481.0 1203.0 16245.5 15065.0 7218.8 5614.0 496.9 329.0 3055.3 2560.0 0.0 0.0 125222.6 141129.0 21674.8 30994.0 36.3 44.0 20107.6 19616.0 198005.0 218985.0
2019 4 13 2447.0 1831.0 1383.5 986.0 15884.1 12351.0 6797.6 4724.0 497.3 269.0 2885.7 2153.0 0.0 0.0 115012.1 115770.0 20162.6 25425.0 33.2 36.0 17970.1 16092.0 183073.2 179637.0
2019 4 14 2959.9 2101.0 1521.4 1169.0 19686.9 14456.0 7500.5 5790.0 678.6 328.0 3153.8 2603.0 0.0 0.0 124061.6 137208.0 21050.0 30133.0 33.2 43.0 15996.8 19071.0 196642.7 212902.0
2019 4 15 2376.3 2130.0 1532.3 1184.0 15505.6 14640.0 7363.1 5870.0 536.3 332.0 3116.2 2639.0 0.0 0.0 124359.4 139021.0 22491.8 30531.0 39.3 44.0 23500.7 19323.0 200821.2 215714.0
2019 4 16 2555.6 1785.0 1577.9 947.0 17031.1 11238.0 7751.7 4935.0 560.2 279.0 3266.5 2218.0 0.0 0.0 125222.6 111037.0 22680.9 24385.0 38.2 35.0 21283.7 15434.0 201968.4 172293.0
2019 4 17 2967.1 1711.0 1485.1 964.0 18999.4 11482.0 7350.9 5068.0 521.2 287.0 3074.7 2276.0 0.0 0.0 126385.7 113046.0 22302.1 24827.0 40.0 36.0 25079.9 15713.0 208206.1 175410.0
2019 4 18 2467.8 2144.0 1450.8 1280.0 16245.5 15430.0 7250.5 6652.0 523.1 391.0 3014.8 3069.0 0.0 0.0 125222.6 150287.0 21011.6 33005.0 36.3 47.0 20808.9 20889.0 198031.9 233194.0
2019 4 19 2554.0 1947.0 1432.2 1162.0 17054.7 14011.0 7128.6 6037.0 555.1 355.0 2971.4 2786.0 0.0 0.0 125222.6 136434.0 21282.4 29963.0 38.0 43.0 23489.3 18964.0 201728.4 211702.0
2019 4 20 2534.8 2414.0 1305.0 1445.0 16693.3 17371.0 6536.0 7574.0 554.5 440.0 2736.0 3449.0 0.0 0.0 115012.1 169620.0 19966.1 37251.0 36.6 53.0 23582.6 23577.0 188956.9 263194.0
2019 4 21 2352.3 1538.0 1471.7 923.0 15496.9 11096.0 7529.1 4832.0 475.0 280.0 3104.2 2201.0 0.0 0.0 122898.6 108280.0 20731.9 23780.0 34.6 34.0 18648.4 15050.0 192742.8 168014.0
2019 4 22 2254.3 1972.0 1496.8 1182.0 14318.0 14215.0 7532.9 6190.0 503.7 359.0 3121.0 2819.0 0.0 0.0 124359.4 138719.0 22385.1 30465.0 41.4 44.0 26654.9 19281.0 202667.5 215246.0
2019 4 23 2317.1 1948.0 1518.1 1168.0 15510.6 14060.0 7734.6 6115.0 614.2 355.0 3204.0 2785.0 0.0 0.0 125222.6 137139.0 22411.9 30118.0 39.3 43.0 23924.3 19062.0 202496.9 212793.0
2019 4 24 2328.1 1806.0 1575.4 1083.0 15620.8 13035.0 8281.1 5670.0 519.4 329.0 3337.6 2579.0 0.0 0.0 125222.6 127112.0 22467.7 27916.0 37.1 40.0 21450.6 17668.0 200840.4 197238.0
2019 4 25 1608.1 2452.0 1430.7 1471.0 11331.7 17700.0 7559.5 7697.0 480.8 445.0 3008.6 3493.0 0.0 0.0 125222.6 172557.0 20769.2 37896.0 35.1 54.0 20239.7 23985.0 191686.0 267750.0
2019 4 26 1606.5 1918.0 1335.3 1147.0 11331.7 13802.0 6989.3 6006.0 454.3 347.0 2810.4 2723.0 0.0 0.0 125222.6 134601.0 19725.9 29561.0 34.9 42.0 22307.3 18709.0 191818.3 208856.0
2019 4 27 2307.4 1792.0 1329.8 1057.0 15168.4 12866.0 7287.0 5518.0 543.6 324.0 2870.8 2345.0 0.0 0.0 115012.1 123960.0 19971.2 27224.0 34.8 30.0 22036.2 17230.0 186561.2 192346.0
2019 4 28 2352.3 1586.0 1530.4 933.0 14781.6 11373.0 6745.6 4873.0 475.0 286.0 2265.0 2071.0 130.5 0.0 122898.6 109542.0 18984.8 24057.0 31.9 27.0 16876.1 15226.0 187071.8 169974.0
2019 4 29 1574.5 1768.0 1544.1 1040.0 10723.2 12677.0 7145.4 5430.0 449.9 319.0 2437.5 2308.0 133.4 0.0 124359.4 122095.0 20701.7 26814.0 38.2 30.0 23596.1 16971.0 192703.4 189452.0
2019 4 30 1420.6 1556.0 1594.3 915.0 10445.2 11144.0 7399.2 4765.0 422.2 279.0 2489.1 2025.0 155.2 0.0 125222.6 107277.0 21108.7 23560.0 38.3 26.0 23661.8 14911.0 193957.3 166458.0
2019 5 1 1527.7 1299.0 1636.4 959.0 10733.4 9023.0 7980.1 3941.0 490.7 228.0 2765.7 865.0 135.1 419.0 127163.7 122064.0 21393.1 19173.0 35.9 27.0 20637.6 16601.0 194499.1 174599.0
2019 5 2 1527.7 1383.0 1379.1 1017.0 10802.9 9533.0 6786.4 4202.0 489.5 243.0 2295.1 923.0 123.5 447.0 124697.9 129449.0 18422.6 20333.0 31.4 29.0 18485.7 17605.0 185041.8 185164.0
2019 5 3 2422.1 1837.0 1262.7 1339.0 15061.0 12539.0 6196.2 5566.0 496.2 321.0 2119.1 1221.0 108.1 591.0 121298.5 170783.0 16963.8 26825.0 29.4 38.0 17869.6 23227.0 183826.7 244287.0
2019 5 4 2422.1 1444.0 1426.3 995.0 14798.3 9510.0 7260.3 4379.0 477.5 252.0 2408.5 960.0 142.4 465.0 106319.4 131325.0 19560.6 20627.0 35.3 29.0 22828.0 17860.0 177678.6 187846.0
2019 5 5 1704.5 1419.0 1177.9 1001.0 11295.7 9068.0 4997.5 4304.0 467.8 248.0 983.3 943.0 333.6 457.0 119304.1 127213.0 13676.2 19981.0 27.7 28.0 20271.3 17301.0 174239.6 181963.0
2019 5 6 1704.5 1038.0 1282.5 731.0 11061.3 6609.0 5665.7 3149.0 483.5 181.0 1117.6 690.0 379.1 334.0 120445.8 92875.0 14592.7 14588.0 30.2 21.0 21043.3 12631.0 177806.3 132847.0
2019 5 7 1704.5 1670.0 1630.1 1175.0 11329.4 10611.0 6921.7 5066.0 483.5 292.0 1709.1 1110.0 334.1 538.0 122209.8 149244.0 19650.8 23442.0 38.2 33.0 24416.9 20297.0 190428.1 213478.0
2019 5 8 1527.7 1317.0 1440.9 926.0 10802.9 8354.0 6460.7 4000.0 495.1 230.0 1594.2 873.0 290.5 423.0 124460.3 117593.0 17424.8 18470.0 31.1 26.0 19326.3 15993.0 183854.6 168205.0
2019 5 9 2422.1 1405.0 1351.0 985.0 15067.5 8696.0 6278.2 4263.0 509.1 245.0 1551.9 931.0 273.8 451.0 126563.8 123814.0 16623.3 19447.0 30.2 28.0 18381.9 16839.0 189052.7 177104.0
2019 5 10 2422.1 1748.0 1224.1 1286.0 15067.5 10866.0 5669.7 5363.0 496.2 308.0 1363.5 1170.0 264.7 566.0 121298.5 155414.0 14996.7 24411.0 27.7 35.0 18124.8 21136.0 180955.4 222303.0
2019 5 11 1527.7 1240.0 1343.0 1010.0 10533.7 8472.0 6338.6 4361.0 445.9 248.0 1548.0 939.0 299.8 457.0 103634.2 122005.0 16784.9 19163.0 32.7 27.0 22135.8 16593.0 164624.1 174515.0
2019 5 12 1527.7 1021.0 1282.5 885.0 10697.8 7402.0 5665.7 3909.0 465.3 222.0 1117.6 838.0 379.1 408.0 119304.1 107117.0 14592.7 16825.0 30.2 24.0 21043.3 14568.0 176106.0 153219.0
2019 5 13 1527.7 1360.0 1335.6 1203.0 10465.3 10016.0 5675.5 5369.0 461.0 305.0 1114.4 1152.0 370.0 561.0 120115.0 145631.0 14839.2 22874.0 29.6 33.0 18982.8 19806.0 174915.9 208310.0
2019 5 14 1527.7 1164.0 1620.6 1036.0 10661.9 8540.0 6909.4 4689.0 457.0 266.0 1352.2 1003.0 460.3 489.0 123107.5 125368.0 18297.5 19691.0 38.8 28.0 26714.3 17050.0 191147.2 179324.0
2019 5 15 1429.6 1112.0 1436.4 1033.0 10733.4 8162.0 6411.5 4997.0 511.0 281.0 1278.2 1039.0 411.3 517.0 127163.7 125036.0 15858.9 19639.0 30.7 28.0 18910.3 17005.0 184175.0 178849.0
2019 5 16 1527.7 1017.0 1359.6 1029.0 10738.7 8076.0 6089.7 5109.0 491.1 284.0 1230.2 1050.0 395.8 522.0 126355.3 124634.0 15039.7 19576.0 29.6 28.0 17682.7 16950.0 180939.9 178275.0
2019 5 17 1359.6 1190.0 1271.4 1349.0 10738.7 10621.0 5763.2 6793.0 517.4 384.0 1162.9 1369.0 379.8 688.0 121642.4 163350.0 14215.1 25657.0 28.1 37.0 18415.3 22216.0 175494.1 233654.0
2019 5 18 1527.7 915.0 1342.9 1034.0 10428.0 8143.0 6020.9 5207.0 447.5 294.0 1214.7 1050.0 410.5 527.0 106663.3 125239.0 15446.8 19671.0 33.6 28.0 23438.3 17033.0 166974.1 179141.0
2019 5 19 1429.6 773.0 1434.5 873.0 10592.1 6883.0 6649.4 4392.0 481.2 248.0 1347.6 885.0 428.6 445.0 124214.9 105764.0 15690.9 16612.0 29.4 24.0 16945.9 14384.0 179244.1 151283.0
2019 5 20 1527.7 941.0 1358.5 1062.0 10465.3 8378.0 6006.7 5345.0 457.0 302.0 1212.4 1078.0 397.6 541.0 121343.5 128724.0 15125.1 20219.0 30.7 29.0 19371.2 17507.0 177295.6 184126.0
2019 5 21 1359.6 890.0 1610.7 1003.0 10661.9 7908.0 7090.8 5043.0 465.2 285.0 1421.9 1016.0 477.8 511.0 123107.5 121487.0 18149.5 19082.0 38.7 27.0 25974.1 16522.0 190357.6 173774.0
2019 5 22 1201.6 850.0 1445.1 958.0 9576.8 7558.0 6507.3 4823.0 520.0 273.0 1313.9 972.0 425.8 488.0 131252.2 116135.0 15836.3 18241.0 31.0 26.0 18453.6 15794.0 186563.7 166118.0
2019 5 23 1201.6 912.0 1396.5 1016.0 9582.2 8016.0 6238.8 5100.0 526.5 288.0 1279.1 1027.0 409.0 516.0 130443.8 123092.0 15118.5 19334.0 29.7 28.0 15829.6 16741.0 182055.2 176070.0
2019 5 24 1359.6 1092.0 1392.9 1212.0 10738.7 9557.0 6283.7 6092.0 517.4 344.0 1280.5 1227.0 424.8 617.0 121642.4 146911.0 15513.3 23075.0 30.9 33.0 20509.8 19980.0 179694.0 210140.0
2019 5 25 1359.6 851.0 1416.9 944.0 10428.0 7436.0 6292.5 4748.0 461.7 268.0 1279.7 956.0 430.3 495.0 106663.3 114498.0 15879.3 17984.0 33.6 26.0 21743.8 15572.0 165988.6 163778.0
2019 5 26 1254.1 684.0 1530.0 759.0 9435.5 5985.0 7008.7 3820.0 481.2 216.0 1429.6 769.0 459.1 399.0 124214.9 92144.0 16566.0 14473.0 31.3 21.0 17420.4 12532.0 179830.7 131802.0
2019 5 27 1201.6 976.0 1438.7 1082.0 9348.7 8533.0 6289.8 5448.0 465.2 308.0 1250.8 1097.0 459.6 568.0 132944.6 131374.0 15935.6 20635.0 32.4 29.0 20088.7 17867.0 189455.7 187917.0
2019 5 28 1201.6 910.0 1679.8 1008.0 9528.3 7931.0 7281.2 5081.0 466.0 287.0 1402.5 1023.0 798.2 530.0 134708.7 122319.0 18868.5 19213.0 38.9 27.0 26228.9 16635.0 202202.6 174964.0
2019 5 29 1201.6 909.0 1386.9 1006.0 9599.8 7919.0 6236.3 5070.0 520.8 287.0 1178.5 1022.0 775.2 529.0 138764.9 122117.0 15364.0 19181.0 28.9 27.0 20233.7 16608.0 195290.6 174675.0
2019 5 30 1201.6 922.0 1397.2 1020.0 9582.2 8021.0 6086.4 5107.0 526.5 290.0 1162.8 969.0 732.1 669.0 130443.8 123911.0 14734.1 19463.0 26.9 18.0 16328.9 16852.0 182222.5 177242.0
2019 5 31 1201.6 1196.0 1361.5 1363.0 9582.2 10376.0 5958.2 6616.0 526.5 331.0 1134.2 1133.0 716.6 1683.0 125731.0 165560.0 14678.4 26003.0 26.9 24.0 19859.9 22515.0 180777.0 236800.0
2019 6 1 799.7 730.0 1446.7 1008.0 7816.3 6160.0 6314.8 4051.0 456.1 202.0 1166.0 710.0 747.1 1241.0 94417.8 122918.0 15539.4 18024.0 30.9 18.0 22056.8 19906.0 150791.6 174968.0
2019 6 2 810.4 617.0 1552.9 852.0 7803.6 5194.0 6812.2 3427.0 456.1 171.0 1263.4 601.0 800.3 1050.0 106905.7 103831.0 16003.0 15225.0 28.0 15.0 17363.1 16815.0 159798.6 147798.0
2019 6 3 998.9 698.0 1459.3 963.0 9744.1 5867.0 6325.1 3873.0 521.3 193.0 1144.0 679.0 790.2 1186.0 105337.5 117321.0 15586.8 17203.0 29.7 17.0 22193.0 18999.0 164129.9 166999.0
2019 6 4 1148.5 676.0 1668.1 943.0 10521.3 5676.0 7150.9 3776.0 521.3 187.0 1260.8 657.0 1113.0 1148.0 110487.3 113870.0 17552.8 16697.0 32.9 17.0 22741.3 18440.0 174198.3 162087.0
2019 6 5 1156.3 692.0 1442.2 955.0 10538.8 5795.0 6398.7 3849.0 521.3 192.0 1091.9 674.0 1121.4 1178.0 110487.3 116241.0 14885.3 17045.0 25.9 17.0 19288.8 18824.0 166958.0 165462.0
2019 6 6 1156.3 839.0 1390.8 1159.0 10353.9 6892.0 6124.1 4661.0 521.3 233.0 1008.0 816.0 1275.5 1426.0 114458.1 139696.0 14496.3 20484.0 23.3 21.0 26615.0 22623.0 177422.6 198850.0
2019 6 7 1114.6 646.0 1433.9 952.0 10034.4 5082.0 6042.2 3484.0 517.4 173.0 1031.7 606.0 1061.2 1059.0 108795.7 104616.0 14266.2 15340.0 23.7 15.0 19671.8 16942.0 163992.8 148915.0
2019 6 8 967.7 608.0 1404.3 989.0 9085.7 4775.0 6046.2 3279.0 456.1 162.0 1033.0 570.0 1032.4 997.0 94417.8 99200.0 14440.3 14546.0 27.7 15.0 22823.6 16065.0 151734.7 141206.0
2019 6 9 834.8 544.0 1436.4 883.0 7627.9 4247.0 5907.4 2936.0 456.1 145.0 1019.3 511.0 1021.1 892.0 106905.7 88546.0 14086.6 12984.0 25.0 13.0 20623.1 14339.0 159943.5 126040.0
2019 6 10 1027.4 749.0 1508.8 1206.0 10584.9 5748.0 6050.6 4039.0 521.3 200.0 1016.9 703.0 1092.6 1228.0 105337.5 120917.0 14921.8 17730.0 631.0 18.0 23300.0 19582.0 165992.8 172120.0
2019 6 11 1041.5 625.0 1747.4 1112.0 10584.9 4718.0 7033.0 3374.0 521.3 167.0 1172.1 586.0 1327.8 1025.0 110364.4 101176.0 16774.4 14836.0 698.9 15.0 21281.2 16385.0 172546.9 144019.0
2019 6 12 1049.3 657.0 1511.2 1204.0 10602.4 5056.0 6369.5 3697.0 521.3 183.0 1052.4 642.0 1283.7 1122.0 110364.4 109488.0 14369.0 16054.0 610.2 16.0 20594.4 17731.0 168327.8 155850.0
2019 6 13 1049.3 726.0 1407.8 1301.0 10638.4 5550.0 5905.7 4249.0 521.3 210.0 975.2 738.0 1178.8 1290.0 114335.2 122596.0 13067.2 17976.0 606.7 18.0 16737.2 19853.0 166422.7 174507.0
2019 6 14 979.1 716.0 1450.1 1297.0 8856.4 5384.0 5918.5 4380.0 517.4 216.0 972.9 761.0 1203.6 1330.0 108672.8 122765.0 13600.6 18001.0 554.0 18.0 21085.4 19881.0 163811.0 174749.0
2019 6 15 799.7 600.0 1420.0 1168.0 7816.3 4811.0 5985.2 4005.0 456.1 195.0 977.4 690.0 1209.4 1206.0 94417.8 110486.0 13613.1 16201.0 718.9 16.0 23126.7 17892.0 150540.6 157270.0
2019 6 16 834.8 470.0 1438.7 1022.0 6996.9 4172.0 5811.4 3515.0 456.1 172.0 951.2 601.0 1170.2 1059.0 106905.7 95971.0 13203.8 14072.0 579.8 14.0 21449.3 15542.0 159798.0 136610.0
2019 6 17 1027.4 586.0 1520.0 1274.0 10584.9 5207.0 6003.6 4383.0 521.3 214.0 981.6 750.0 1218.9 1320.0 105337.5 119714.0 14066.9 17554.0 1199.1 18.0 23541.8 19387.0 166002.8 170407.0
2019 6 18 789.3 539.0 1669.0 1161.0 7394.4 4749.0 6591.7 3974.0 521.3 195.0 1082.0 683.0 1322.4 1205.0 111196.7 109017.0 14950.6 15985.0 1264.7 16.0 21373.9 17654.0 168155.9 155178.0
2019 6 19 949.6 549.0 1570.8 1207.0 10329.4 4927.0 6287.2 4141.0 521.3 209.0 1023.6 715.0 1243.0 1263.0 111196.7 113412.0 14073.1 16630.0 1376.7 17.0 20071.9 18366.0 168643.3 161436.0
2019 6 20 1020.8 544.0 1436.3 1197.0 9576.7 4877.0 5759.2 4114.0 521.3 207.0 938.9 708.0 1134.0 1251.0 114458.1 112429.0 12773.0 16486.0 1286.4 17.0 17043.0 18207.0 165947.7 160037.0
2019 6 21 924.0 666.0 1432.6 1467.0 9302.1 5981.0 5614.8 5049.0 517.4 253.0 903.6 867.0 1132.1 1530.0 109626.4 137836.0 13028.7 20211.0 1078.2 20.0 22791.0 22321.0 166350.9 196201.0
2019 6 22 734.1 516.0 1506.1 1135.0 6666.6 4635.0 6039.9 3902.0 456.1 196.0 972.9 671.0 1194.9 1184.0 94417.8 106685.0 13565.4 15643.0 1322.2 16.0 21375.8 17277.0 148251.8 151860.0
2019 6 23 694.2 461.0 1696.3 1011.0 6321.0 4119.0 6647.5 3486.0 456.1 175.0 1072.8 600.0 1295.5 1058.0 106905.7 95098.0 14552.1 13944.0 1176.7 14.0 19186.8 15400.0 160004.5 135366.0
2019 6 24 918.1 576.0 1575.9 1261.0 9711.6 5141.0 6027.2 4354.0 521.3 219.0 964.7 749.0 1190.8 1322.0 105337.5 118743.0 13861.8 17412.0 1788.9 17.0 22270.0 19229.0 164167.7 169023.0
2019 6 25 932.2 523.0 1753.2 1144.0 9711.6 4667.0 6655.9 3948.0 521.3 198.0 1056.8 679.0 1388.0 1199.0 111196.7 107724.0 15477.4 15796.0 1889.6 16.0 26303.6 17445.0 176886.2 153339.0
2019 6 26 1006.0 583.0 1591.6 1275.0 10444.3 5202.0 6112.1 4406.0 521.3 221.0 959.0 758.0 1304.8 1337.0 111196.7 120134.0 13880.7 17615.0 1950.2 18.0 20868.1 19455.0 169834.8 171004.0
2019 6 27 1049.3 584.0 1511.1 1274.0 10638.4 5168.0 5775.5 4416.0 521.3 222.0 873.1 759.0 1396.6 1340.0 114335.2 119971.0 13014.9 17592.0 1982.4 18.0 17621.9 19428.0 168719.6 170772.0
2019 6 28 964.3 748.0 1485.6 1685.0 9416.9 6619.0 5160.7 5569.0 517.4 284.0 764.3 902.0 1360.6 2248.0 109626.4 157292.0 15064.4 23064.0 3180.8 13.0 22641.3 25472.0 170182.8 223896.0
2019 6 29 716.2 531.0 1498.0 1229.0 6666.6 4737.0 5342.5 3960.0 456.1 202.0 794.7 640.0 1387.0 1595.0 94417.8 112330.0 15090.4 16471.0 3866.2 10.0 21726.4 18191.0 151961.8 159896.0
2019 6 30 834.8 441.0 1664.2 961.0 6996.9 3934.0 5978.8 3267.0 456.1 155.0 883.2 510.0 1528.3 1593.0 106905.7 87039.0 16540.6 12877.0 3321.7 7.0 18479.4 14222.0 163589.8 125006.0
2019 7 1 752.7 495.0 1517.4 1287.0 7900.9 4322.0 5577.5 3614.0 488.8 175.0 817.6 468.0 1429.0 2002.0 104140.6 112133.0 15171.6 22686.0 4231.9 10.0 21462.3 20317.0 163490.4 167509.0
2019 7 2 760.9 447.0 1758.3 1075.0 7900.9 3869.0 6374.2 3261.0 488.8 158.0 926.6 422.0 1723.4 1842.0 110445.3 100443.0 17764.3 20321.0 4168.3 9.0 28146.7 18199.0 180457.7 150046.0
2019 7 3 768.2 440.0 1599.4 1048.0 7900.9 3807.0 5882.9 3240.0 488.8 155.0 838.9 415.0 1635.2 1812.0 111881.9 99019.0 16030.0 20033.0 5314.0 9.0 21152.0 17941.0 173492.1 147919.0
2019 7 4 956.9 454.0 1621.6 1074.0 7900.9 3886.0 5926.1 3334.0 555.7 159.0 809.9 427.0 1816.5 1864.0 116531.6 101585.0 16001.5 20552.0 5301.3 9.0 15551.7 18406.0 172973.8 151750.0
2019 7 5 936.2 645.0 1453.1 1517.0 7900.9 5456.0 4804.9 4728.0 555.7 226.0 641.5 606.0 1633.9 2644.0 111496.4 143539.0 16616.4 29039.0 5592.9 16.0 21983.0 26007.0 173615.0 214423.0
2019 7 6 591.3 447.0 1370.3 1041.0 6862.5 3692.0 4625.3 3278.0 447.7 157.0 617.5 420.0 1570.1 1831.0 91204.7 98579.0 15693.3 19943.0 6328.6 11.0 21487.1 17861.0 150798.2 147260.0
2019 7 7 672.4 368.0 1632.3 839.0 6862.5 2959.0 5529.6 2699.0 447.7 129.0 738.6 346.0 1848.6 1509.0 107567.8 80279.0 18377.3 16241.0 6497.2 9.0 18474.3 14545.0 168648.2 119923.0
2019 7 8 668.0 492.0 1492.8 1118.0 7900.9 3941.0 5047.0 3609.0 488.8 173.0 671.0 462.0 1702.7 2017.0 103776.9 107158.0 16915.5 21679.0 6348.9 12.0 21514.7 19416.0 166527.1 160077.0
2019 7 9 811.6 443.0 1818.8 1015.0 7900.9 3539.0 6087.3 3245.0 555.7 155.0 801.7 416.0 2167.5 1814.0 103247.3 96410.0 20869.9 19505.0 6979.7 11.0 30137.8 17468.0 181378.1 144021.0
2019 7 10 610.3 456.0 1623.3 1057.0 5803.8 3566.0 5469.6 3330.0 454.5 159.0 705.9 426.0 2030.6 1861.0 111145.0 98479.0 18583.3 19923.0 7728.5 11.0 23734.7 17843.0 177889.5 147111.0
2019 7 11 505.1 475.0 1570.8 1106.0 5697.1 3734.0 5406.1 3486.0 407.9 167.0 699.6 446.0 2008.1 1948.0 104076.0 103083.0 17469.3 20855.0 6997.0 11.0 15088.0 18677.0 159925.2 153988.0
2019 7 12 560.5 639.0 1452.9 1592.0 5697.1 5306.0 4703.7 5069.0 407.9 244.0 584.4 653.0 1874.5 2848.0 103627.7 148337.0 17714.1 30010.0 7049.2 16.0 22806.0 26877.0 166478.2 221591.0
2019 7 13 528.5 589.0 1400.6 1452.0 5561.8 4786.0 4644.3 4648.0 407.9 224.0 571.7 600.0 1873.7 2618.0 79880.4 135339.0 17203.8 27380.0 8946.7 15.0 21762.2 24522.0 142781.7 202173.0
2019 7 14 528.2 384.0 1593.0 978.0 5561.8 3225.0 5346.3 3142.0 407.9 151.0 668.6 403.0 2077.6 1760.0 94159.8 91127.0 19065.9 18436.0 8533.4 10.0 17382.0 16511.0 155324.6 136127.0
2019 7 15 652.3 517.0 1550.4 1310.0 5697.1 4339.0 5152.0 4252.0 407.9 204.0 638.2 546.0 2058.1 2382.0 100590.7 122934.0 18851.3 24871.0 8602.6 13.0 22800.1 22274.0 167001.0 183642.0
2019 7 16 602.8 428.0 1722.9 1079.0 5697.1 3432.0 5701.6 3588.0 407.9 171.0 716.1 459.0 2309.0 2004.0 102341.5 101262.0 21025.6 20486.0 9064.5 11.0 26287.9 18347.0 175877.0 151267.0
2019 7 17 698.1 412.0 1694.6 1030.0 6534.0 3211.0 5654.6 3456.0 555.7 165.0 709.2 443.0 2318.8 1932.0 103484.9 96603.0 20750.9 19544.0 10527.8 11.0 26039.6 17503.0 178968.2 144310.0
2019 7 18 694.0 521.0 1504.1 1395.0 6534.0 4306.0 5108.7 4753.0 555.7 225.0 646.2 601.0 2034.9 2629.0 104076.0 130911.0 17950.4 26485.0 9734.5 14.0 15919.9 23719.0 164758.4 195559.0
2019 7 19 655.9 350.0 1439.4 1039.0 5803.8 3217.0 4840.2 3556.0 466.2 156.0 611.9 450.0 1945.0 1976.0 110451.1 97472.0 17511.8 19719.0 6966.2 11.0 20502.7 17661.0 171194.1 145607.0
2019 7 20 598.6 459.0 1428.8 1362.0 5668.5 4219.0 4835.1 4663.0 466.2 204.0 606.8 589.0 1989.0 2590.0 83581.1 127800.0 17435.1 25855.0 9460.3 14.0 21195.1 23156.0 147264.5 190911.0
2019 7 21 628.5 275.0 1682.9 817.0 5668.5 2530.0 5759.0 2797.0 466.2 123.0 731.3 354.0 2281.9 1554.0 98187.0 76654.0 20025.7 15508.0 9582.7 8.0 17682.8 13889.0 162696.5 114509.0
2019 7 22 642.9 327.0 1590.2 970.0 5803.8 3005.0 5355.8 3325.0 461.4 146.0 672.0 420.0 2180.5 1847.0 100190.8 91079.0 19330.5 18426.0 8619.3 10.0 24263.2 16502.0 169110.4 136057.0
2019 7 23 584.6 327.0 1659.3 973.0 5803.8 3029.0 5599.1 3333.0 461.4 146.0 713.7 421.0 2275.0 1847.0 103087.6 91418.0 19961.2 18495.0 9025.8 10.0 21895.1 16564.0 171066.6 136563.0
2019 7 24 550.9 358.0 1781.8 1063.0 5645.7 3291.0 5964.2 3673.0 445.5 158.0 758.9 457.0 2494.2 2006.0 110308.2 99853.0 21718.1 20201.0 10793.1 11.0 27833.6 18092.0 188294.1 149163.0
2019 7 25 628.9 432.0 1429.5 1283.0 5645.7 3973.0 4849.3 4434.0 449.5 191.0 619.5 552.0 1960.7 2422.0 109550.7 120536.0 16921.3 24385.0 8921.8 13.0 14659.3 21839.0 165636.2 180060.0
2019 7 26 656.1 329.0 1481.5 976.0 5645.7 3028.0 4925.2 3380.0 449.5 146.0 616.5 421.0 2097.1 1846.0 105891.7 91861.0 17913.6 18584.0 8123.5 10.0 20811.0 16644.0 168611.3 137225.0
2019 7 27 456.7 443.0 1516.8 1308.0 5510.4 4075.0 5023.2 4555.0 449.5 196.0 619.9 566.0 2184.7 2485.0 83581.1 123644.0 18437.7 25014.0 11476.7 14.0 22793.6 22403.0 152050.2 184703.0
2019 7 28 484.8 243.0 1713.2 707.0 5510.4 2212.0 5696.1 2406.0 449.5 108.0 710.4 280.0 2409.5 1418.0 98187.0 66857.0 20326.1 13526.0 10422.2 4.0 18299.4 12114.0 164208.7 99875.0
2019 7 29 472.1 356.0 1625.2 1039.0 5118.8 3269.0 5293.7 3555.0 418.3 159.0 647.9 380.0 2385.5 2096.0 98080.0 98406.0 19652.2 19909.0 13303.7 6.0 26800.2 17830.0 173797.7 147005.0
2019 7 30 508.2 341.0 1550.4 997.0 5645.7 3132.0 5219.5 3425.0 445.5 152.0 653.9 364.0 2324.1 2007.0 100693.4 94457.0 18672.0 19110.0 13495.8 6.0 18245.2 17115.0 167453.7 141106.0
2019 7 31 628.6 347.0 1714.2 1009.0 5645.7 3183.0 5698.6 3438.0 445.5 155.0 708.7 369.0 2590.3 2040.0 108959.6 95552.0 21070.7 19332.0 15016.7 6.0 27266.9 17313.0 189745.5 142744.0
2019 8 1 545.2 385.0 1481.1 1358.0 5268.0 3470.0 5066.1 3778.0 562.4 193.0 643.7 396.0 2264.8 2469.0 104564.9 121185.0 17581.2 24316.0 13375.1 13056.0 13441.4 22604.0 164794.0 193210.0
2019 8 2 603.1 282.0 1319.5 985.0 5749.4 2537.0 4386.3 2765.0 598.5 141.0 543.9 290.0 2038.1 1808.0 104832.4 88589.0 16022.7 17775.0 10388.6 9544.0 18924.3 16524.0 165406.8 141240.0
2019 8 3 590.8 382.0 1429.6 1337.0 5236.9 3386.0 4680.5 3742.0 610.4 280.0 575.3 392.0 2197.3 2446.0 86758.9 120323.0 17424.1 24143.0 13589.7 12963.0 21665.4 22444.0 154759.0 191838.0
2019 8 4 510.1 240.0 1651.7 838.0 4504.5 2107.0 5470.0 2357.0 562.4 176.0 676.8 247.0 2530.6 1541.0 98689.3 75503.0 19750.6 15150.0 13805.8 8134.0 18610.4 14083.0 166762.1 120376.0
2019 8 5 499.8 282.0 1604.6 978.0 4123.6 2441.0 5141.9 2768.0 498.4 207.0 622.7 290.0 2527.0 1809.0 103904.5 88255.0 19498.4 17708.0 18031.5 9508.0 26868.9 16462.0 183321.3 140708.0
2019 8 6 499.8 297.0 1556.8 1023.0 3874.0 2541.0 5256.6 2910.0 498.4 218.0 645.9 305.0 2548.7 1902.0 104564.8 92484.0 18933.3 18557.0 18217.0 9964.0 18562.1 17251.0 175157.3 147452.0
2019 8 7 545.2 296.0 1584.2 1012.0 5268.0 2495.0 5214.0 2899.0 562.4 217.0 634.6 304.0 2548.7 1895.0 105759.8 91706.0 19474.4 18401.0 17502.0 9880.0 26274.1 17106.0 185367.4 146211.0
2019 8 8 603.1 392.0 1456.9 1327.0 5749.4 3307.0 4997.6 3841.0 598.5 288.0 615.7 402.0 2387.8 2512.0 107630.4 121385.0 17190.7 24356.0 15563.1 13077.0 11614.9 22642.0 168408.0 193529.0
2019 8 9 625.9 292.0 1225.3 953.0 6031.4 2465.0 4129.4 2865.0 610.4 214.0 497.3 300.0 1991.3 1873.0 109674.6 90156.0 14828.1 18090.0 12154.7 9713.0 16603.6 16817.0 168371.7 143738.0
2019 8 10 590.8 371.0 1419.7 1208.0 5236.9 3105.0 4670.1 3637.0 610.4 272.0 558.2 381.0 2272.5 2378.0 86758.9 114194.0 17361.6 22913.0 16052.8 12302.0 22501.2 21300.0 158033.2 182061.0
2019 8 11 590.8 222.0 1461.8 710.0 5409.3 1837.0 4950.1 2138.0 610.4 160.0 599.6 225.0 2384.1 1401.0 98689.3 67326.0 17587.2 13509.0 15171.2 7253.0 17587.7 12558.0 165041.4 107339.0
2019 8 12 625.9 215.0 1519.7 685.0 5920.0 1777.0 4685.3 2058.0 610.4 154.0 554.7 217.0 2364.7 1350.0 102325.7 64927.0 18311.2 13027.0 20835.7 6995.0 25021.2 12111.0 182774.4 103516.0
2019 8 13 625.9 385.0 1571.2 1224.0 5670.3 3174.0 5040.1 3678.0 610.4 276.0 608.4 387.0 2509.5 2411.0 104700.8 116000.0 18780.5 23275.0 21098.5 12497.0 19335.6 21637.0 180551.2 184944.0
2019 8 14 625.9 284.0 1553.2 896.0 6031.4 2283.0 4838.9 2716.0 610.4 204.0 575.5 286.0 2445.8 1780.0 111489.4 84961.0 18665.3 17047.0 19676.7 9153.0 25328.0 15848.0 191840.4 135458.0
2019 8 15 625.9 285.0 1261.9 901.0 6031.4 2287.0 3935.0 2712.0 610.4 204.0 470.5 286.0 1977.4 1783.0 110614.0 85069.0 15099.0 17069.0 16745.6 9165.0 18556.0 15868.0 175927.0 135629.0
2019 8 16 625.9 305.0 1135.3 1004.0 6031.4 2556.0 3705.0 3022.0 610.4 228.0 453.4 319.0 1842.0 1991.0 110614.0 94791.0 13392.4 19020.0 8576.6 10212.0 12337.3 17681.0 159323.7 151129.0
2019 8 17 590.8 404.0 1321.0 1299.0 5025.7 3347.0 4134.5 3852.0 543.9 296.0 494.7 415.0 2096.2 2584.0 86758.9 122662.0 16020.9 24612.0 11419.3 13215.0 21491.7 22880.0 149897.6 195566.0
2019 8 18 590.8 322.0 1405.0 1012.0 5198.1 2629.0 4535.4 2949.0 543.9 232.0 553.7 325.0 2269.6 2025.0 98689.3 95494.0 16703.3 19161.0 11230.1 10288.0 16901.3 17812.0 158620.6 152249.0
2019 8 19 625.9 209.0 1492.4 652.0 5920.0 1702.0 4615.1 1892.0 610.4 150.0 554.7 211.0 2367.8 1310.0 102325.7 61610.0 18218.0 12362.0 13339.3 6637.0 25655.6 11492.0 175724.7 98227.0
2019 8 20 625.9 314.0 1501.9 971.0 5459.2 2545.0 4672.7 2777.0 543.9 231.0 568.2 319.0 2367.8 1958.0 102460.2 91683.0 17889.1 18396.0 13175.7 9877.0 20719.4 17101.0 169984.1 146172.0
2019 8 21 625.9 324.0 1540.9 999.0 5820.2 2621.0 4846.6 2859.0 543.9 238.0 593.3 329.0 2462.5 2016.0 105985.5 94389.0 18223.1 18939.0 11748.7 10169.0 21051.7 17606.0 173442.3 150489.0
2019 8 22 625.9 477.0 1421.6 1471.0 6031.4 3884.0 4463.3 4207.0 610.4 350.0 545.5 484.0 2239.8 2967.0 110614.0 139195.0 16772.2 27929.0 12149.8 14996.0 17126.1 25964.0 172599.8 221924.0
2019 8 23 625.9 363.0 1285.5 1113.0 5944.5 2939.0 4111.9 3183.0 610.4 265.0 512.3 366.0 2088.5 2245.0 106305.0 105340.0 15197.7 21136.0 9656.5 11349.0 14925.1 19649.0 161263.4 167948.0
2019 8 24 590.8 339.0 1371.2 1041.0 5025.7 2739.0 4236.4 3001.0 543.9 247.0 515.7 341.0 2172.4 2092.0 86758.9 98569.0 16547.1 19778.0 11702.7 10619.0 21590.7 18386.0 151055.6 157152.0
2019 8 25 737.4 310.0 1424.0 950.0 7055.2 2501.0 4522.1 2738.0 598.3 225.0 561.1 311.0 2301.3 1909.0 98689.3 89956.0 16913.8 18050.0 11036.6 9691.0 17695.6 16779.0 161534.7 143420.0
2019 8 26 944.6 444.0 1507.2 1360.0 9199.3 3583.0 4674.6 3923.0 684.9 322.0 572.5 446.0 2409.6 2736.0 105341.6 128882.0 18216.2 25860.0 12412.1 13885.0 23836.0 24040.0 179798.6 205481.0
2019 8 27 956.2 338.0 1560.7 1036.0 9701.0 2731.0 4925.2 2989.0 684.9 246.0 612.1 340.0 2369.1 2084.0 110845.6 98196.0 18836.7 19703.0 12840.2 10579.0 24352.9 18316.0 187684.7 156558.0
2019 8 28 830.3 377.0 1631.6 1155.0 8228.5 3041.0 5385.6 3333.0 684.9 273.0 677.0 378.0 2298.3 2320.0 110845.6 109408.0 19481.0 21953.0 12700.7 11787.0 22034.1 20408.0 184797.6 174433.0
2019 8 29 944.6 429.0 1421.6 1314.0 9772.8 3462.0 4820.6 3794.0 684.9 311.0 619.7 430.0 1877.4 2640.0 115307.8 124521.0 15517.5 24985.0 9990.9 13415.0 16197.0 23227.0 177154.8 198528.0
2019 8 30 972.7 571.0 1394.5 1660.0 8607.8 4605.0 4752.3 5165.0 742.7 414.0 619.4 689.0 1829.3 2518.0 108687.3 157380.0 15303.7 31578.0 8225.6 16980.0 18246.3 29356.0 169381.6 250916.0
2019 8 31 755.0 468.0 1339.7 1360.0 7069.7 3769.0 4418.2 4372.0 598.3 388.0 568.4 580.0 1754.1 1871.0 94417.8 129076.0 14806.9 25898.0 9508.0 13926.0 20081.4 24075.0 155317.6 205783.0
2019 9 1 583.2 281.0 1462.8 747.0 4948.0 2285.0 4918.2 2631.0 639.2 233.0 647.7 405.0 1900.6 815.0 106916.7 78884.0 15937.7 12570.0 9496.0 33.0 19593.9 13756.0 167044.0 112640.0
2019 9 2 918.0 441.0 1554.8 1194.0 7474.0 3586.0 5122.3 4118.0 694.2 366.0 667.7 635.0 2039.4 1278.0 114590.3 123874.0 17265.6 19739.0 10714.8 52.0 24989.9 21601.0 186031.0 176884.0
2019 9 3 786.1 370.0 1717.3 1013.0 6929.9 3067.0 5717.3 3464.0 694.2 306.0 758.3 531.0 2065.0 1070.0 116853.2 104729.0 18826.4 16688.0 11301.6 44.0 27047.8 18263.0 192697.1 149545.0
2019 9 4 709.5 387.0 1563.4 1077.0 5931.9 3343.0 5366.1 3620.0 694.2 320.0 712.0 555.0 1699.9 1118.0 117402.3 111122.0 17018.9 17707.0 10741.8 46.0 21747.1 19377.0 183587.0 158672.0
2019 9 5 860.2 378.0 1422.6 1050.0 7184.3 3282.0 5067.3 3513.0 694.2 310.0 691.5 539.0 1416.9 1085.0 117402.3 108298.0 13729.4 17257.0 8064.1 45.0 14800.4 18885.0 171333.3 154642.0
2019 9 6 771.0 502.0 1537.0 1408.0 6498.1 4479.0 5319.6 4662.0 661.2 412.0 726.7 715.0 1518.2 1439.0 116156.6 145182.0 15384.4 23134.0 7298.1 61.0 22934.3 25317.0 178805.3 207311.0
2019 9 7 827.7 356.0 1412.7 1036.0 8350.2 3316.0 4762.2 3299.0 776.0 292.0 647.5 507.0 1366.6 1020.0 94236.3 104760.0 13877.4 16693.0 8486.1 44.0 22246.0 18268.0 156988.7 149591.0
2019 9 8 865.8 285.0 1549.8 840.0 8793.5 2734.0 5282.9 2638.0 776.0 233.0 721.9 405.0 1484.7 815.0 106707.8 84770.0 15014.9 13508.0 7846.3 35.0 20198.0 14782.0 169241.6 121045.0
2019 9 9 918.0 405.0 1499.4 1253.0 7474.0 4085.0 5025.2 3758.0 694.2 332.0 681.8 577.0 1454.0 1161.0 114590.3 123380.0 14753.5 19660.0 8345.8 52.0 22700.3 21515.0 178136.5 176178.0
2019 9 10 918.0 367.0 1705.3 1181.0 7948.4 3607.0 5586.0 3308.0 694.2 292.0 768.6 508.0 1507.7 1022.0 116853.2 109681.0 17077.2 17477.0 8828.0 46.0 30510.7 19126.0 192397.2 156615.0
2019 9 11 970.4 369.0 1482.7 1229.0 9838.7 3737.0 4873.6 3323.0 889.3 294.0 668.7 510.0 1255.7 1027.0 117193.4 111845.0 14766.0 17822.0 9146.5 47.0 24908.9 19503.0 185993.9 159706.0
2019 9 12 750.8 352.0 1313.0 1184.0 7784.1 3692.0 3989.4 3147.0 889.3 278.0 568.0 483.0 953.1 972.0 92726.0 107785.0 11766.3 17175.0 6468.9 45.0 22913.7 18795.0 150122.6 153908.0
2019 9 13 661.7 535.0 1313.0 1597.0 7342.0 5376.0 3989.4 3975.0 889.3 345.0 568.0 601.0 953.1 1208.0 92193.6 145421.0 11766.3 23172.0 6468.9 61.0 22913.7 25358.0 149058.9 207649.0
2019 9 14 589.3 439.0 1313.0 1203.0 5644.9 4007.0 3989.4 2954.0 776.0 256.0 568.0 446.0 953.1 896.0 72835.6 109471.0 11766.3 17434.0 6468.9 46.0 22913.7 19079.0 127818.2 156231.0
2019 9 15 865.8 447.0 1643.9 1026.0 7949.5 3400.0 5420.6 2486.0 776.0 215.0 769.9 375.0 1271.1 751.0 106707.8 93375.0 14496.2 14871.0 6428.7 39.0 19938.2 16274.0 166267.8 133259.0
2019 9 16 1027.1 498.0 1565.2 1136.0 8092.8 3780.0 5100.9 2741.0 643.8 237.0 720.8 414.0 1198.9 829.0 114381.4 103392.0 13878.2 16466.0 6963.1 43.0 21862.1 18020.0 175434.4 147556.0
2019 9 17 1046.9 508.0 1733.7 1156.0 11386.8 3855.0 5452.8 2785.0 889.3 240.0 768.0 419.0 1289.2 840.0 116644.3 105201.0 15819.1 16754.0 6941.6 44.0 30189.8 18335.0 192161.4 150137.0
2019 9 18 970.4 728.0 1459.0 1252.0 9838.7 4148.0 4644.7 2928.0 889.3 254.0 654.5 432.0 1091.0 867.0 117193.4 113849.0 13007.2 18132.0 6714.4 48.0 22121.8 19842.0 178584.4 162480.0
2019 9 19 989.1 732.0 1391.4 1257.0 9874.9 4169.0 4475.6 2942.0 889.3 255.0 630.8 434.0 1047.6 871.0 117193.4 114397.0 12209.9 18219.0 7214.5 48.0 18891.8 19938.0 174808.4 163262.0
2019 9 20 880.2 952.0 1364.1 1633.0 6172.8 5418.0 4248.4 3823.0 643.8 331.0 598.9 564.0 1002.7 1131.0 115947.7 148638.0 12417.4 23672.0 5565.2 62.0 23200.4 25905.0 172041.8 212129.0
2019 9 21 807.8 677.0 1436.3 1160.0 5090.2 3854.0 4553.0 2716.0 643.8 235.0 642.9 400.0 1070.7 804.0 94236.3 105658.0 12614.7 16827.0 7425.6 44.0 20661.9 18415.0 149183.1 150790.0
2019 9 22 865.8 574.0 1653.5 983.0 8793.5 3264.0 5296.8 2298.0 776.0 199.0 746.8 339.0 1223.3 680.0 106707.8 89469.0 14271.6 14249.0 6855.0 37.0 17260.1 15593.0 164450.3 127685.0
2019 9 23 1027.1 716.0 1537.0 1227.0 8092.8 4080.0 4836.3 2869.0 643.8 249.0 678.4 423.0 1121.6 849.0 114381.4 111740.0 13441.9 17796.0 6786.9 47.0 19845.2 19474.0 172392.4 159470.0
2019 9 24 1027.1 459.0 1745.9 787.0 8567.2 2617.0 5346.2 1840.0 643.8 159.0 766.6 271.0 1227.8 544.0 116644.3 71665.0 15561.9 11413.0 6669.4 30.0 26100.6 12490.0 184300.7 102275.0
2019 9 25 970.4 489.0 1608.7 839.0 9838.7 2789.0 4940.7 1961.0 889.3 170.0 740.5 289.0 1102.5 580.0 117193.4 76378.0 14213.3 12164.0 6520.0 32.0 22400.9 13312.0 180418.6 109003.0
2019 9 26 989.1 552.0 1526.8 945.0 9030.9 3143.0 4866.3 2210.0 889.3 192.0 748.3 326.0 1031.7 654.0 117193.4 86072.0 13101.5 13708.0 7365.5 36.0 16763.9 15001.0 173506.9 122839.0
2019 9 27 900.0 711.0 1498.8 1220.0 9432.8 4061.0 4778.8 2850.0 889.3 247.0 758.9 420.0 997.0 843.0 115947.7 111097.0 13167.9 17693.0 5428.0 46.0 19131.0 19362.0 172930.2 158550.0
2019 9 28 807.8 855.0 1336.8 1483.0 5530.6 4938.0 5279.9 3458.0 643.8 296.0 1249.4 756.0 614.1 776.0 94236.3 135052.0 12291.4 21509.0 5176.8 81.0 18547.6 23538.0 145714.4 192742.0
2019 9 29 846.0 616.0 1554.7 902.0 5533.5 3490.0 5987.3 2483.0 643.8 216.0 1371.6 543.0 719.8 450.0 106707.8 81140.0 14009.2 13090.0 5158.1 49.0 17092.6 14325.0 159624.4 117304.0
2019 9 30 2144.9 802.0 1492.7 1175.0 16436.1 4550.0 5698.3 3235.0 841.8 281.0 1344.4 715.0 657.7 586.0 114381.4 105809.0 13795.1 17070.0 5041.1 64.0 21696.6 18681.0 183530.0 152968.0
