year month date insu_house insu_houseCooking insu_houseJHeating insu_houseCHeating insu_salesOne insu_salesTwo insu_bizHeating insu_bizCooling insu_industry insu_heatFacility insu_heatCombined insu_CNG	insu_sum
2017 1 1 4280 932 28743 0 6653 483 6287 0 104654 44546 7 13113	209699
2017 1 2 3321 713 22564 0 5140 373 4857 0 81657 34757 6 10231	163619
2017 1 3 5063 1083 34272 0 7835 567 7379 0 124138 52839 8 15554	248739
2017 1 4 3737 766 25082 0 5734 415 5400 0 90858 38674 6 11384	182056
2017 1 5 5132 1012 34173 0 7818 565 7361 0 123832 52709 8 15516	248126
2017 1 6 4912 959 32776 0 7485 541 7047 0 118661 50508 8 14868	237765
2017 1 7 3499 701 23365 0 5320 385 5009 0 84554 35990 6 10594	169423
2017 1 8 3872 782 26168 0 5887 426 5543 0 94271 40126 6 11812	188894
2017 1 9 3880 780 26062 0 5871 425 5527 0 93977 40001 6 11775	188304
2017 1 10 5239 1057 35392 0 7920 573 7455 0 127308 54188 9 15951	255092
2017 1 11 4904 986 32959 0 7377 532 6931 0 118593 50479 8 14859	237629
2017 1 12 4116 884 29852 0 6515 483 6294 0 106343 45265 7 13325	213084
2017 1 13 4866 1012 34142 0 7347 584 7140 0 121690 51797 8 15248	243835
2017 1 14 3885 809 27306 0 5823 466 5689 0 97140 41347 7 12171	194642
2017 1 15 5242 1096 37054 0 7858 629 7677 0 131551 55994 9 16483	263593
2017 1 16 3723 774 26031 0 5539 441 5389 0 92544 39391 6 11596	185433
2017 1 17 4957 1023 34328 0 7307 583 7125 0 122202 52015 8 15312	244860
2017 1 18 4798 993 33316 0 7089 566 6915 0 118565 50467 8 14856	237573
2017 1 19 5485 1100 36930 0 7627 627 7701 0 131361 55913 9 16459	263212
2017 1 20 5228 1047 35142 0 7256 595 7315 0 124987 53200 9 15661	250440
2017 1 21 4684 938 31457 0 6497 533 6550 0 111898 47629 8 14021	224214
2017 1 22 5496 1099 36874 0 7624 625 7686 0 131215 55851 9 16441	262921
2017 1 23 4652 931 31225 0 6451 529 6503 0 111086 47283 8 13919	222586
2017 1 24 5939 1189 39897 0 8251 676 8306 0 141937 60415 10 17784	284405
2017 1 25 4662 932 31291 0 6470 530 6513 0 111325 47385 8 13949	223065
2017 1 26 4662 935 31288 0 6463 530 6636 0 111603 47504 19 13984	223623
2017 1 27 4906 983 32903 0 6805 558 6986 0 117407 49974 20 14711	235252
2017 1 28 3514 704 23568 0 4874 400 5004 0 84096 35795 14 10537	168507
2017 1 29 4360 872 29188 0 6036 495 6197 0 104168 44339 18 13052	208726
2017 1 30 4263 852 28535 0 5901 484 6058 0 101837 43347 18 12760	204055
2017 1 31 5066 1015 33938 0 7016 575 7198 0 121091 51542 21 15172	242634
2017 2 1 5236 1095 34990 0 7278 557 7226 0 132044 56007 22 16694	261150
2017 2 2 4921 1027 32939 0 6890 525 6812 0 124387 52759 21 15726	246007
2017 2 3 4775 918 31766 0 6651 507 6570 0 119877 50846 20 15156	237086
2017 2 4 4246 886 28348 0 5915 451 5846 0 107008 45387 18 13529	211634
2017 2 5 4177 939 31280 0 5821 444 5751 0 113378 48089 19 14334	224234
2017 2 6 3313 742 24661 0 4599 350 4532 0 89455 37942 15 11310	176920
2017 2 7 4716 1056 35013 0 6578 498 6452 0 127196 53950 22 16081	251561
2017 2 8 4267 998 31407 0 5941 450 5838 0 114523 48575 19 14479	226497
2017 2 9 5084 1295 37301 0 7079 536 6953 0 136413 57859 23 17246	269790
2017 2 10 4808 1223 35133 0 6670 505 6551 0 128549 54524 22 16252	254237
2017 2 11 4128 1054 30316 0 5803 439 5653 0 110989 47076 19 14032	219509
2017 2 12 4248 1084 31145 0 5972 451 5818 0 114093 48393 19 14425	225647
2017 2 13 3617 920 26364 0 5086 384 4946 0 96761 41041 16 12233	191369
2017 2 14 4659 1197 34227 0 6631 498 6422 0 125607 53276 21 15880	248418
2017 2 15 5080 1141 32096 0 6330 467 6015 0 119737 50787 20 15138	236810
2017 2 16 5187 1124 30264 0 6874 472 6411 0 117872 49995 20 14902	233121
2017 2 17 5046 1082 29062 0 6742 455 6153 0 113678 48216 19 14372	224826
2017 2 18 4720 1009 27103 0 6292 424 5743 0 106069 44989 18 13410	209777
2017 2 19 4569 981 26340 0 6115 413 5582 0 103046 43707 18 13028	203798
2017 2 20 3798 814 21791 0 5063 341 4609 0 85282 36173 14 10782	168667
2017 2 21 5752 1230 32882 0 7641 514 6956 0 128746 54608 22 16277	254627
2017 2 22 4690 1003 26808 0 6224 419 5667 0 104946 44513 18 13268	207557
2017 2 23 5283 1132 30269 0 7013 472 6381 0 118382 50212 20 14967	234129
2017 2 24 5343 1147 30686 0 7088 477 6449 0 119885 50849 20 15157	237102
2017 2 25 3757 809 21634 0 4987 335 4537 0 84448 35819 14 10677	167017
2017 2 26 5285 1137 30397 0 7015 472 6382 0 118707 50349 20 15008	234772
2017 2 27 4211 909 24303 0 5593 376 5081 0 94784 40202 16 11983	187458
2017 2 28 5053 1112 29160 0 6842 450 6012 0 116826 49179 20 14659	229312
2017 3 1 5029 1203 28429 0 7257 469 6385 0 136073 45869 21 17300	248035
2017 3 2 4084 1014 22605 0 5886 381 5178 0 109221 36818 17 13886	199088
2017 3 3 4906 1224 27234 0 7100 459 6247 0 131605 44363 20 16731	239890
2017 3 4 3464 819 19150 0 5014 324 4412 0 92580 31208 14 11770	168756
2017 3 5 4241 1000 23310 0 6132 397 5395 0 112925 38066 17 14357	205841
2017 3 6 3797 896 20826 0 5482 354 4817 0 100920 34020 15 12830	183958
2017 3 7 5453 1233 29465 0 7836 506 6879 0 143328 48315 22 18222	261259
2017 3 8 4761 1116 26664 0 6841 442 6006 0 127864 43102 19 16256	233072
2017 3 9 4749 1226 26570 0 6815 440 5986 0 127742 43061 19 16240	232849
2017 3 10 4564 1176 24099 0 6548 423 5755 0 118753 40031 18 15097	216463
2017 3 11 3599 924 18868 0 5157 333 4539 0 93243 31431 14 11854	169963
2017 3 12 3899 995 20236 0 5602 360 4934 0 100514 33883 15 12779	183218
2017 3 13 3811 971 19718 0 5464 352 4812 0 98003 33036 15 12460	178641
2017 3 14 4546 1311 26878 0 7479 488 6670 0 132164 44552 20 16803	240909
2017 3 15 4322 1344 27690 0 7803 481 6915 0 135465 45664 21 17222	246926
2017 3 16 3655 1196 24721 0 7027 430 6186 0 120570 40643 18 15329	219776
2017 3 17 3569 1174 24187 0 6957 422 6063 0 118216 39850 18 15029	215485
2017 3 18 2954 1032 21351 0 6198 374 5332 0 103899 35024 16 13209	189387
2017 3 19 2741 965 19820 0 6007 347 4937 0 97141 32746 15 12350	177069
2017 3 20 2542 914 18766 0 5736 328 4666 0 91939 30992 14 11689	167587
2017 3 21 3579 1285 26376 0 8100 461 6546 0 129309 43589 20 16440	235705
2017 3 22 2554 917 18844 0 5766 329 4674 0 92305 31115 14 11735	168254
2017 3 23 3640 1305 26787 0 8206 467 6640 0 131254 44245 20 16687	239250
2017 3 24 2538 911 18702 0 5733 326 4629 0 91619 30884 14 11648	167003
2017 3 25 3109 1117 22922 0 7022 399 5671 0 112268 37845 17 14273	204643
2017 3 26 2982 1072 21988 0 6736 383 5439 0 107694 36303 16 13692	196305
2017 3 27 2708 975 19985 0 6118 348 4940 0 97854 32986 15 12441	178368
2017 3 28 3457 1244 25515 0 7809 444 6306 0 124918 42109 19 15881	227701
2017 3 29 3153 1135 23301 0 7125 405 5754 0 114037 38441 17 14498	207868
2017 3 30 2379 844 17562 0 5374 305 3911 0 84735 28564 9 10773	154455
2017 3 31 3325 1181 24597 0 7518 427 5471 0 118611 39983 12 15080	216205
2017 4 1 1670 838 12306 0 3959 228 2082 0 97508 21377 9 12870	152846
2017 4 2 1992 1020 13915 0 4715 273 2485 0 112849 24740 10 14895	176894
2017 4 3 1793 908 12315 0 4220 244 2224 0 100378 22006 9 13249	157345
2017 4 4 2339 1190 16141 0 5536 319 2909 0 131505 28830 12 17357	206138
2017 4 5 1724 871 11652 0 4011 235 2141 0 95429 20921 9 12596	149588
2017 4 6 2188 1088 14819 0 5107 298 2721 0 121271 26587 11 16007	190096
2017 4 7 1787 919 12060 0 4173 244 2222 0 98993 21702 9 13066	155174
2017 4 8 2275 1142 14452 0 5307 310 2826 0 121694 26679 11 16062	190759
2017 4 9 1876 925 11556 0 4376 256 2331 0 98604 21617 9 13015	154564
2017 4 10 1948 977 11777 0 4541 265 2419 0 101409 22232 9 13385	158962
2017 4 11 2002 1019 12164 0 4747 277 2526 0 105145 23051 9 13878	164818
2017 4 12 2495 1280 15267 0 5991 349 3182 0 132109 28963 12 17437	207085
2017 4 13 1793 1019 11968 0 5029 288 2640 0 105159 23054 9 13880	164839
2017 4 14 1611 1071 12655 0 5421 297 2805 0 110356 24194 10 14566	172986
2017 4 15 1423 1027 12134 0 5270 290 2715 0 105723 23178 9 13954	165723
2017 4 16 1476 1065 12590 0 5466 301 2814 0 109662 24042 10 14474	171899
2017 4 17 1356 982 11579 0 5092 276 2586 0 101161 22178 9 13352	158572
2017 4 18 1273 988 11652 0 5196 280 2615 0 101767 22311 9 13432	159522
2017 4 19 1491 1225 14483 0 6463 348 3236 0 126017 27627 11 16633	197535
2017 4 20 1304 1069 12639 0 5637 303 2823 0 109964 24108 10 14514	172371
2017 4 21 1269 1040 12296 0 5494 295 2746 0 107023 23463 10 14126	167762
2017 4 22 1115 917 10895 0 4816 259 2407 0 94391 20694 8 12459	147961
2017 4 23 1581 1300 15440 0 6826 367 3412 0 133781 29329 12 17658	209705
2017 4 24 1173 965 11469 0 5062 272 2530 0 99302 21770 9 13107	155658
2017 4 25 1173 961 11377 0 5062 272 2530 0 98863 21674 9 13049	154971
2017 4 26 1176 965 11422 0 5085 273 2541 0 99258 21761 9 13101	155590
2017 4 27 1418 1047 13810 0 6005 330 2702 0 105705 23618 13 14219	168867
2017 4 28 1728 1262 16823 0 7250 401 3014 0 127277 28437 16 17121	203330
2017 4 29 1001 672 9745 0 4168 233 1732 0 66420 15137 9 9113	108229
2017 4 30 1566 1053 15263 0 6527 364 2712 0 104014 23705 13 14271	169489
2017 5 1 618 690 5987 0 2518 133 569 203 80154 10200 9 9930	111010
2017 5 2 730 764 6300 0 2987 157 671 240 88608 11276 10 10977	122719
2017 5 3 951 989 8121 0 3894 205 875 313 114785 14607 13 14220	158973
2017 5 4 792 811 6652 0 3260 171 729 260 94787 12062 10 11743	131277
2017 5 5 727 679 6103 0 2993 157 669 239 86508 11008 9 10717	119810
2017 5 6 664 611 5428 0 2729 143 610 218 77795 9900 8 9638	107744
2017 5 7 1014 923 8139 0 4168 219 932 333 117617 14967 13 14571	162895
2017 5 8 828 726 6204 0 3405 179 761 272 92553 11778 10 11466	128183
2017 5 9 784 711 5727 0 3231 169 722 258 86778 11043 9 10751	120184
2017 5 10 1326 1203 9684 0 5472 287 1222 437 146812 18682 16 18188	203329
2017 5 11 1060 990 7888 0 4590 241 1028 368 120892 15384 13 14977	167431
2017 5 12 795 962 7707 0 4593 238 1052 377 117591 14964 13 14568	162860
2017 5 13 635 751 5891 0 3667 192 845 303 91865 11690 10 11381	127230
2017 5 14 914 1082 8287 0 5397 283 1241 446 131996 16797 14 16353	182810
2017 5 15 771 912 6952 0 4576 238 1046 377 111223 14153 12 13779	154040
2017 5 16 557 947 4933 0 3372 176 772 278 119874 14694 13 14305	159921
2017 5 17 595 1018 5275 0 3615 189 827 298 128838 15788 14 15370	171826
2017 5 18 504 981 5166 0 3447 186 809 294 124156 15214 13 14812	165581
2017 5 19 625 1242 6590 0 4303 238 1031 376 157046 19244 16 18735	209445
2017 5 20 424 843 4470 0 2919 161 699 255 106540 13055 11 12710	142088
2017 5 21 567 1123 5983 0 3910 216 937 341 142598 17474 15 17012	190177
2017 5 22 499 989 5252 0 3468 189 821 299 125575 15388 13 14981	167474
2017 5 23 522 1030 5495 0 3601 198 858 313 131028 16056 14 15631	174747
2017 5 24 595 1181 6303 0 4129 227 983 358 150198 18405 16 17918	200313
2017 5 25 498 985 5300 0 3456 189 820 299 125903 15428 13 15020	167912
2017 5 26 516 1019 5482 0 3572 196 848 309 130200 15955 14 15533	173642
2017 5 27 419 824 4433 0 2887 158 685 250 105280 12901 11 12560	140407
2017 5 28 654 1286 6915 0 4505 247 1070 390 164264 20129 17 19596	219072
2017 5 29 557 1095 5892 0 3837 210 911 332 139933 17147 15 16694	186623
2017 5 30 586 1155 6182 0 4045 221 833 508 147576 18084 21 17606	196816
2017 5 31 675 1329 7108 0 4681 214 958 590 169652 20789 24 20239	226258
2017 6 1 849 1041 8786 0 5951 271 1082 1384 123624 16417 19 17635	177058
2017 6 2 757 948 7510 0 5295 241 964 1234 108204 14370 16 15435	154973
2017 6 3 617 774 6122 0 4317 197 786 1006 88224 11716 13 12585	126357
2017 6 4 911 1139 8980 0 6374 290 1160 1485 129858 17245 20 18524	185986
2017 6 5 671 839 6592 0 4693 214 854 1092 95473 12679 14 13619	136739
2017 6 6 672 839 6577 0 4707 214 856 1096 95526 12686 14 13627	136815
2017 6 7 726 904 7093 0 5070 231 922 1181 102960 13673 16 14687	147463
2017 6 8 866 1082 8513 0 6057 275 1101 1409 123246 16367 19 17581	176517
2017 6 9 691 840 6784 0 4882 220 879 1125 98450 13074 15 14044	141003
2017 6 10 611 741 5976 0 4311 194 776 994 86850 11534 13 12389	124389
2017 6 11 929 1123 9012 0 6560 295 1181 1512 131601 17477 20 18773	188483
2017 6 12 729 1105 7070 0 5135 231 979 1182 104904 13931 16 14964	150247
2017 6 13 609 1120 5864 0 4342 195 825 996 106438 14135 2737 15183	152444
2017 6 14 668 1244 6447 0 4865 217 921 1112 118072 15680 3036 16843	169106
2017 6 15 554 1089 5631 0 4297 191 810 979 103395 13731 2659 14749	148086
2017 6 16 535 1088 5635 0 4301 191 810 979 103302 13719 2657 14736	147952
2017 6 17 467 989 5116 0 3932 174 735 889 93858 12464 2414 13389	134427
2017 6 18 588 1289 6616 0 5179 229 966 1170 122352 16249 3147 17453	175237
2017 6 19 432 1036 5240 0 4302 181 767 929 98327 13058 2529 14026	140827
2017 6 20 443 1061 5365 0 4403 186 785 950 100660 13368 2589 14359	144168
2017 6 21 443 1060 5354 0 4407 185 784 949 100568 13355 2586 14346	144036
2017 6 22 592 1422 7161 0 5947 248 1047 1268 134936 17920 3470 19248	193259
2017 6 23 528 1262 6388 0 5217 221 933 1129 119620 15886 3076 17064	171323
2017 6 24 407 974 4925 0 4024 170 720 871 92241 12250 2372 13158	132111
2017 6 25 470 1123 5686 0 4633 197 831 1006 106406 14131 2736 15179	152398
2017 6 26 464 1108 5610 0 4569 194 819 992 104956 13938 2699 14972	150321
2017 6 27 453 1096 5496 0 4606 190 802 971 103869 13794 2671 14817	148764
2017 6 28 481 1162 5825 0 4877 201 850 1029 110060 14616 2830 15700	157631
2017 6 29 426 1072 5164 0 4314 178 680 1459 101397 13466 2605 14464	145224
2017 6 30 507 1299 6147 0 5068 196 789 2080 122735 16299 3153 17508	175782
2017 7 1 313 969 3726 0 3082 121 410 1568 81581 16533 9485 13373	131161
2017 7 2 385 1165 4405 0 3790 149 504 1930 98703 20003 11476 16179	158689
2017 7 3 324 983 3714 0 3202 125 424 1624 83238 16869 9678 13644	133825
2017 7 4 332 1010 3805 0 3291 129 436 1669 85438 17315 9933 14005	137362
2017 7 5 320 954 3630 0 3187 125 422 1616 82094 16637 9545 13457	131987
2017 7 6 440 1277 4925 0 4378 171 579 2217 111993 22697 13021 18358	180057
2017 7 7 435 1273 4815 0 4325 169 572 2191 110336 22361 12828 18086	177392
2017 7 8 289 813 2940 0 2868 112 380 1454 70905 14370 8244 11623	113997
2017 7 9 303 840 2969 0 3016 118 399 1528 73456 14887 8540 12041	118098
2017 7 10 394 1082 3751 0 3914 153 518 1984 94445 19140 10980 15481	151843
2017 7 11 351 1053 3455 0 3620 144 488 1867 87898 17814 10219 14408	141318
2017 7 12 428 1311 4219 0 4545 182 616 2358 109363 22164 12715 17927	175828
2017 7 13 399 1258 4004 0 4335 177 599 2297 104649 21208 12167 17154	168249
2017 7 14 303 950 2983 0 3299 135 455 1744 79019 16014 9187 12953	127042
2017 7 15 242 789 2478 0 2740 112 378 1450 65558 13286 7622 10746	105401
2017 7 16 374 1259 3960 0 4380 179 604 2317 104670 21213 12169 17158	168283
2017 7 17 303 1039 3274 0 3605 148 500 1917 86351 17500 10039 14155	138830
2017 7 18 309 1117 3513 0 3887 160 538 2069 92823 18812 10792 15216	149236
2017 7 19 257 1069 3478 0 3509 209 534 2051 88934 18024 10340 14578	142983
2017 7 20 313 1312 4368 0 4248 254 647 2483 109079 22106 12682 17880	175371
2017 7 21 320 1346 4481 0 4357 260 663 2547 111891 22676 13009 18341	179892
2017 7 22 226 950 3165 0 3077 184 468 1799 79012 16013 9186 12952	127031
2017 7 23 327 1378 4590 0 4463 266 679 2609 114599 23225 13324 18785	184247
2017 7 24 331 1392 4637 0 4506 269 686 2633 115720 23452 13454 18969	186048
2017 7 25 245 1033 3461 0 3337 199 508 1950 85929 17415 9990 14086	138153
2017 7 26 230 974 3261 0 3142 188 478 1836 80937 16403 9410 13267	130127
2017 7 27 342 1446 4844 0 4663 279 710 2728 120190 24358 13974 19702	193236
2017 7 28 253 1026 3589 0 3283 206 482 1811 85238 17275 9906 13972	137042
2017 7 29 317 1285 4495 0 4112 258 600 2280 106826 21650 12415 17511	171750
2017 7 30 403 1635 5720 0 5235 329 764 2903 135973 27557 15803 22289	218611
2017 7 31 358 1448 5074 0 4638 291 677 2572 120518 24424 14006 19755	193762
2017 8 1 295 1463 4108 0 3696 228 508 2282 124061 22614 17299 19220	195774
2017 8 2 378 1642 5158 0 4720 292 648 2914 155341 28316 21661 24066	245135
2017 8 3 309 1339 4197 0 3852 238 529 2378 126654 23087 17661 19622	199866
2017 8 4 335 1449 4549 0 4170 258 573 2575 137161 25002 19126 21250	216447
2017 8 5 151 656 2063 0 1885 116 259 1164 62070 11314 8655 9616	97950
2017 8 6 215 933 2935 0 2681 166 368 1655 88290 16093 12311 13678	139325
2017 8 7 259 1123 3551 0 3216 199 442 1986 106266 19370 14818 16463	167693
2017 8 8 312 1364 4339 0 3900 241 536 2409 129198 23550 18015 20016	203880
2017 8 9 346 1524 4855 0 4329 267 594 2672 143863 26223 20060 22288	227023
2017 8 10 213 1004 2989 0 2655 164 364 1637 89023 16227 12413 13792	140483
2017 8 11 265 1251 3722 0 3309 203 453 2034 110814 20199 15452 17168	174870
2017 8 12 176 834 2502 0 2196 135 300 1350 73904 13471 10305 11450	116624
2017 8 13 219 1038 3156 0 2711 167 371 1666 91981 16766 12826 14250	145150
2017 8 14 197 932 2842 0 2428 149 332 1492 82564 15050 11513 12791	130290
2017 8 15 226 1071 3288 0 2776 170 379 1703 94817 17283 13221 14690	149625
2017 8 16 207 983 3023 0 2546 156 347 1560 87004 15859 12132 13479	137297
2017 8 17 253 961 2936 0 2511 151 336 1506 85357 15559 11902 13224	134697
2017 8 18 339 1207 3617 0 3246 210 412 1841 107217 19544 14950 16611	169194
2017 8 19 227 806 2416 0 2168 140 275 1230 71607 13053 9985 11094	112999
2017 8 20 279 990 2966 0 2661 172 338 1510 87925 16027 12260 13622	138749
2017 8 21 283 1001 2999 0 2689 174 341 1525 88871 16199 12392 13768	140242
2017 8 22 293 1031 3114 0 2793 181 354 1582 92184 16803 12854 14282	145470
2017 8 23 354 1243 3754 0 3364 217 426 1905 111073 20246 15488 17208	175278
2017 8 24 275 964 2912 0 2607 168 330 1477 86119 15698 12008 13342	135899
2017 8 25 337 1198 3576 0 3200 207 406 1814 105888 19301 14765 16405	167096
2017 8 26 255 909 2706 0 2424 157 307 1375 80221 14623 11186 12428	126593
2017 8 27 306 1074 3238 0 2901 188 368 1645 95860 17473 13367 14851	151272
2017 8 28 283 990 2989 0 2673 173 339 1516 88389 16112 12325 13694	139482
2017 8 29 293 1023 3091 0 2761 179 350 1566 91346 16651 12737 14152	144148
2017 8 30 301 1029 3176 0 2881 184 365 1370 91638 16706 12780 14199	144627
2017 8 31 394 1316 4113 0 3898 248 524 1409 117093 21347 16318 18143	184804
2017 9 1 299 924 3133 0 2998 187 474 852 90079 9048 9191 12570	129757
2017 9 2 254 730 2696 0 2543 159 402 722 76256 7660 7781 10641	109845
2017 9 3 337 968 3574 0 3370 211 533 958 101085 10154 10314 14106	145610
2017 9 4 328 941 3475 0 3275 205 518 930 98239 9868 10024 13708	141511
2017 9 5 356 1022 3779 0 3556 222 563 1010 106733 10721 10891 14894	153746
2017 9 6 373 1073 3970 0 3734 233 589 1058 112036 11254 11432 15634	161385
2017 9 7 366 1036 3901 0 3665 228 577 1036 109784 11027 11202 15319	158141
2017 9 8 395 1102 4324 0 3991 247 625 1122 119908 12044 12235 16732	172724
2017 9 9 315 877 3612 0 3176 196 497 893 97175 9761 9915 13560	139978
2017 9 10 445 1248 5203 0 4483 277 702 1260 138331 13895 14115 19303	199262
2017 9 11 350 979 4086 0 3513 217 551 989 108536 10902 11075 15145	156343
2017 9 12 404 997 4158 0 3562 218 553 991 110543 11104 11279 15425	159234
2017 9 13 410 937 3971 0 3277 202 512 919 103896 10436 10601 14498	149660
2017 9 14 460 1002 4329 0 3417 214 541 971 111057 11155 11332 15497	159975
2017 9 15 545 1162 5066 0 3904 248 628 1129 128812 12939 13144 17975	185551
2017 9 16 429 914 3986 0 3072 195 495 888 101355 10181 10342 14143	145999
2017 9 17 530 1115 4878 0 3728 237 600 1078 123572 12412 12609 17243	178003
2017 9 18 566 1191 5228 0 3974 253 640 1149 132049 13264 13474 18426	190214
2017 9 19 660 1352 5969 0 4457 287 726 1308 149910 15058 15296 20919	215941
2017 9 20 661 1351 5974 0 4439 287 726 1307 149773 15044 15282 20900	215745
2017 9 21 591 1202 5313 0 3950 255 646 1162 133249 13384 13596 18594	191942
2017 9 22 587 1191 5264 0 3911 253 639 1151 131999 13259 13469 18419	190141
2017 9 23 421 855 3778 0 2807 181 459 826 94734 9516 9666 13219	136462
2017 9 24 578 1172 5180 0 3850 249 629 1133 129926 13051 13257 18130	187155
2017 9 25 546 1090 4815 0 3578 231 585 1053 120863 12140 12332 16865	174100
2017 9 26 444 879 3882 0 2885 186 471 849 97472 9791 9946 13601	140405
2017 9 27 437 882 3806 0 2874 218 618 778 97662 9810 9969 13628	140682
2017 9 28 427 896 4040 0 2806 213 612 761 99106 9955 10116 13830	142762
2017 9 29 586 1174 5400 0 3765 285 893 681 127441 12823 13031 17814	183891
2017 9 30 523 835 4747 0 3324 250 806 517 87526 9010 9156 12517	129210
2017 10 1 709 759 6532 0 4584 339 1941 0 75558 9340 1979 13120	114862
2017 10 2 630 919 6808 0 4060 300 1719 0 73381 9071 1922 12742	111552
2017 10 3 601 884 6607 0 3876 286 1641 0 70633 8731 1850 12265	107375
2017 10 4 534 785 5864 0 3440 254 1457 0 62695 7750 1642 10886	95307
2017 10 5 587 870 6557 0 3784 280 1602 0 69540 8596 1822 12075	105714
2017 10 6 633 941 7104 0 4081 302 1728 0 75170 9292 1969 13052	114272
2017 10 7 591 877 6625 0 3801 281 1609 0 70064 8661 1835 12166	106510
2017 10 8 663 1003 7708 0 4269 316 1807 0 80140 9907 2099 13915	121828
2017 10 9 874 1282 10166 0 5230 387 2214 0 102443 12664 2684 17788	155732
2017 10 10 1062 1532 12119 0 6250 460 2636 0 122290 15117 3203 21234	185903
2017 10 11 896 1306 10299 0 5266 388 2220 0 103571 12803 2713 17984	157447
2017 10 12 979 1435 11349 0 5749 424 2438 0 113730 14059 2979 19748	172890
2017 10 13 944 1373 10923 0 5458 402 2315 0 108854 13456 2852 18901	165478
2017 10 14 832 1268 10445 0 4836 354 2037 0 100506 12424 2633 17452	152787
2017 10 15 1166 1669 13764 0 6325 460 2643 0 132297 16354 3466 22972	201115
2017 10 16 1118 1504 12612 0 5508 398 2290 0 119098 14723 3120 20680	181051
2017 10 17 1400 1339 11040 0 4770 338 1972 0 106032 13107 2778 18411	161188
2017 10 18 1613 1471 12232 0 5134 357 2089 0 116381 14387 3049 20208	176920
2017 10 19 1738 1345 10912 0 4789 322 1824 0 106384 13151 2787 18472	161723
2017 10 20 2218 1708 13855 0 6076 408 2313 0 135100 16701 3539 23459	205377
2017 10 21 1435 1107 8979 0 3932 264 1497 0 87501 10817 2292 15194	133017
2017 10 22 2046 1578 12817 0 5607 376 2135 0 124840 15432 3270 21677	189779
2017 10 23 1449 1117 9071 0 3967 266 1510 0 88344 10921 2314 15340	134299
2017 10 24 1205 927 7523 0 3289 221 1252 0 73330 9064 1921 12732	111463
2017 10 25 1531 1172 9498 0 4152 278 1579 0 92625 11449 2426 16082	140793
2017 10 26 1204 925 7474 0 3269 219 1281 0 73098 9035 1915 12691	111111
2017 10 27 1090 836 6745 0 2958 197 1154 0 66021 8161 1729 11463	100354
2017 10 28 743 585 4603 0 2022 134 982 0 46184 5709 1221 8019	70201
2017 10 29 1745 1372 10786 0 4748 315 2305 0 108317 13389 2863 18806	164645
2017 10 30 1173 925 7266 0 3197 212 1566 0 73025 9026 1930 12679	111000
2017 10 31 1220 962 7569 0 3311 220 1623 0 75902 9382 2006 13178	115373
2017 11 1 2235 1391 14426 0 5981 414 3987 0 98188 18741 7562 13733	166658
2017 11 2 1900 829 12563 0 5056 350 3371 0 83113 15863 6401 11625	141072
2017 11 3 1725 757 11432 0 4584 318 3058 0 77079 14646 5909 10732	130241
2017 11 4 1411 619 9507 0 3756 260 2506 0 63635 12091 4879 8860	107524
2017 11 5 1477 649 10007 0 3932 273 2623 0 66811 12694 5122 9303	112890
2017 11 6 1799 792 12224 0 4791 332 3196 0 81520 15489 6250 11351	137744
2017 11 7 1765 764 12151 0 4715 327 3145 0 80577 15310 6177 11219	136151
2017 11 8 2375 1033 16735 0 6314 438 4217 0 109627 20830 8405 15264	185236
2017 11 9 2978 1244 21472 0 7895 548 5277 0 138880 26388 10647 19338	234666
2017 11 10 2335 984 16941 0 6243 430 4142 0 109999 20879 8425 15301	185679
2017 11 11 2253 908 15707 0 5598 394 3800 0 101452 19257 7770 14112	171252
2017 11 12 2953 1188 20660 0 7271 514 4957 0 132896 25226 10178 18486	224331
2017 11 13 3807 1511 26450 0 8964 696 6312 0 168989 32077 12943 23506	285255
2017 11 14 2670 1033 18224 0 5965 472 4283 0 115558 21935 8850 16074	195063
2017 11 15 2888 1065 18738 0 6090 484 4405 0 119182 22623 9128 16578	201181
2017 11 16 3388 1188 20840 0 6695 535 4894 0 132882 25223 10177 18484	224306
2017 11 17 3263 1116 19813 0 5950 508 4647 0 124941 23716 9569 17379	210902
2017 11 18 3371 1093 19570 0 5421 450 4577 0 122057 23168 9348 16978	206034
2017 11 19 4498 1453 26004 0 7202 598 6084 0 162258 30799 12427 22570	273894
2017 11 20 3036 978 17494 0 4853 402 4089 0 109209 20730 8364 15191	184347
2017 11 21 3023 973 17416 0 4833 400 4066 0 108710 20635 8326 15122	183504
2017 11 22 4095 1318 23565 0 6540 541 5509 0 147142 27930 11269 20467	248377
2017 11 23 4707 1517 27158 0 7530 623 6344 0 169478 32170 12980 23574	286081
2017 11 24 4270 1373 24571 0 6823 562 5728 0 153368 29112 11746 21334	258888
2017 11 25 4056 1305 23354 0 6482 534 5442 0 145741 27664 11162 20273	246012
2017 11 26 4797 1543 27604 0 7665 632 6435 0 172298 32705 13196 23967	290841
2017 11 27 3651 1176 21029 0 5837 481 4899 0 131231 24910 10051 18254	221520
2017 11 28 3678 1180 21081 0 5855 482 4914 0 131643 24988 10082 18312	222215
2017 11 29 4379 1405 25016 0 6956 572 6004 0 156791 29761 11971 21810	264665
2017 11 30 4521 1465 26120 0 7097 589 6468 0 163607 31055 12491 22758	276171
2017 12 1 5822 1512 34408 0 8785 607 8849 0 148005 56167 1563 19243	284962
2017 12 2 4721 1051 28575 0 7123 492 7175 0 121241 46011 1281 15763	233432
2017 12 3 5652 1258 34228 0 8528 589 8590 0 145200 55103 1534 18878	279561
2017 12 4 4590 1008 27474 0 6839 472 6888 0 116639 44264 1232 15165	224570
2017 12 5 5494 1149 32901 0 8182 565 8244 0 139494 52937 1473 18136	268575
2017 12 6 4367 898 26421 0 6504 449 6553 0 111507 42316 1178 14498	214690
2017 12 7 4256 875 25745 0 6333 437 6375 0 108619 41220 1147 14122	209129
2017 12 8 5529 1156 34364 0 8234 568 8288 0 143457 54441 1515 18651	276204
2017 12 9 4891 1039 31227 0 7275 502 7323 0 128942 48933 1362 16764	248258
2017 12 10 5926 1251 37586 0 8752 604 8823 0 155308 58939 1640 20192	299022
2017 12 11 4593 952 28654 0 6571 491 6649 0 118216 44862 1249 15370	227607
2017 12 12 6228 1295 39017 0 8908 667 9026 0 160733 60998 1698 20898	309468
2017 12 13 6187 1271 38407 0 8648 648 8783 0 157779 59877 1667 20514	303780
2017 12 14 7007 1417 42895 0 9557 716 9706 0 175922 66762 1858 22872	338711
2017 12 15 5925 1192 36041 0 8051 601 8150 0 147946 56145 1563 19235	284848
2017 12 16 5444 1083 32786 0 7273 547 7419 0 134607 51083 1422 17501	259165
2017 12 17 6208 1235 37375 0 8292 624 8458 0 153456 58236 1621 19952	295457
2017 12 18 5779 1146 34664 0 7690 577 7832 0 142345 54019 1504 18507	274064
2017 12 19 6757 1340 40538 0 8980 656 9175 0 166421 63156 1758 21637	320418
2017 12 20 5474 1077 32540 0 7207 527 7370 0 133722 50747 1412 17386	257461
2017 12 21 6424 1276 38811 0 8462 618 8646 0 158503 60151 1674 20608	305174
2017 12 22 5596 1107 33670 0 7335 536 7496 0 137535 52194 1453 17881	264802
2017 12 23 4768 945 28716 0 6265 457 6398 0 117324 44524 1239 15254	225890
2017 12 24 5405 1070 32554 0 7095 518 7246 0 132969 50461 1405 17288	256011
2017 12 25 4853 960 29189 0 6363 465 6498 0 119245 45253 1260 15504	229588
2017 12 26 4578 893 27112 0 5908 431 6033 0 110924 42095 1172 14422	213568
2017 12 27 5805 1133 34374 0 7490 547 7654 0 140653 53377 1486 18287	270806
2017 12 28 5887 1144 34684 0 7557 552 7716 0 141974 53878 1500 18459	273349
2017 12 29 5774 1113 33750 0 7341 537 7497 0 138209 52450 1460 17969	266100
2017 12 30 5333 1031 31237 0 6780 489 6797 0 128320 48603 1344 16651	246585
2017 12 31 5517 1070 32457 0 7033 507 7050 0 133207 50454 1395 17285	255976
