year month house_pred houseCooking_pred houseJHeating_pred salesOne_pred salesTwo_pred bizHeating_pred bizCooling_pred industry_pred heatFacility_pred heatCombined_pred CNG_pred pred_sum
2020 1 246288.1 57314.9 1163471.0 365632.4 29943.9 293192.1 0.0 4647707.4 1573038.8 537.7 746877.7 9124004.2
2020 2 227994.5 54503.4 1067791.9 322432.9 27078.2 251545.8 0.0 4181126.1 1464498.4 1415.3 701132.0 8299518.6
2020 3 163655.8 58143.1 812287.0 327036.7 19867.0 220426.6 0.0 4256900.0 1213134.5 1355.6 717618.3 7790424.6
2020 4 90533.1 53350.2 520506.4 261275.5 16839.7 115264.7 566.3 3892018.6 789155.9 1613.5 703372.5 6444496.4
2020 5 58603.7 51127.5 374273.3 221430.4 16735.7 50200.6 13544.6 4175999.9 554787.0 1480.3 736273.4 6254456.6
2020 6 28213.1 53520.4 218251.1 208095.9 13624.5 32441.0 38251.7 3521075.9 467943.9 47608.9 711457.6 5340484.1
2020 7 20071.1 57466.5 166308.0 189244.8 13578.9 23048.7 72169.4 3452476.1 592562.9 364667.3 756566.3 5708160.0
2020 8 20882.7 53588.1 175005.7 159249.6 17016.4 17932.9 74255.1 3429281.6 573138.8 678104.4 716879.5 5915334.8
2020 9 29081.8 52263.6 213452.9 164545.4 19612.7 24078.4 41194.1 3603455.0 453482.4 411606.4 748560.3 5761332.9
2020 10 83729.7 56391.4 466086.7 234966.2 20540.3 76685.5 6277.6 3973142.6 498380.0 151026.4 641005.4 6208232.0
2020 11 154156.8 52918.3 728625.1 273831.9 20193.8 154424.6 0.0 4338706.5 857851.2 300927.4 660589.1 7542224.7
2020 12 314793.9 53019.2 1396761.0 353711.6 32789.2 283622.2 0.0 4585681.5 1521262.7 131854.3 691663.5 9365159.2
