year month house_pred houseCooking_pred houseJHeating_pred salesOne_pred salesTwo_pred bizHeating_pred bizCooling_pred industry_pred heatFacility_pred heatCombined_pred CNG_pred pred_sum
2019 12 250996.4 47749.1 1234531.8 314027.8 31339.4 262250.5 0.0 4378255.1 1455381.1 92671.8 668228.3 8735431.1
2020 1 247817.8 57314.9 1172266.3 365632.4 29774.2 293192.1 0.0 4685385.7 1573038.8 537.7 746877.7 9171837.8
2020 2 229652.2 54503.4 1064498.0 322432.9 26996.3 251545.8 0.0 4186552.9 1464498.4 1415.3 701132.0 8303227.3
2020 3 164283.9 58143.1 804819.6 327036.7 18288.9 220426.6 0.0 4289532.7 1213134.5 1355.6 717618.3 7814640.0
2020 4 89326.8 53350.2 516706.6 261275.5 16679.3 115264.7 566.3 3896790.9 789155.9 1613.5 703372.5 6444102.2
2020 5 53560.9 51127.5 357839.8 221430.4 19079.4 50200.6 13544.6 4164012.2 554787.0 1480.3 736273.4 6223336.3
2020 6 28053.4 53520.4 225466.1 208095.9 13857.1 32441.0 38251.7 3515708.5 467943.9 47608.9 711457.6 5342404.5
2020 7 20150.1 57466.5 166073.2 189244.8 13516.3 23048.7 72169.4 3470056.5 592562.9 364667.3 756566.3 5725522.1
2020 8 21019.1 53588.1 174934.0 159249.6 17313.5 17932.9 74255.1 3451362.9 573138.8 678104.4 716879.5 5937778.0
2020 9 30289.2 52263.6 209170.4 164545.4 19710.0 24078.4 41194.1 3601780.1 453482.4 411606.4 748560.3 5756680.3
2020 10 83835.7 56391.4 466060.8 234966.2 20553.2 76685.5 6277.6 3969025.4 498380.0 151026.4 641005.4 6204207.7
2020 11 153285.2 52918.3 718326.6 273831.9 20314.1 154424.6 0.0 4364500.7 857851.2 300927.4 660589.1 7556969.2
