year month date house_pred houseCooking_pred houseJHeating_pred salesOne_pred salesTwo_pred bizHeating_pred bizCooling_pred industry_pred heatFacility_pred heatCombined_pred CNG_pred pred_sum
2019 12 1 7660.2 1565.1 36538.6 9339.4 910.5 6883.2 0.0 136889.8 37147.0 6594.5 19993.0 263521.3
2019 12 2 7666.9 1496.7 36580.3 8909.9 968.0 6615.1 0.0 140448.6 36642.7 6680.8 23472.1 269481.1
2019 12 3 8215.5 1665.0 39505.4 9498.8 1032.4 7051.8 0.0 141444.0 41052.5 8201.1 28858.8 286525.3
2019 12 4 8334.2 1669.9 40818.9 9888.4 991.8 7784.8 0.0 141444.0 39618.4 8937.7 16800.4 276288.4
2019 12 5 8368.5 1724.4 40282.0 11137.0 1041.6 9221.9 0.0 141444.0 47494.9 5013.3 17710.7 283438.4
2019 12 6 7942.0 1469.2 39237.8 9512.2 1042.5 7773.1 0.0 141444.0 42149.7 4675.2 21939.1 277184.8
2019 12 7 8089.7 1539.7 38601.1 10099.1 931.2 8316.5 0.0 139345.9 43658.1 5518.2 17954.8 274054.4
2019 12 8 8546.3 1578.5 43100.3 10197.7 931.2 8332.2 0.0 139345.9 45575.3 4259.3 23247.3 285114.1
2019 12 9 7562.0 1471.2 37667.3 9591.1 999.8 7881.0 0.0 140448.6 43627.3 4498.4 23912.7 277659.4
2019 12 10 8266.7 1614.1 40645.7 10146.1 1041.6 8348.7 0.0 141444.0 48094.7 5028.7 27221.7 291851.8
2019 12 11 8005.8 1648.4 40449.9 10610.4 1051.1 8943.6 0.0 141444.0 48537.1 5262.3 19435.3 285387.9
2019 12 12 8005.8 1708.8 40000.9 11473.7 1051.1 9785.5 0.0 141444.0 52891.3 1648.0 19372.6 287381.6
2019 12 13 8174.8 1473.5 39740.1 10173.4 1042.5 8674.8 0.0 141444.0 47761.1 1453.2 19465.6 279403.1
2019 12 14 7011.0 1445.3 33972.6 9990.2 955.1 8538.9 0.0 136889.8 46823.2 1681.8 17848.9 265156.8
2019 12 15 7745.3 1497.3 37681.5 10233.5 955.1 8724.8 0.0 136889.8 48912.7 1436.8 22095.4 276172.4
2019 12 16 7876.9 1525.8 40187.5 10377.3 1155.1 8859.7 0.0 144735.6 50593.5 1753.7 25640.4 292705.6
2019 12 17 9005.4 1586.1 45418.2 10746.7 1155.1 9189.2 0.0 148126.2 51993.8 1536.0 24244.1 303000.8
2019 12 18 8005.8 1559.9 40449.9 10592.4 1051.1 9085.6 0.0 141444.0 51151.7 1662.7 21420.2 286423.2
2019 12 19 8368.5 1575.8 40282.0 10717.0 1002.2 9185.2 0.0 141444.0 51361.0 1612.1 20287.6 285835.4
2019 12 20 8251.9 1523.2 40369.8 10296.8 983.3 8827.6 0.0 141444.0 49535.6 1443.0 19486.0 282161.2
2019 12 21 7174.1 1360.8 34521.4 9170.3 951.1 7880.2 0.0 136889.8 45069.6 1643.6 20243.8 264904.7
2019 12 22 7660.2 1584.0 36538.6 10569.0 951.1 9069.5 0.0 136889.8 52109.3 1457.7 24220.9 281050.2
2019 12 23 7666.9 1473.6 37475.2 9774.6 951.0 8409.4 0.0 140448.6 48578.9 1645.2 22794.1 279217.5
2019 12 24 8266.7 1630.5 40143.4 10750.8 1051.1 9278.4 0.0 141444.0 53254.9 1636.2 23698.4 291154.4
2019 12 25 7497.0 1467.8 36634.0 10171.1 1006.7 8485.7 0.0 141444.0 45535.7 695.2 20624.8 273562.0
2019 12 26 8005.8 1588.5 39237.8 10507.7 1051.1 9071.8 0.0 141444.0 51822.2 1598.5 21428.6 285755.9
2019 12 27 9415.2 1527.3 44626.9 10048.6 1068.6 8676.4 0.0 148126.2 49444.2 960.8 18891.4 292785.8
2019 12 28 8749.0 1346.6 40798.9 8981.0 1041.6 7782.2 0.0 146325.9 44186.6 1042.4 18568.6 278822.8
2019 12 29 8950.7 1491.2 45069.4 10165.1 1041.6 8539.6 0.0 146325.9 46983.2 1001.8 22054.9 291623.4
2019 12 30 7876.9 1429.1 39434.8 9891.7 954.2 8261.2 0.0 140348.4 44883.2 1046.7 19417.9 273544.0
2019 12 31 9005.4 1511.8 44595.7 10466.5 1005.5 8772.9 0.0 142799.3 48891.8 1046.8 25878.2 293974.1
2020 1 1 7823.9 1675.6 37856.1 11150.9 956.9 8789.9 0.0 153416.4 46899.1 12.2 20376.7 288957.7
2020 1 2 7940.6 1833.6 37336.2 12403.9 956.9 9752.2 0.0 149259.5 51799.7 14.0 20996.3 292292.8
2020 1 3 7132.1 1683.3 34397.5 11514.1 943.1 9030.3 0.0 141965.3 47816.1 15.4 30241.3 284738.6
2020 1 4 6403.8 1670.8 31152.2 11075.0 830.0 8725.0 0.0 127495.2 46669.7 12.5 27604.1 261638.4
2020 1 5 6718.3 1632.1 33371.0 10771.6 837.4 8477.4 0.0 136162.7 44672.2 13.2 24040.8 266696.7
2020 1 6 6740.9 1611.8 31537.9 10691.5 856.0 8415.2 0.0 125317.7 44692.5 13.0 22561.7 252438.3
2020 1 7 7148.0 1913.0 35176.6 12661.1 957.3 9967.6 0.0 147955.3 53100.4 15.0 21904.6 290799.1
2020 1 8 7489.9 1801.4 34829.6 11815.6 956.9 9301.6 0.0 145587.2 49521.4 13.4 18859.8 280177.0
2020 1 9 7823.9 1829.3 38621.3 12052.4 956.9 9533.2 0.0 156412.9 50896.8 13.9 23475.1 301615.8
2020 1 10 8169.2 1756.7 39760.7 11663.9 1052.1 9217.2 0.0 162078.4 49060.1 15.3 29755.4 312528.9
2020 1 11 7509.0 1737.2 36554.2 11258.5 989.4 8925.7 0.0 146620.6 47725.7 13.1 26540.6 287874.1
2020 1 12 7533.9 1760.6 38075.4 11516.8 1018.4 9126.7 0.0 151747.7 48062.2 14.5 24969.2 293825.4
2020 1 13 7507.7 1819.7 36139.7 11613.6 987.3 9235.4 0.0 145115.1 49671.0 13.4 23547.9 285650.8
2020 1 14 8510.5 1909.4 40432.1 12245.3 1011.8 9718.7 0.0 158166.9 51799.2 14.9 20902.1 304711.0
2020 1 15 8169.2 1931.6 39265.1 12350.9 954.5 9797.6 0.0 153135.4 51946.3 14.8 15832.6 293398.2
2020 1 16 7823.9 1894.2 38243.5 11928.4 956.9 9631.1 0.0 155017.4 51772.4 14.7 26967.9 304250.4
2020 1 17 7823.9 1847.1 38243.5 11710.2 943.1 9439.0 0.0 151024.6 50401.5 15.9 27985.3 299434.2
2020 1 18 7509.0 1834.4 35053.3 11494.4 827.6 9262.0 0.0 129177.6 49382.5 14.4 25230.4 269785.7
2020 1 19 8121.1 1874.0 38380.1 11844.2 963.9 9569.2 0.0 152707.7 50417.4 17.1 24364.0 298258.6
2020 1 20 6942.7 1919.8 35132.7 11914.2 987.3 9659.0 0.0 145115.1 52070.6 15.8 23025.8 286783.0
2020 1 21 8510.5 1990.5 39757.7 12424.6 1011.8 10064.5 0.0 158166.9 53767.1 16.5 20204.6 305914.6
2020 1 22 8169.2 1973.4 38750.6 12263.4 1011.4 9931.4 0.0 158166.9 52987.3 16.3 16064.7 299334.7
2020 1 23 7232.0 1976.0 34829.6 12158.3 956.9 9982.6 0.0 146043.3 54062.3 21.9 30014.6 297277.6
2020 1 24 7940.6 1896.1 37336.2 11761.1 889.9 9626.5 0.0 149312.1 51300.5 23.1 26870.7 296956.8
2020 1 25 6503.8 1834.8 30596.4 11266.8 830.0 9200.2 0.0 127463.6 49607.3 19.1 27740.0 265062.0
2020 1 26 7533.9 1841.2 37225.9 11365.7 856.6 9312.6 0.0 139819.5 49484.9 23.5 25874.5 283338.4
2020 1 27 7507.7 1934.7 36139.7 11842.6 987.3 9724.1 0.0 145115.1 52604.5 23.7 23625.5 289504.8
2020 1 28 8169.2 2075.9 39714.5 12732.3 1066.3 10398.8 0.0 163246.9 56114.3 24.8 21299.6 314842.5
2020 1 29 8169.2 1994.9 39714.5 12237.3 967.4 9949.0 0.0 159121.5 55610.0 24.0 17877.2 305665.0
2020 1 30 8531.7 1950.0 40432.1 11956.8 1011.4 9734.8 0.0 161319.5 55175.3 28.5 31489.3 321629.4
2020 1 31 8169.2 1911.8 39138.0 11947.1 997.6 9693.6 0.0 160520.7 53948.2 29.7 26635.3 312991.1
2020 2 1 7746.5 1871.9 37859.8 11388.5 955.6 9298.0 0.0 147727.9 52472.0 31.3 29734.9 299086.4
2020 2 2 7983.2 1798.1 37859.8 10864.0 955.6 8885.1 0.0 147727.9 49651.8 34.7 26671.9 292432.3
2020 2 3 7952.1 1916.8 36716.4 11518.0 944.9 9416.0 0.0 144310.0 53829.9 33.0 27748.0 294385.2
2020 2 4 8422.3 2002.5 40183.5 12184.3 944.9 9924.2 0.0 153497.9 55592.4 30.9 23523.7 306306.6
2020 2 5 8839.2 1946.8 40549.0 11791.9 944.9 9557.9 0.0 152890.6 55637.2 44.2 19180.9 301382.8
2020 2 6 8668.8 1989.4 40183.5 11704.9 1046.3 9468.8 0.0 158691.3 55620.0 45.2 30030.9 317449.0
2020 2 7 8668.8 1969.9 40183.5 11789.0 962.4 9507.0 0.0 157613.4 54967.4 47.1 25529.3 311238.0
2020 2 8 7746.5 1953.9 37859.8 11399.3 1033.6 9146.6 0.0 147727.9 54802.0 59.1 28618.1 300347.0
2020 2 9 7983.2 1815.1 37466.8 10468.0 859.6 8390.3 0.0 137557.4 49939.5 60.6 24450.9 278991.5
2020 2 10 7382.1 1889.7 36015.0 10911.2 1046.3 8718.6 0.0 144549.7 52970.4 54.6 27207.0 290744.7
2020 2 11 8068.4 1970.3 38096.7 11529.3 977.2 9209.6 0.0 150744.6 54500.7 52.7 23552.1 298701.4
2020 2 12 7360.8 1908.1 36388.2 11101.4 945.2 8809.6 0.0 139987.5 52590.7 50.5 18537.4 277679.3
2020 2 13 8447.6 1887.1 36564.1 10855.6 894.7 8591.4 0.0 148363.7 50746.9 49.9 28173.9 294575.1
2020 2 14 7416.2 1921.0 36388.2 11137.9 937.5 8758.8 0.0 140592.0 51327.0 55.3 25604.7 284138.6
2020 2 15 7746.5 1912.0 37466.8 11082.7 834.1 8675.0 0.0 132695.0 51298.9 57.3 26103.7 277871.9
2020 2 16 7503.6 1775.0 33383.7 10322.3 858.1 8034.2 0.0 137701.6 46796.8 59.5 21962.1 268397.0
2020 2 17 6887.1 1845.3 33090.8 10775.1 874.1 8356.6 0.0 133809.7 49452.0 53.0 22813.3 267957.0
2020 2 18 8068.4 2034.1 38096.7 11924.9 969.4 9208.1 0.0 150744.6 53984.6 58.8 21428.8 296518.4
2020 2 19 8014.4 1897.5 36564.1 11175.4 894.7 8547.8 0.0 145006.5 50253.7 56.7 16626.4 279037.3
2020 2 20 7714.2 1775.5 36388.2 10650.9 977.2 8124.1 0.0 146312.2 47431.9 52.8 26120.7 285547.6
2020 2 21 8233.9 1837.3 38096.7 11064.1 953.6 8399.6 0.0 149530.5 48816.9 61.2 25845.0 292838.9
2020 2 22 6892.3 1804.4 33383.7 10845.8 835.7 8205.2 0.0 132380.1 47568.5 52.8 23238.6 265207.1
2020 2 23 7150.2 1739.5 33383.7 10490.2 861.2 7895.7 0.0 137701.6 45077.1 53.8 21419.4 265772.5
2020 2 24 7241.1 1793.2 34703.9 10794.0 882.4 8100.3 0.0 134056.9 46960.0 46.2 20269.7 264847.7
2020 2 25 7735.0 1989.3 36388.2 12093.8 973.7 8987.2 0.0 145523.1 52052.3 52.3 19470.4 285265.3
2020 2 26 7714.2 1914.8 36388.2 11151.9 973.7 8150.7 0.0 147008.6 46911.8 45.7 23990.3 284249.8
2020 2 27 7798.7 1712.7 36564.1 10018.9 909.9 7377.0 0.0 145662.9 42726.6 36.7 24469.1 277276.5
2020 2 28 7992.9 1880.3 36564.1 11014.2 909.9 8081.6 0.0 145662.9 46003.5 42.8 24332.9 282485.2
2020 2 29 7031.7 1751.9 33559.6 10385.4 870.5 7720.7 0.0 132490.3 44515.9 36.4 24477.8 262840.1
