year month house_pred houseCooking_pred houseJHeating_pred salesOne_pred salesTwo_pred bizHeating_pred bizCooling_pred industry_pred heatFacility_pred heatCombined_pred CNG_pred pred_sum
2020 2 228166.7 54503.4 1064068.3 322432.9 26947.9 251545.8 0.0 4200431.3 1464498.4 1415.3 701132.0 8315142.2
2020 3 161531.3 58143.1 804479.2 327036.7 19621.9 220426.6 0.0 4277980.1 1213134.5 1355.6 717618.3 7801327.3
2020 4 90297.1 53350.2 522113.0 261275.5 17053.8 115264.7 566.3 3899132.4 789155.9 1613.5 703372.5 6453195.0
2020 5 57566.6 51127.5 364764.2 221430.4 18200.3 50200.6 13544.6 4157500.5 554787.0 1480.3 736273.4 6226875.6
2020 6 28323.0 53520.4 227969.3 208095.9 14067.2 32441.0 38251.7 3508219.5 467943.9 47608.9 711457.6 5337898.5
2020 7 20032.2 57466.5 169204.8 189244.8 13577.4 23048.7 72169.4 3473629.9 592562.9 364667.3 756566.3 5732170.2
2020 8 21038.5 53588.1 176641.8 159249.6 17063.6 17932.9 74255.1 3423171.2 573138.8 678104.4 716879.5 5911063.5
2020 9 29399.3 52263.6 209570.2 164545.4 19660.8 24078.4 41194.1 3608274.7 453482.4 411606.4 748560.3 5762635.6
2020 10 81235.9 56391.4 467714.9 234966.2 20572.8 76685.5 6277.6 3967574.1 498380.0 151026.4 641005.4 6201830.2
2020 11 153271.2 52918.3 725494.7 273831.9 20274.6 154424.6 0.0 4380652.3 857851.2 300927.4 660589.1 7580235.3
2020 12 317068.9 53019.2 1396750.2 353711.6 32743.3 283622.2 0.0 4545336.9 1521262.7 131854.3 691663.5 9327032.8
2021 1 291129.0 66258.8 1272362.8 414338.8 32936.9 321033.7 0.0 4935311.4 1587844.5 541.3 844753.7 9766510.9
