year month date house_pred houseCooking_pred houseJHeating_pred salesOne_pred salesTwo_pred bizHeating_pred bizCooling_pred industry_pred heatFacility_pred heatCombined_pred CNG_pred pred_sum
2019 11 1 3791.6 1479.3 20803.2 7072.1 653.4 3234.0 0.0 131986.3 20164.4 1893.9 22000.9 213079.3
2019 11 2 3087.7 1611.0 17757.2 7648.7 647.6 3477.4 0.0 109646.2 20374.3 2524.9 17997.6 184772.6
2019 11 3 3329.7 1639.6 18911.1 7818.0 625.7 3523.7 0.0 130650.2 21294.6 2360.5 18471.2 208624.4
2019 11 4 3802.2 1525.2 22805.3 7258.1 653.4 3378.5 0.0 122558.7 20753.3 2269.0 21233.3 206237.1
2019 11 5 3888.7 1770.8 23376.0 8971.1 653.4 4793.8 0.0 127362.4 26674.6 6167.0 24771.4 228429.2
2019 11 6 3879.0 1508.1 22826.0 8573.5 653.4 4639.5 0.0 129059.4 25120.3 6351.2 20389.2 222999.7
2019 11 7 2914.3 1442.5 17884.0 8773.4 637.1 4809.0 0.0 129192.6 24182.1 5376.8 10933.0 206144.7
2019 11 8 3458.5 1486.5 17631.7 8617.7 637.1 4746.0 0.0 127865.9 25921.3 4655.8 19099.8 214120.4
2019 11 9 3087.7 1445.5 17692.9 8046.4 622.5 4392.3 0.0 108493.7 23570.9 6080.8 18498.7 191931.3
2019 11 10 3329.7 1581.8 18911.1 9032.7 625.7 5027.3 0.0 130650.2 26457.6 7070.8 18635.1 221322.0
2019 11 11 3786.7 1475.4 21246.0 8071.4 653.4 4516.3 0.0 122558.7 25641.2 5703.4 23435.6 217088.1
2019 11 12 3806.7 1623.0 22905.5 8997.7 653.4 5190.0 0.0 126757.6 28737.2 8389.5 21047.1 228107.7
2019 11 13 4095.3 1575.5 23784.0 9303.9 653.4 5397.5 0.0 131528.2 29864.1 9099.5 21308.4 236609.9
2019 11 14 4125.5 1442.4 24088.4 8840.8 653.4 5206.5 0.0 136854.4 26959.7 7984.9 11237.3 227393.1
2019 11 15 3780.0 1526.1 21072.8 8830.8 653.4 5245.9 0.0 134490.3 29738.6 7357.8 20499.1 233194.8
2019 11 16 3059.5 1398.7 17697.4 7931.0 647.6 4781.3 0.0 119065.5 26485.0 9263.3 19334.8 209664.0
2019 11 17 3345.2 1537.2 18254.2 8972.7 625.7 5367.7 0.0 130650.2 29077.3 9207.2 17443.7 224481.0
2019 11 18 4227.5 1491.9 20406.5 8240.0 653.4 4921.4 0.0 125911.8 29500.3 7812.8 25650.6 228816.3
2019 11 19 3941.0 1551.9 20449.4 8604.6 653.4 5196.9 0.0 131442.1 29811.4 9626.2 23235.9 234512.9
2019 11 20 4079.8 1689.8 22224.7 9371.0 653.4 5684.8 0.0 138434.3 31978.4 11293.5 23601.9 249011.6
2019 11 21 4480.3 1582.8 23057.1 8993.6 653.4 5529.0 0.0 150921.4 29340.2 9931.8 13542.3 248032.0
2019 11 22 4658.8 1550.7 24248.3 8176.5 653.4 5081.4 0.0 137004.5 29842.4 9452.9 24264.4 244933.3
2019 11 23 5516.5 1629.6 26737.0 8815.8 647.6 5542.7 0.0 136839.5 30189.3 11954.9 19656.2 247529.2
2019 11 24 5780.7 1668.3 27322.9 8995.0 650.8 5590.9 0.0 149773.8 31618.2 10477.4 21828.0 263706.0
2019 11 25 5402.4 1542.0 24856.0 8072.7 653.4 5033.1 0.0 137230.0 29763.8 9112.5 24120.6 245786.5
2019 11 26 5835.1 1696.1 26437.5 8588.0 653.4 5446.7 0.0 147863.0 33453.4 10817.8 26936.4 267727.5
2019 11 27 5860.8 1778.9 28028.0 9241.6 653.4 6258.8 0.0 161232.8 33880.4 11927.4 20827.2 279689.5
2019 11 28 5446.7 1732.9 25815.3 10004.2 653.4 7341.5 0.0 158549.9 38402.0 7669.2 15244.8 270859.8
2019 11 29 5075.6 1520.4 24279.7 8631.8 653.4 6275.5 0.0 140061.6 35320.0 7308.2 22748.7 251874.8
2019 11 30 5510.5 1621.1 26665.3 9438.3 647.6 6942.5 0.0 136839.5 36862.6 9090.3 17864.6 251482.3
2019 12 1 7508.6 1565.1 37208.7 9339.4 912.4 6883.2 0.0 132068.8 37147.0 6594.5 19993.0 259220.6
2019 12 2 7689.8 1496.7 37463.4 8909.9 941.7 6615.1 0.0 125830.3 36642.7 6680.8 23472.1 255742.5
2019 12 3 8181.1 1665.0 39850.9 9498.8 1004.7 7051.8 0.0 162335.6 41052.5 8201.1 28858.8 307700.2
2019 12 4 8181.1 1669.9 40118.9 9888.4 985.2 7784.8 0.0 139169.2 39618.4 8937.7 16800.4 273153.9
2019 12 5 8181.1 1724.4 40113.8 11137.0 1032.3 9221.9 0.0 140661.2 47494.9 5013.3 17710.7 282290.6
2019 12 6 8086.0 1469.2 39242.2 9512.2 1056.9 7773.1 0.0 134850.9 42149.7 4675.2 21939.1 270754.4
2019 12 7 8545.0 1539.7 38771.6 10099.1 912.1 8316.5 0.0 127737.1 43658.1 5518.2 17954.8 263052.1
2019 12 8 8545.0 1578.5 41864.6 10197.7 912.1 8332.2 0.0 137060.6 45575.3 4259.3 23247.3 281572.7
2019 12 9 7844.6 1471.2 37940.9 9591.1 1016.8 7881.0 0.0 131902.9 43627.3 4498.4 23912.7 269686.9
2019 12 10 8181.1 1614.1 39975.2 10146.1 1032.3 8348.7 0.0 138692.0 48094.7 5028.7 27221.7 288334.4
2019 12 11 8181.1 1648.4 40080.6 10610.4 1064.9 8943.6 0.0 140380.7 48537.1 5262.3 19435.3 284144.4
2019 12 12 8181.1 1708.8 40007.3 11473.7 1064.9 9785.5 0.0 140568.0 52891.3 1648.0 19372.6 286701.2
2019 12 13 8086.0 1473.5 39821.1 10173.4 1035.9 8674.8 0.0 139829.7 47761.1 1453.2 19465.6 277774.3
2019 12 14 7508.6 1445.3 35367.4 9990.2 935.7 8538.9 0.0 122660.3 46823.2 1681.8 17848.9 252800.3
2019 12 15 7508.6 1497.3 37646.1 10233.5 935.7 8724.8 0.0 131682.0 48912.7 1436.8 22095.4 270673.0
2019 12 16 8032.8 1525.8 40942.3 10377.3 1166.8 8859.7 0.0 143085.1 50593.5 1753.7 25640.4 291977.4
2019 12 17 8895.0 1586.1 45182.4 10746.7 1166.8 9189.2 0.0 150012.1 51993.8 1536.0 24244.1 304552.2
2019 12 18 8181.1 1559.9 40080.6 10592.4 1064.9 9085.6 0.0 140380.7 51151.7 1662.7 21420.2 285179.6
2019 12 19 8181.1 1575.8 40113.8 10717.0 1019.8 9185.2 0.0 140661.2 51361.0 1612.1 20287.6 284714.5
2019 12 20 8086.0 1523.2 39964.8 10296.8 981.1 8827.6 0.0 138758.0 49535.6 1443.0 19486.0 278902.2
2019 12 21 7508.6 1360.8 35562.4 9170.3 936.5 7880.2 0.0 120382.6 45069.6 1643.6 20243.8 249758.3
2019 12 22 7508.6 1584.0 37208.7 10569.0 936.5 9069.5 0.0 120382.6 52109.3 1457.7 24220.9 265046.7
2019 12 23 7689.8 1473.6 37723.4 9774.6 952.0 8409.4 0.0 125830.3 48578.9 1645.2 22794.1 264871.3
2019 12 24 8181.1 1630.5 39975.2 10750.8 1084.6 9278.4 0.0 133713.2 53254.9 1636.2 23698.4 283203.3
2019 12 25 7996.4 1467.8 37144.3 10171.1 1051.0 8485.7 0.0 131643.0 45535.7 695.2 20624.8 264815.0
2019 12 26 8181.1 1588.5 39323.0 10507.7 1073.4 9071.8 0.0 136300.4 51822.2 1598.5 21428.6 280895.2
2019 12 27 9319.3 1527.3 44756.7 10048.6 1067.9 8676.4 0.0 149079.5 49444.2 960.8 18891.4 293772.3
2019 12 28 8869.1 1346.6 41611.9 8981.0 1034.4 7782.2 0.0 136386.1 44186.6 1042.4 18568.6 269808.9
2019 12 29 8725.6 1491.2 43741.5 10165.1 1040.3 8539.6 0.0 146389.6 46983.2 1001.8 22054.9 290132.8
2019 12 30 8032.8 1429.1 39378.1 9891.7 929.8 8261.2 0.0 131741.0 44883.2 1046.7 19417.9 265011.3
2019 12 31 8895.0 1511.8 44333.8 10466.5 981.3 8772.9 0.0 146816.2 48891.8 1046.8 25878.2 297594.5
