year month house_pred houseCooking_pred houseJHeating_pred salesOne_pred salesTwo_pred bizHeating_pred bizCooling_pred industry_pred heatFacility_pred heatCombined_pred CNG_pred pred_sum
2019 1 199200.4 47902.9 1102382.8 310717.8 27812.7 257919.7 0.0 4416891.1 1451435.4 346.6 639210.6 8453820.1
2019 2 181895.5 44744.5 942452.3 269895.8 24527.4 217935.5 0.0 3825629.9 1308114.2 901.8 575768.4 7391865.2
2019 3 129465.2 49000.5 754738.3 290953.7 20648.0 201703.0 0.0 3982082.6 1097098.7 899.3 630070.3 7156659.7
2019 4 73274.0 45302.1 485428.0 231675.6 16368.0 103168.9 419.1 3739867.1 693637.1 1085.4 618009.1 6008234.4
2019 5 47042.7 43652.1 332947.5 197020.4 15014.4 44619.5 12426.2 3816955.7 505838.7 979.4 627696.6 5644193.1
2019 6 29077.5 45629.4 260604.4 184192.2 15154.5 30407.3 35525.2 3203267.0 436346.9 31330.2 636245.7 4907780.2
2019 7 19833.8 48989.5 190215.2 166100.4 14513.3 21474.5 63229.6 3179742.6 571030.4 263155.0 673978.0 5212262.4
2019 8 20040.6 44851.3 200453.5 145281.3 18512.9 17844.3 69733.8 3188256.1 534547.9 421921.1 615137.1 5276579.9
2019 9 28243.0 45395.4 243897.8 149935.3 23806.2 22587.3 37234.6 3269330.7 427246.9 221929.4 656122.7 5125729.3
2019 10 75074.8 49339.7 479788.5 215686.6 19956.0 71937.5 3596.1 3657394.9 493133.6 78462.9 597878.8 5742249.4
2019 11 126331.8 47125.2 673635.0 257932.9 19573.2 152571.9 0.0 3996551.5 850979.0 228231.6 605857.8 6958789.9
2019 12 250907.8 47749.1 1226986.6 314027.8 31321.0 262250.5 0.0 4379004.8 1455381.1 92671.8 668228.3 8728528.6
2020 1 237266.9 57314.9 1142945.3 365632.4 29177.7 293192.1 0.0 4566336.5 1573038.8 537.7 746877.7 9012320.2
2020 2 227526.7 54503.4 1059199.0 322432.9 27010.0 251545.8 0.0 4215282.6 1464498.4 1415.3 701132.0 8324546.1
2020 3 158912.8 58143.1 810748.0 327036.7 22103.5 220426.6 0.0 4293687.0 1213134.5 1355.6 717618.3 7823166.2
2020 4 89068.2 53350.2 516706.6 261275.5 16605.4 115264.7 566.3 3887920.5 789155.9 1613.5 703372.5 6434899.4
2020 5 54539.9 51127.5 355515.6 221430.4 17330.8 50200.6 13544.6 4149462.6 554787.0 1480.3 736273.4 6205693.0
2020 6 28052.4 53520.4 219406.9 208095.9 14641.0 32441.0 38251.7 3508219.5 467943.9 47608.9 711457.6 5329639.2
2020 7 20174.6 57466.5 174230.6 189244.8 13415.4 23048.7 72169.4 3465730.4 592562.9 364667.3 756566.3 5729276.9
2020 8 21094.3 53588.1 175326.6 159249.6 17011.3 17932.9 74255.1 3420310.4 573138.8 678104.4 716879.5 5906891.1
2020 9 29367.2 52263.6 208588.9 164545.4 19809.5 24078.4 41194.1 3647388.7 453482.4 411606.4 748560.3 5800884.9
2020 10 83585.0 56391.4 466511.7 234966.2 20586.3 76685.5 6277.6 3964154.6 498380.0 151026.4 641005.4 6199570.2
2020 11 152401.2 52918.3 725494.7 273831.9 20534.3 154424.6 0.0 4365951.1 857851.2 300927.4 660589.1 7564923.9
2020 12 316390.4 53019.2 1393647.4 353711.6 32729.7 283622.2 0.0 4539057.8 1521262.7 131854.3 691663.5 9316958.8
