year month date house_pred houseCooking_pred houseJHeating_pred salesOne_pred salesTwo_pred bizHeating_pred bizCooling_pred industry_pred heatFacility_pred heatCombined_pred CNG_pred pred_sum
2020 10 1 2036.7 1695.5 11870.4 6101.9 673.4 1426.5 729.2 128486.3 14279.9 10419.2 21323.6 199042.7
2020 10 2 931.8 1672.1 6189.9 6287.1 481.1 1470.7 689.5 127432.6 13741.1 11161.6 16764.2 186821.6
2020 10 3 880.4 1629.1 6303.2 6172.3 431.0 1479.0 632.6 101713.3 13897.5 8757.7 25053.6 166949.7
2020 10 4 1032.5 1644.5 6926.3 6933.6 514.3 1872.2 513.6 125516.2 14006.0 7715.4 25065.4 191740.2
2020 10 5 1852.6 1749.6 13168.2 7241.1 674.8 2025.9 444.0 122936.3 14657.7 7282.4 23743.0 195775.5
2020 10 6 1970.3 1770.1 12882.7 7512.1 647.8 2191.1 360.7 125678.7 14908.1 6606.3 19094.5 193622.5
2020 10 7 1970.3 1710.1 13103.9 6923.7 685.6 1937.8 441.3 125678.7 14560.6 6380.5 21847.3 195239.7
2020 10 8 2036.7 1731.8 11870.4 7225.4 673.4 2163.4 324.9 128486.3 14783.4 6206.3 19698.1 195200.3
2020 10 9 2205.1 1695.5 11621.4 7244.8 644.5 2154.2 283.7 126669.0 14111.4 7056.0 16051.7 189737.3
2020 10 10 2310.8 1704.5 11843.2 7333.8 554.1 2192.2 265.7 100949.6 14715.0 5730.3 23940.9 171540.1
2020 10 11 2961.3 1773.3 17640.3 8185.4 701.2 2638.2 381.3 138478.1 15268.8 3880.9 22173.1 214082.0
2020 10 12 3724.4 1881.1 16773.2 8356.8 654.0 2722.8 240.3 128687.5 15988.1 3651.8 20771.3 203451.3
2020 10 13 3501.4 1883.6 17142.1 8467.6 668.6 2814.0 78.5 133023.7 16052.7 3454.7 17251.9 204338.8
2020 10 14 2713.8 1891.1 15625.4 8172.3 714.5 2648.0 292.7 127673.7 16459.9 3597.5 21320.0 201108.9
2020 10 15 2738.6 1780.1 14843.3 7892.5 711.2 2613.6 117.7 130756.0 15148.9 3401.9 18629.2 198633.1
2020 10 16 2631.0 1816.7 14660.9 8018.6 644.0 2642.2 114.1 128199.2 15134.7 3595.8 15138.0 192595.0
2020 10 17 2538.0 1818.7 14478.8 7935.1 625.9 2628.0 103.8 105670.6 16041.4 3064.8 23046.3 177951.2
2020 10 18 2961.3 1963.1 16520.0 8396.1 708.8 2779.6 110.5 138478.1 16711.1 3650.1 21863.8 214142.4
2020 10 19 2554.5 1953.3 15385.7 8246.4 682.7 2761.0 0.0 123753.0 16874.8 3182.1 19735.8 195129.1
2020 10 20 2672.2 1860.0 15481.9 7685.6 699.9 2567.7 78.5 127948.4 15901.1 3517.8 13997.9 192411.1
2020 10 21 2672.2 2072.5 15772.1 8445.3 714.5 2818.7 75.1 127948.4 18413.8 3358.6 22513.4 204804.6
2020 10 22 2738.6 1868.1 14892.6 7670.2 783.6 2587.0 0.0 130756.0 16044.5 3177.9 20275.0 200793.6
2020 10 23 2631.0 1843.2 15555.6 7545.7 636.4 2527.4 0.0 128199.2 15430.9 3210.6 16142.6 193722.5
2020 10 24 3437.7 1835.5 18279.2 7350.8 622.7 2517.0 0.0 113779.7 16473.2 2612.6 24132.0 191040.5
2020 10 25 3324.2 2101.4 21237.4 8413.1 735.8 2997.0 0.0 146587.2 18178.1 3835.2 24277.6 231687.0
2020 10 26 3324.1 1901.6 16773.2 7517.0 641.1 2689.7 0.0 127384.8 17139.9 3101.0 19910.3 200382.6
2020 10 27 3501.4 1783.8 17142.1 7036.5 668.6 2592.9 0.0 133023.7 16079.5 2937.7 14777.0 199543.2
2020 10 28 3571.9 2170.1 18134.6 8686.6 692.2 3483.9 0.0 132735.3 22424.4 4618.9 25069.1 221586.9
2020 10 29 3993.8 1753.3 21385.1 7452.2 817.0 2961.0 0.0 140346.1 18236.5 4308.7 21828.3 223081.9
2020 10 30 4629.2 1716.3 23150.2 7307.3 745.1 2859.3 0.0 150139.0 17424.3 4203.9 18783.5 230958.2
2020 10 31 4321.6 1721.5 19739.5 7209.2 663.0 2923.5 0.0 137146.4 19292.8 3348.1 26786.9 223152.5
2020 11 1 4880.2 1882.4 24868.7 8296.3 675.3 3489.1 0.0 145492.2 20669.0 4986.9 28949.6 244189.6
2020 11 2 4185.4 1700.7 22033.7 7721.1 649.9 3323.7 0.0 131144.5 19919.4 4710.7 23554.6 218943.7
2020 11 3 4335.0 1674.2 22078.8 7785.9 649.9 3470.4 0.0 129581.8 20379.1 4460.2 15296.0 209711.3
2020 11 4 4328.8 1944.3 22519.4 9089.7 665.2 4262.4 0.0 132406.1 25144.9 6659.5 24919.5 231939.8
2020 11 5 4100.0 1724.7 21592.7 8667.7 665.2 4096.1 0.0 141689.8 23320.3 7240.8 21271.0 234368.1
2020 11 6 3489.6 1529.3 18977.6 7740.2 646.5 3636.8 0.0 137291.7 20347.1 6424.2 20815.6 220898.7
2020 11 7 3351.4 1587.4 18149.0 7795.1 601.8 3745.8 0.0 120819.0 22691.4 5544.4 27980.7 212266.1
2020 11 8 3931.9 1760.5 20783.3 8778.0 661.7 4378.5 0.0 149587.8 24242.6 7995.8 27538.3 249658.7
2020 11 9 5034.1 1707.6 25327.0 8891.0 658.9 4547.3 0.0 146468.8 24805.8 8943.2 22109.5 248493.2
2020 11 10 4335.0 1688.9 22078.8 8793.4 649.9 4572.0 0.0 129581.8 25554.3 7420.0 13247.2 217921.2
2020 11 11 5572.1 1819.0 27070.8 9479.9 674.2 5122.1 0.0 159203.0 28527.9 9517.7 23444.1 270430.8
2020 11 12 4574.8 1739.0 23184.1 9555.4 665.2 5183.9 0.0 138708.7 28647.0 10735.7 20081.6 243075.3
2020 11 13 4005.4 1522.1 19830.0 8463.8 646.5 4632.8 0.0 131402.2 24498.3 9859.0 19001.1 223861.2
2020 11 14 3398.1 1655.5 17793.9 8737.8 640.1 4853.2 0.0 120314.0 28361.3 8878.8 28888.2 223521.0
2020 11 15 5460.6 1712.5 25767.9 9248.5 675.3 5284.1 0.0 153770.1 28475.9 11816.7 24839.0 267050.6
2020 11 16 5613.6 1700.4 22807.4 9414.2 683.0 5364.6 0.0 138378.1 28909.2 12146.3 23374.0 248390.8
2020 11 17 4592.5 1741.6 23351.2 9508.4 649.9 5431.4 0.0 132490.1 30713.8 10395.6 13649.2 232523.8
2020 11 18 5738.7 1792.5 25459.3 9616.3 698.2 5570.9 0.0 158375.9 31140.4 11736.8 23195.9 273325.0
2020 11 19 5217.6 1889.0 26370.4 10104.1 677.0 5894.5 0.0 157988.6 31989.2 14083.0 18369.9 272583.3
2020 11 20 4580.9 1670.4 22512.3 9030.2 660.1 5327.5 0.0 150654.3 27913.6 12792.1 18447.4 253588.7
2020 11 21 4328.2 1800.4 21688.3 9218.6 653.7 5477.5 0.0 132795.9 31383.1 11755.0 27771.5 246872.2
2020 11 22 7105.0 1870.4 30994.2 9755.7 706.1 5907.3 0.0 156403.1 31521.8 14898.2 22575.0 281736.7
2020 11 23 6578.3 1893.8 27344.8 9893.0 683.0 5976.1 0.0 154965.8 32703.5 14101.5 22867.7 277007.4
2020 11 24 6937.8 1813.7 27946.7 9498.5 683.0 5848.3 0.0 155993.9 32283.4 11890.5 13479.5 266375.3
2020 11 25 6639.7 1949.6 29660.0 9702.6 698.2 6061.7 0.0 158375.9 35734.0 13189.0 24129.9 286140.7
2020 11 26 7162.4 1909.7 31542.2 9653.2 705.6 6224.2 0.0 167311.8 33803.8 15092.3 16937.7 290342.9
2020 11 27 6587.4 1829.5 28738.7 9923.7 688.7 6716.9 0.0 153668.3 35246.4 10710.3 18539.6 272649.5
2020 11 28 5447.7 1772.9 23258.8 9626.9 684.5 6467.0 0.0 147179.2 35970.6 9993.3 27025.6 267426.6
2020 11 29 6283.9 1842.9 27179.3 10082.2 706.1 6886.9 0.0 156403.1 36670.9 12324.0 25649.5 284028.9
2020 11 30 6578.3 1793.4 27344.8 9760.5 683.0 6671.5 0.0 154965.8 36283.0 10626.0 22640.8 277346.9
2020 12 1 11117.9 1783.9 46407.4 10520.5 1001.7 7567.1 0.0 148257.0 39364.5 9288.7 15714.1 291022.7
2020 12 2 10381.5 1897.1 44726.2 10586.1 1041.1 7570.7 0.0 148257.0 42468.9 10465.6 25806.2 303200.4
2020 12 3 9767.6 1748.2 42036.2 9977.1 1041.1 7316.2 0.0 148257.0 37573.3 11879.9 16669.6 286266.2
2020 12 4 10435.6 1830.4 45271.8 11183.0 1041.1 8437.2 0.0 148257.0 43371.6 7616.5 21409.6 298853.7
2020 12 5 8670.3 1679.5 38610.2 10525.3 963.3 7891.3 0.0 140098.0 41975.3 7161.9 26179.6 283754.8
2020 12 6 9006.7 1754.3 40720.4 10948.1 974.5 8271.8 0.0 143860.4 43392.8 8467.6 27994.2 295390.9
2020 12 7 9314.8 1780.4 42802.7 11017.1 963.6 8357.6 0.0 139828.9 44457.0 7656.8 21479.0 287658.0
2020 12 8 11197.1 1807.3 49996.1 11805.5 1193.4 9217.0 0.0 154453.6 47777.9 6121.6 16820.6 310390.0
2020 12 9 10948.0 1816.0 47801.7 11389.3 1065.7 8868.0 0.0 151656.8 49115.5 6460.5 23311.3 312432.9
2020 12 10 9666.6 1732.9 44327.9 11000.2 1103.8 8746.5 0.0 148257.0 46295.8 7091.0 16568.6 294790.3
2020 12 11 11247.9 1795.1 49311.0 11985.1 1070.8 9675.0 0.0 151656.8 50926.1 3285.7 22428.3 313382.0
2020 12 12 9968.5 1593.9 44838.5 11103.2 963.3 8972.4 0.0 140098.0 48027.6 3207.8 27249.2 296022.3
2020 12 13 9769.5 1661.7 42933.0 11494.5 974.5 9323.0 0.0 143860.4 49529.9 3682.5 27619.4 300848.2
2020 12 14 9327.9 1681.5 44189.6 11579.0 1193.4 9443.6 0.0 148042.5 50469.8 3627.2 21262.3 300816.7
2020 12 15 11203.2 1824.9 49996.1 12837.3 1193.4 10569.2 0.0 154453.6 56026.8 2784.6 18689.3 319578.3
2020 12 16 11160.0 1698.8 49500.0 11932.5 1167.1 9804.5 0.0 154453.6 53101.7 2487.0 22477.3 317782.5
2020 12 17 11280.6 1665.7 49729.7 11667.9 1065.7 9625.8 0.0 151656.8 51857.9 2788.1 18312.6 309650.7
2020 12 18 9524.7 1680.0 43499.6 11729.7 1074.6 9658.9 0.0 148257.0 52304.9 2492.8 24664.0 304886.2
2020 12 19 9585.0 1590.3 41117.8 11022.4 956.9 9082.8 0.0 140098.0 49871.2 2452.6 27294.6 293071.7
2020 12 20 9678.4 1647.9 42556.9 11400.0 1000.8 9440.4 0.0 143860.4 51211.6 2675.9 25967.4 299439.7
2020 12 21 8409.6 1706.0 37210.7 11727.8 937.7 9681.8 0.0 139828.9 53280.8 2424.6 23586.5 288794.4
2020 12 22 10389.7 1721.2 44726.2 11880.4 1001.7 9890.4 0.0 148257.0 53847.5 2182.2 20668.7 304564.9
2020 12 23 11132.0 1732.1 46407.4 11880.5 1051.2 9902.4 0.0 148257.0 54680.8 2025.8 20123.1 307192.3
2020 12 24 9526.9 1733.8 43499.6 11866.8 1103.8 9913.0 0.0 148257.0 54899.9 2237.6 18161.6 301200.0
2020 12 25 9664.4 1686.5 43909.2 11527.5 1074.6 9593.1 0.0 148257.0 53060.0 1998.1 24566.4 305336.9
2020 12 26 8132.1 1576.7 38210.0 10769.1 963.3 8944.8 0.0 140098.0 49672.1 1934.4 25218.7 285519.1
2020 12 27 11091.7 1588.3 47860.6 10899.4 1113.5 9084.0 0.0 150271.3 49718.3 2010.3 25797.4 309434.8
2020 12 28 9881.5 1633.9 44697.6 11680.2 1099.8 9517.5 0.0 148042.5 49692.7 1241.8 22964.2 300451.8
2020 12 29 11691.2 1578.1 50086.8 11383.2 1084.3 9316.5 0.0 154453.6 48599.1 1408.2 21603.8 311204.8
2020 12 30 11166.1 1740.5 49996.1 12567.5 1193.4 10255.0 0.0 154453.6 53677.0 1288.4 21314.3 317651.7
2020 12 31 11284.6 1652.3 50219.4 11825.3 1092.6 9684.6 0.0 154453.6 51014.4 1408.5 19741.6 312376.9
