year month date house_pred houseCooking_pred houseJHeating_pred salesOne_pred salesTwo_pred bizHeating_pred bizCooling_pred industry_pred heatFacility_pred heatCombined_pred CNG_pred pred_sum
2019 11 1 3942.2 1479.3 21287.5 7072.1 637.4 3234.0 0.0 134504.1 20164.4 1893.9 22000.9 216215.9
2019 11 2 3223.5 1611.0 19128.8 7648.7 581.2 3477.4 0.0 112348.7 20374.3 2524.9 17997.6 188916.1
2019 11 3 3454.2 1639.6 19704.7 7818.0 559.9 3523.7 0.0 127371.4 21294.6 2360.5 18471.2 206197.9
2019 11 4 3835.1 1525.2 21623.9 7258.1 710.4 3378.5 0.0 122685.9 20753.3 2269.0 21233.3 205272.8
2019 11 5 3937.6 1770.8 21684.9 8971.1 772.7 4793.8 0.0 127614.1 26674.6 6167.0 24771.4 227157.9
2019 11 6 3788.2 1508.1 21692.2 8573.5 712.7 4639.5 0.0 130488.0 25120.3 6351.2 20389.2 223262.9
2019 11 7 2897.7 1442.5 18366.9 8773.4 649.8 4809.0 0.0 127951.6 24182.1 5376.8 10933.0 205382.7
2019 11 8 3456.9 1486.5 17906.2 8617.7 589.3 4746.0 0.0 128733.5 25921.3 4655.8 19099.8 215213.0
2019 11 9 3206.2 1445.5 19128.8 8046.4 524.2 4392.3 0.0 111718.7 23570.9 6080.8 18498.7 196612.5
2019 11 10 3454.2 1581.8 19704.7 9032.7 559.9 5027.3 0.0 127371.4 26457.6 7070.8 18635.1 218895.5
2019 11 11 3753.6 1475.4 21623.9 8071.4 621.8 4516.3 0.0 120643.4 25641.2 5703.4 23435.6 215485.9
2019 11 12 3908.4 1623.0 21684.9 8997.7 734.6 5190.0 0.0 127614.1 28737.2 8389.5 21047.1 227926.5
2019 11 13 3943.4 1575.5 21998.8 9303.9 734.6 5397.5 0.0 131574.6 29864.1 9099.5 21308.4 234800.3
2019 11 14 3951.6 1442.4 21998.8 8840.8 758.7 5206.5 0.0 131574.6 26959.7 7984.9 11237.3 219955.1
2019 11 15 3739.2 1526.1 21295.5 8830.8 620.1 5245.9 0.0 130284.3 29738.6 7357.8 20499.1 229137.4
2019 11 16 3314.7 1398.7 19128.8 7931.0 559.4 4781.3 0.0 116157.3 26485.0 9263.3 19334.8 208354.3
2019 11 17 3535.7 1537.2 19704.7 8972.7 633.5 5367.7 0.0 127371.4 29077.3 9207.2 17443.7 222851.0
2019 11 18 4100.8 1491.9 21615.9 8240.0 600.0 4921.4 0.0 129047.7 29500.3 7812.8 25650.6 232981.5
2019 11 19 3730.2 1551.9 21676.9 8604.6 616.3 5196.9 0.0 134605.8 29811.4 9626.2 23235.9 238656.2
2019 11 20 3879.1 1689.8 21998.8 9371.0 661.1 5684.8 0.0 133082.6 31978.4 11293.5 23601.9 243241.0
2019 11 21 4253.9 1582.8 21990.8 8993.6 625.2 5529.0 0.0 141424.5 29340.2 9931.8 13542.3 237214.2
2019 11 22 4786.5 1550.7 24602.8 8176.5 637.4 5081.4 0.0 142072.9 29842.4 9452.9 24264.4 250467.9
2019 11 23 5536.3 1629.6 26051.8 8815.8 712.3 5542.7 0.0 138304.6 30189.3 11954.9 19656.2 248393.6
2019 11 24 5664.1 1668.3 26622.5 8995.0 739.6 5590.9 0.0 153957.3 31618.2 10477.4 21828.0 267161.3
2019 11 25 5702.8 1542.0 27971.4 8072.7 652.5 5033.1 0.0 143722.8 29763.8 9112.5 24120.6 255694.1
2019 11 26 6006.5 1696.1 28214.5 8588.0 681.7 5446.7 0.0 151901.4 33453.4 10817.8 26936.4 273742.6
2019 11 27 5842.1 1778.9 28382.2 9241.6 753.0 6258.8 0.0 160440.7 33880.4 11927.4 20827.2 279332.4
2019 11 28 5837.5 1732.9 25306.1 10004.2 677.7 7341.5 0.0 150675.9 38402.0 7669.2 15244.8 262891.8
2019 11 29 5328.2 1520.4 24602.8 8631.8 689.9 6275.5 0.0 143755.5 35320.0 7308.2 22748.7 256181.0
2019 11 30 5416.1 1621.1 26046.6 9438.3 712.3 6942.5 0.0 138304.6 36862.6 9090.3 17864.6 252299.0
