year month date house_pred houseCooking_pred houseJHeating_pred salesOne_pred salesTwo_pred bizHeating_pred bizCooling_pred industry_pred heatFacility_pred heatCombined_pred CNG_pred pred_sum
2019 1 1 6416.0 1278.2 34887.9 8522.4 954.3 6972.0 0.0 144759.7 38745.7 9.0 19221.0 261766.1
2019 1 2 6046.6 1401.0 32775.3 9779.5 895.5 7949.0 0.0 138229.4 43626.3 10.0 17549.3 258262.0
2019 1 3 6229.1 1342.4 34504.8 9122.5 895.5 7455.6 0.0 138229.4 41741.3 8.0 19894.0 259422.6
2019 1 4 6012.0 1400.0 32098.3 9367.8 895.5 7632.8 0.0 138229.4 41796.3 8.5 16343.8 253784.5
2019 1 5 5419.0 1347.9 27176.4 9058.9 824.9 7393.9 0.0 133778.7 41091.0 8.0 18769.0 244867.7
2019 1 6 5768.3 1454.3 31081.8 9882.2 824.9 8082.3 0.0 133778.7 46308.3 10.8 26529.5 263721.1
2019 1 7 5799.8 1590.5 31845.9 10607.2 846.0 8649.4 0.0 137256.6 48301.2 9.0 21715.8 266621.4
2019 1 8 6046.6 1672.9 32961.1 11243.5 895.5 9197.7 0.0 138229.4 50968.7 9.8 22102.2 273327.3
2019 1 9 6654.0 1454.3 35272.2 9799.1 887.9 8020.0 0.0 138229.4 44656.0 10.0 19214.0 264196.9
2019 1 10 6759.3 1478.5 38299.2 9689.8 954.3 7973.1 0.0 144759.7 44558.3 8.5 19083.2 273563.8
2019 1 11 7146.8 1499.0 38050.5 9875.0 903.5 8097.0 0.0 144759.7 44383.3 9.3 15702.7 270427.0
2019 1 12 6639.9 1383.1 34032.3 9096.7 878.0 7493.3 0.0 143000.3 42371.6 8.2 21334.2 266237.7
2019 1 13 6699.4 1446.3 35661.3 9645.1 878.0 7945.6 0.0 143000.3 45610.1 10.6 25462.1 276358.8
2019 1 14 5958.9 1634.0 34096.1 10690.1 954.3 8792.3 0.0 141446.2 49133.8 9.3 20898.1 273613.2
2019 1 15 6759.3 1667.4 37388.2 10932.9 871.6 9079.8 0.0 139553.9 50723.3 10.2 22535.8 279522.4
2019 1 16 6229.1 1562.2 34504.8 10190.3 895.5 8474.7 0.0 138229.4 46971.8 10.3 18028.1 265096.1
2019 1 17 6654.0 1476.4 35272.2 9505.4 887.9 7924.5 0.0 138229.4 44418.2 9.0 19012.0 263389.0
2019 1 18 6724.7 1659.0 36359.7 10660.4 871.6 8872.2 0.0 139553.9 48390.8 10.0 13834.0 266936.2
2019 1 19 6513.8 1454.0 35175.6 9237.0 954.3 7745.1 0.0 143000.3 44666.8 9.1 24596.9 273352.8
2019 1 20 6699.4 1582.0 35661.3 10129.3 878.0 8483.0 0.0 143000.3 48428.1 11.2 24022.1 278894.6
2019 1 21 5958.9 1734.9 34096.1 11029.0 954.3 9174.3 0.0 141446.2 51619.2 10.2 21849.8 277872.9
2019 1 22 6759.3 1696.3 38278.1 10674.5 954.3 9012.2 0.0 144759.7 51029.9 14.1 23636.4 286814.8
2019 1 23 7389.1 1605.0 39231.1 10110.8 905.5 8538.5 0.0 144759.7 47820.0 14.3 19198.9 279572.9
2019 1 24 7709.4 1583.8 40973.9 9872.2 876.7 8328.4 0.0 144759.7 46696.4 11.7 18688.6 279500.7
2019 1 25 7159.4 1619.2 38050.5 10168.3 905.5 8588.6 0.0 144759.7 47373.0 14.0 15107.6 273745.9
2019 1 26 6582.8 1486.9 33576.1 9349.8 878.0 7907.3 0.0 143000.3 45748.0 13.3 25609.2 274151.7
2019 1 27 6778.8 1696.6 36869.2 10762.2 878.0 9035.1 0.0 143000.3 51176.1 15.4 23394.7 283606.4
2019 1 28 6109.5 1669.5 35225.9 10460.3 954.3 8762.7 0.0 141446.2 51119.9 14.2 23467.4 279229.9
2019 1 29 6759.3 1781.3 38278.1 11068.2 954.3 9330.3 0.0 144759.7 53869.6 17.9 22862.1 289680.7
2019 1 30 6899.5 1595.4 37321.1 10014.8 903.5 8462.9 0.0 144759.7 48740.0 17.7 19703.3 278418.0
2019 1 31 7181.5 1650.6 38985.4 10172.7 903.5 8546.0 0.0 144759.7 49352.3 14.7 19844.8 281411.0
2019 2 1 7227.1 1554.0 37299.6 9542.2 905.0 8096.8 0.0 141578.7 45741.3 16.7 16673.2 268634.6
2019 2 2 6844.2 1524.6 33143.2 9408.1 901.8 7946.4 0.0 134387.9 46895.0 15.4 26042.8 267109.2
2019 2 3 6834.6 1804.2 36245.5 11240.2 901.8 9423.8 0.0 135965.8 53785.3 19.4 22597.2 278817.8
2019 2 4 6475.1 1630.8 29390.8 9551.5 872.6 7888.0 0.0 134445.7 49407.2 43.0 23130.0 262834.6
2019 2 5 7052.2 1630.8 33814.9 9551.5 873.3 7888.0 0.0 142876.1 49407.2 43.0 23130.0 276267.0
2019 2 6 7162.8 1630.8 34013.0 9551.5 873.3 7888.0 0.0 144191.1 49407.2 43.0 23130.0 277890.6
2019 2 7 7357.5 1706.9 40298.9 10219.4 905.0 8512.5 0.0 149837.1 50223.2 17.7 21359.8 290438.0
2019 2 8 7058.3 1496.1 36843.9 8947.5 905.0 7461.1 0.0 141578.7 43984.9 19.3 17338.6 265633.3
2019 2 9 6751.7 1474.0 38001.6 8894.2 976.5 7395.5 0.0 134387.9 45398.0 17.2 25789.0 269085.7
2019 2 10 6643.9 1678.6 35913.8 10254.7 813.0 8460.1 0.0 128379.3 50257.2 22.2 22472.8 264895.7
2019 2 11 5883.8 1644.7 31616.6 9907.4 880.3 8145.8 0.0 130481.6 50121.9 40.7 23431.7 262154.3
2019 2 12 6222.8 1661.8 33796.8 9932.0 881.0 8140.5 0.0 138912.0 48948.7 42.7 20154.4 268692.7
2019 2 13 6485.8 1627.4 33874.4 9830.8 881.0 8011.3 0.0 140227.0 47988.1 40.7 18962.7 267929.1
2019 2 14 6222.8 1633.4 33436.2 9779.3 881.0 7943.2 0.0 140227.0 48137.1 36.7 20944.8 269241.4
2019 2 15 6222.8 1529.6 32826.4 9205.0 881.0 7383.8 0.0 131968.6 44104.2 37.3 15777.0 249935.8
2019 2 16 5988.4 1432.7 30000.5 8595.0 829.0 6924.0 0.0 123833.5 43883.2 30.0 24585.4 246101.8
2019 2 17 5894.1 1582.6 31017.1 9564.7 829.0 7700.4 0.0 125411.4 47856.1 43.3 23303.3 253202.1
2019 2 18 5960.2 1698.6 32760.7 10260.9 880.3 8165.1 0.0 130481.6 49599.7 38.0 20842.3 260687.3
2019 2 19 6469.2 1584.6 34959.8 9472.3 842.7 7558.2 0.0 138912.0 45740.9 42.0 19545.2 265127.0
2019 2 20 6485.8 1634.1 33874.4 9786.1 881.0 7769.6 0.0 140227.0 46351.0 40.7 17483.2 264532.8
2019 2 21 6222.8 1585.2 32440.9 9538.5 881.0 7509.4 0.0 140227.0 45035.7 34.0 18166.6 261641.0
2019 2 22 6485.8 1538.0 33161.6 9347.3 881.0 7306.9 0.0 131968.6 43032.2 38.0 14534.6 248294.0
2019 2 23 5624.8 1376.0 27109.2 8347.1 829.0 6549.2 0.0 123833.5 40933.1 30.7 22146.4 236779.0
2019 2 24 6090.1 1576.7 33678.8 9640.8 829.0 7506.9 0.0 125411.4 46294.3 42.0 22836.2 253906.3
2019 2 25 6146.7 1770.9 30416.7 10842.0 880.3 8371.5 0.0 119710.8 49676.2 38.7 18248.6 246102.3
2019 2 26 6485.8 1566.9 34132.0 9477.4 881.0 7298.6 0.0 138912.0 42601.9 25.4 20071.4 261452.6
2019 2 27 6469.2 1608.0 34702.1 9745.5 842.7 7473.8 0.0 140227.0 41956.9 22.4 15621.9 258669.6
2019 2 28 6465.8 1562.6 33682.9 9463.0 841.3 7217.0 0.0 140227.0 41346.4 21.6 17449.3 258276.8
2019 3 1 5391.5 1551.0 25886.8 9090.9 760.7 6587.2 0.0 137191.9 38478.3 36.3 26949.3 251924.0
2019 3 2 4896.7 1326.7 23547.1 8132.0 610.9 6032.2 0.0 123155.1 36615.3 19.4 20926.0 225261.6
2019 3 3 4594.3 1668.7 23547.1 10288.2 586.0 7565.6 0.0 122413.6 44561.4 23.9 21571.2 236820.0
2019 3 4 4418.0 1618.2 22914.2 9895.9 637.1 7274.0 0.0 128865.8 43164.2 24.4 21668.2 240480.2
2019 3 5 4418.0 1576.4 23805.7 9321.6 637.1 6830.6 0.0 133117.5 39614.8 30.0 23958.9 243310.6
2019 3 6 5089.0 1744.2 27548.2 10155.8 723.3 7440.9 0.0 133334.7 40225.6 27.3 17042.0 243331.1
2019 3 7 5089.0 1620.0 28490.0 9419.7 768.1 6893.8 0.0 138592.6 37675.6 25.8 18272.6 246847.2
2019 3 8 5089.0 1447.2 25886.8 8478.6 765.4 6193.8 0.0 137191.9 34532.2 24.7 18455.4 238065.1
2019 3 9 4594.3 1417.9 23547.1 8423.2 610.9 6125.2 0.0 123155.1 34160.3 23.6 18648.7 220706.2
2019 3 10 4896.7 1536.7 23547.1 9169.1 610.9 6607.1 0.0 122413.6 37438.9 26.2 22510.4 228756.8
2019 3 11 5089.0 1627.5 28378.1 9805.1 847.2 7047.1 0.0 138059.4 39131.2 29.3 21989.6 252003.6
2019 3 12 5089.0 1711.4 29269.7 10067.8 660.3 7155.2 0.0 138286.8 38284.4 33.7 21680.7 252239.0
2019 3 13 4418.0 1725.7 27052.6 9985.7 723.3 7068.3 0.0 133334.7 37048.8 31.1 19587.6 240975.8
2019 3 14 4529.2 1697.2 27052.6 9792.0 685.6 6999.9 0.0 133334.7 36365.4 30.9 18536.9 239024.4
2019 3 15 4418.0 1480.8 24163.9 8614.3 662.4 6062.2 0.0 131974.0 32470.6 27.6 20479.1 230352.9
2019 3 16 3672.0 1476.4 20983.1 8811.9 576.0 6136.8 0.0 123155.1 31981.3 27.0 17423.1 214242.9
2019 3 17 3511.4 1442.1 20983.1 8535.9 631.5 5902.0 0.0 123062.3 32215.9 28.2 22622.1 218934.6
2019 3 18 3821.6 1721.7 21531.9 10327.2 637.1 7131.3 0.0 123019.2 37780.8 34.4 23487.6 229492.8
2019 3 19 3339.8 1725.9 21364.9 10348.4 649.2 7109.6 0.0 126377.2 36936.4 31.3 21037.1 228919.9
2019 3 20 4166.8 1797.4 24163.9 10668.4 700.1 7308.4 0.0 133334.7 38225.3 33.2 22644.3 243042.5
2019 3 21 4418.0 1555.4 27052.6 9182.0 685.6 6329.7 0.0 133334.7 32988.4 28.9 19767.7 235343.1
2019 3 22 4418.0 1575.0 25213.5 9447.1 672.4 6423.9 0.0 131974.0 33056.9 27.9 18875.9 231684.7
2019 3 23 4594.3 1490.8 22032.8 8957.0 586.0 6049.0 0.0 123155.1 31317.9 26.9 18209.6 216419.4
2019 3 24 4034.4 1564.7 22032.8 9388.2 586.0 6302.0 0.0 122413.6 32855.7 27.8 20264.2 219469.4
2019 3 25 4529.2 1679.3 25802.9 10181.4 660.3 6872.1 0.0 128865.8 35698.5 32.6 21606.4 235928.5
2019 3 26 4418.0 1635.7 26694.4 9917.9 660.3 6625.4 0.0 133117.5 34588.3 36.0 21142.4 238835.9
2019 3 27 4166.8 1664.3 24163.9 10107.7 700.1 6663.4 0.0 133334.7 35175.6 35.0 21916.8 237928.2
2019 3 28 3821.6 1447.7 22781.6 8893.8 739.9 5795.3 0.0 132166.5 30621.7 29.3 17916.2 224213.5
2019 3 29 2915.8 1475.9 19517.5 8635.0 739.9 5211.5 0.0 130648.7 28628.8 29.6 17228.6 215031.0
2019 3 30 2469.6 1408.0 16322.0 7932.8 504.0 4726.3 0.0 114634.0 26620.7 28.3 17719.3 192365.0
2019 3 31 2469.6 1590.6 15772.2 8978.9 504.0 5233.3 0.0 121726.5 28639.5 28.7 15932.4 200875.8
2019 4 1 2569.6 1673.1 17039.9 9497.1 553.9 5461.5 0.0 118871.1 31250.3 34.6 20594.4 207545.4
2019 4 2 2569.6 1588.8 17686.5 9021.4 553.9 5136.4 0.0 119795.0 29636.6 36.9 20386.3 206411.4
2019 4 3 2569.6 1697.1 17818.3 9634.0 528.1 5403.8 0.0 120130.3 31507.8 38.4 21632.7 210960.1
2019 4 4 2501.5 1466.2 15246.1 8310.4 528.1 4533.8 0.0 120130.3 26812.6 32.1 17700.6 197261.6
2019 4 5 2932.8 1419.0 20455.1 7529.0 700.1 3666.7 0.0 130490.3 23826.1 32.8 17896.3 208948.3
2019 4 6 3335.8 1437.4 21164.9 7412.3 614.0 3619.9 0.0 123549.2 23341.2 31.4 17613.3 202119.6
2019 4 7 3599.7 1615.2 21946.7 8279.2 614.0 3975.1 0.0 123212.1 24818.0 31.7 15766.0 203857.7
2019 4 8 2932.8 1619.6 18161.8 8205.8 627.8 3975.3 0.0 121201.6 25631.4 35.8 19209.7 201601.5
2019 4 9 2501.5 1686.2 15653.4 8622.1 553.9 4110.3 0.0 118888.9 26295.8 40.9 18739.3 197092.3
2019 4 10 2311.4 1533.9 15900.5 7891.4 576.5 3635.9 0.0 129433.0 24352.1 37.9 19935.1 205607.7
2019 4 11 2501.5 1570.0 15246.1 8171.4 528.1 3727.4 0.0 120130.3 24284.7 36.1 17320.4 193515.9
2019 4 12 2501.5 1481.0 15023.1 7218.8 522.7 3055.3 0.0 121956.2 21674.8 36.3 20107.6 193577.3
2019 4 13 2501.5 1383.5 14995.9 6797.6 522.7 2885.7 0.0 119368.7 20162.6 33.2 17970.1 186621.5
2019 4 14 2932.8 1521.4 19740.0 7500.5 614.0 3153.8 0.0 120206.2 21050.0 33.2 15996.8 192748.6
2019 4 15 2501.5 1532.3 15006.9 7363.1 553.9 3116.2 0.0 117965.0 22491.8 39.3 23500.7 194070.7
2019 4 16 2569.6 1577.9 17686.5 7751.7 553.9 3266.5 0.0 119795.0 22680.9 38.2 21283.7 197203.8
2019 4 17 2932.8 1485.1 19616.5 7350.9 528.1 3074.7 0.0 133052.6 22302.1 40.0 25079.9 215462.7
2019 4 18 2501.5 1450.8 15246.1 7250.5 528.1 3014.8 0.0 121304.9 21011.6 36.3 20808.9 193153.4
2019 4 19 2569.6 1432.2 17535.5 7128.6 571.1 2971.4 0.0 123247.0 21282.4 38.0 23489.3 200265.2
2019 4 20 2569.6 1305.0 17381.7 6536.0 571.1 2736.0 0.0 106541.2 19966.1 36.6 23582.6 181225.8
2019 4 21 2311.4 1471.7 15547.1 7529.1 521.4 3104.2 0.0 120491.4 20731.9 34.6 18648.4 190391.2
2019 4 22 2281.7 1496.8 13981.0 7532.9 519.8 3121.0 0.0 124785.3 22385.1 41.4 26654.9 202799.9
2019 4 23 2281.7 1518.1 15205.6 7734.6 602.3 3204.0 0.0 129097.7 22411.9 39.3 23924.3 206019.7
2019 4 24 2311.4 1575.4 15530.1 8281.1 535.9 3337.6 0.0 129433.0 22467.7 37.1 21450.6 204959.9
2019 4 25 1668.6 1430.7 11888.9 7559.5 511.3 3008.6 0.0 122397.5 20769.2 35.1 20239.7 189509.0
2019 4 26 1668.6 1335.3 11067.0 6989.3 509.7 2810.4 0.0 117848.5 19725.9 34.9 22307.3 184297.0
2019 4 27 2311.4 1329.8 15197.0 7287.0 571.1 2870.8 0.0 106541.2 19971.2 34.8 22036.2 178150.5
2019 4 28 2311.4 1530.4 15024.2 6745.6 521.4 2265.0 130.5 120491.4 18984.8 31.9 16876.1 184912.8
2019 4 29 1639.0 1544.1 10964.0 7145.4 480.0 2437.5 133.4 120541.1 20701.7 38.2 23596.1 189220.6
2019 4 30 1430.2 1594.3 10091.0 7399.2 471.7 2489.1 155.2 121478.7 21108.7 38.3 23661.8 189918.3
2019 5 1 1552.4 1636.4 10639.4 7980.1 470.1 2765.7 135.1 127277.4 21393.1 35.9 20637.6 194523.0
2019 5 2 1498.3 1379.1 10977.8 6786.4 470.1 2295.1 123.5 123204.4 18422.6 31.4 18485.7 183674.5
2019 5 3 2395.2 1262.7 15068.3 6196.2 490.3 2119.1 108.1 123613.6 16963.8 29.4 17869.6 186116.3
2019 5 4 2360.1 1426.3 14460.3 7260.3 465.0 2408.5 142.4 109533.0 19560.6 35.3 22828.0 180479.8
2019 5 5 1754.5 1177.9 11349.7 4997.5 444.8 983.3 333.6 124267.2 13676.2 27.7 20271.3 179283.7
2019 5 6 1614.3 1282.5 10798.6 5665.7 470.1 1117.6 379.1 124649.9 14592.7 30.2 21043.3 181644.1
2019 5 7 1667.9 1630.1 11376.5 6921.7 470.1 1709.1 334.1 124982.9 19650.8 38.2 24416.9 193198.2
2019 5 8 1506.6 1440.9 10898.8 6460.7 470.1 1594.2 290.5 123204.4 17424.8 31.1 19326.3 182648.5
2019 5 9 2527.2 1351.0 15587.8 6278.2 490.3 1551.9 273.8 127344.7 16623.3 30.2 18381.9 190440.3
2019 5 10 2466.6 1224.1 15206.1 5669.7 490.3 1363.5 264.7 123613.6 14996.7 27.7 18124.8 183447.8
2019 5 11 1297.2 1343.0 9388.3 6338.6 444.8 1548.0 299.8 109916.5 16784.9 32.7 22135.8 169529.5
2019 5 12 1520.6 1282.5 10692.2 5665.7 444.8 1117.6 379.1 124267.2 14592.7 30.2 21043.3 181035.9
2019 5 13 1428.9 1335.6 10186.6 5675.5 470.1 1114.4 370.0 119821.7 14839.2 29.6 18982.8 174254.3
2019 5 14 1527.8 1620.6 10366.7 6909.4 470.1 1352.2 460.3 121273.9 18297.5 38.8 26714.3 189031.7
2019 5 15 1442.2 1436.4 10432.0 6411.5 470.1 1278.2 411.3 127277.4 15858.9 30.7 18910.3 183959.0
2019 5 16 1557.6 1359.6 11396.1 6089.7 470.1 1230.2 395.8 127277.4 15039.7 29.6 17682.7 182528.3
2019 5 17 1283.7 1271.4 10789.4 5763.2 470.1 1162.9 379.8 125703.4 14215.1 28.1 18415.3 179482.5
2019 5 18 1332.1 1342.9 9530.7 6020.9 444.8 1214.7 410.5 109916.5 15446.8 33.6 23438.3 169131.8
2019 5 19 1445.3 1434.5 10692.7 6649.4 444.8 1347.6 428.6 126558.2 15690.9 29.4 16945.9 181667.4
2019 5 20 1473.9 1358.5 10111.5 6006.7 470.1 1212.4 397.6 119821.7 15125.1 30.7 19371.2 175379.3
2019 5 21 1308.3 1610.7 10159.3 7090.8 470.1 1421.9 477.8 121273.9 18149.5 38.7 25974.1 187975.1
2019 5 22 1110.9 1445.1 8948.5 6507.3 470.1 1313.9 425.8 131483.0 15836.3 31.0 18453.6 186025.5
2019 5 23 1128.1 1396.5 9503.2 6238.8 470.1 1279.1 409.0 131483.0 15118.5 29.7 15829.6 182885.5
2019 5 24 1283.7 1392.9 10789.4 6283.7 470.1 1280.5 424.8 125703.4 15513.3 30.9 20509.8 183682.4
2019 5 25 1118.9 1416.9 9323.3 6292.5 444.8 1279.7 430.3 109916.5 15879.3 33.6 21743.8 167879.5
2019 5 26 1213.4 1530.0 9227.1 7008.7 444.8 1429.6 459.1 126558.2 16566.0 31.3 17420.4 181888.7
2019 5 27 1032.4 1438.7 8496.7 6289.8 470.1 1250.8 459.6 133498.7 15935.6 32.4 20088.7 188993.4
2019 5 28 1086.3 1679.8 9004.4 7281.2 470.1 1402.5 798.2 134352.7 18868.5 38.9 26228.9 201211.4
2019 5 29 1110.9 1386.9 9277.0 6236.3 470.1 1178.5 775.2 134352.7 15364.0 28.9 20233.7 190414.2
2019 5 30 1128.1 1397.2 9503.2 6086.4 470.1 1162.8 732.1 131483.0 14734.1 26.9 16328.9 183052.8
2019 5 31 1061.7 1361.5 9306.0 5958.2 470.1 1134.2 716.6 129909.0 14678.4 26.9 19859.9 184482.5
2019 6 1 717.7 1446.7 7419.5 6314.8 467.4 1166.0 747.1 89854.1 15539.4 30.9 22056.8 145760.3
2019 6 2 783.5 1552.9 7904.9 6812.2 449.6 1263.4 800.3 106812.4 16003.0 28.0 17363.1 159773.3
2019 6 3 1048.2 1459.3 10386.5 6325.1 520.1 1144.0 790.2 106972.5 15586.8 29.7 22193.0 166455.4
2019 6 4 1203.1 1668.1 10360.5 7150.9 581.2 1260.8 1113.0 114431.0 17552.8 32.9 22741.3 178095.8
2019 6 5 1171.6 1442.2 10484.7 6398.7 581.2 1091.9 1121.4 115368.5 14885.3 25.9 19288.8 171860.3
2019 6 6 1171.6 1390.8 10602.3 6124.1 567.9 1008.0 1275.5 120051.4 14496.3 23.3 26615.0 183326.3
2019 6 7 1172.3 1433.9 10100.5 6042.2 525.7 1031.7 1061.2 110544.0 14266.2 23.7 19671.8 165873.0
2019 6 8 947.4 1404.3 9397.3 6046.2 481.3 1033.0 1032.4 90527.5 14440.3 27.7 22823.6 148160.9
2019 6 9 847.1 1436.4 7646.9 5907.4 446.8 1019.3 1021.1 107485.0 14086.6 25.0 20623.1 160544.6
2019 6 10 1101.1 1508.8 11391.9 6050.6 676.8 1016.9 1092.6 107599.1 14921.8 631.0 23300.0 169290.6
2019 6 11 1073.2 1747.4 10720.5 7033.0 708.2 1172.1 1327.8 113605.9 16774.4 698.9 21281.2 176142.6
2019 6 12 1119.9 1511.2 10730.3 6369.5 708.2 1052.4 1283.7 112684.4 14369.0 610.2 20594.4 171033.1
2019 6 13 1119.9 1407.8 10890.6 5905.7 691.4 975.2 1178.8 117448.6 13067.2 606.7 16737.2 170029.0
2019 6 14 1053.5 1450.1 8772.0 5918.5 460.4 972.9 1203.6 108518.1 13600.6 554.0 21085.4 163589.3
2019 6 15 717.7 1420.0 7419.5 5985.2 467.4 977.4 1209.4 89854.1 13613.1 718.9 23126.7 145509.3
2019 6 16 886.1 1438.7 7187.1 5811.4 407.0 951.2 1170.2 107485.0 13203.8 579.8 21449.3 160569.7
2019 6 17 1076.2 1520.0 10726.8 6003.6 676.8 981.6 1218.9 107599.1 14066.9 1199.1 23541.8 168610.6
2019 6 18 786.9 1669.0 7084.1 6591.7 546.4 1082.0 1322.4 113370.2 14950.6 1264.7 21373.9 170041.8
2019 6 19 969.1 1570.8 10346.0 6287.2 569.5 1023.6 1243.0 112448.7 14073.1 1376.7 20071.9 169979.7
2019 6 20 999.6 1436.3 9576.0 5759.2 533.2 938.9 1134.0 118705.4 12773.0 1286.4 17043.0 170185.1
2019 6 21 953.1 1432.6 9272.7 5614.8 549.4 903.6 1132.1 112476.4 13028.7 1078.2 22791.0 169232.6
2019 6 22 790.4 1506.1 6943.5 6039.9 442.8 972.9 1194.9 89696.2 13565.4 1322.2 21375.8 143850.1
2019 6 23 658.2 1696.3 6316.0 6647.5 443.0 1072.8 1295.5 106301.9 14552.1 1176.7 19186.8 159346.6
2019 6 24 897.4 1575.9 9051.1 6027.2 537.8 964.7 1190.8 104615.5 13861.8 1788.9 22270.0 162780.9
2019 6 25 940.9 1753.2 9553.5 6655.9 569.5 1056.8 1388.0 113370.2 15477.4 1889.6 26303.6 178958.5
2019 6 26 1073.9 1591.6 10722.0 6112.1 659.6 959.0 1304.8 112448.7 13880.7 1950.2 20868.1 171570.9
2019 6 27 1119.9 1511.1 10890.6 5775.5 691.4 873.1 1396.6 117448.6 13014.9 1982.4 17621.9 172326.0
2019 6 28 1035.5 1485.6 10209.8 5160.7 645.2 764.3 1360.6 114296.1 15064.4 3180.8 22641.3 175844.3
2019 6 29 704.4 1498.0 7362.8 5342.5 469.7 794.7 1387.0 89696.2 15090.4 3866.2 21726.4 147938.3
2019 6 30 886.1 1664.2 7187.1 5978.8 407.0 883.2 1528.3 107485.0 16540.6 3321.7 18479.4 164361.5
2019 7 1 817.8 1517.4 7985.4 5577.5 519.0 817.6 1429.0 104688.0 15171.6 4231.9 21462.3 164217.6
2019 7 2 817.8 1758.3 8104.4 6374.2 504.0 926.6 1723.4 110200.6 17764.3 4168.3 28146.7 180488.7
2019 7 3 817.8 1599.4 7915.4 5882.9 497.1 838.9 1635.2 110708.9 16030.0 5314.0 21152.0 172391.5
2019 7 4 839.7 1621.6 8244.2 5926.1 589.0 809.9 1816.5 112572.4 16001.5 5301.3 15551.7 169273.9
2019 7 5 839.7 1453.1 7972.2 4804.9 556.5 641.5 1633.9 109123.1 16616.4 5592.9 21983.0 171217.2
2019 7 6 675.5 1370.3 6368.1 4625.3 442.9 617.5 1570.1 94666.2 15693.3 6328.6 21487.1 153844.8
2019 7 7 675.5 1632.3 6368.1 5529.6 442.9 738.6 1848.6 106845.0 18377.3 6497.2 18474.3 167429.4
2019 7 8 817.8 1492.8 7749.2 5047.0 497.1 671.0 1702.7 104688.0 16915.5 6348.9 21514.7 167444.6
2019 7 9 839.7 1818.8 8222.4 6087.3 600.8 801.7 2167.5 103272.0 20869.9 6979.7 30137.8 181797.4
2019 7 10 609.9 1623.3 5933.8 5469.6 437.0 705.9 2030.6 108880.6 18583.3 7728.5 23734.7 175737.2
2019 7 11 609.9 1570.8 5526.7 5406.1 372.2 699.6 2008.1 103487.0 17469.3 6997.0 15088.0 159234.7
2019 7 12 609.9 1452.9 5526.7 4703.7 372.2 584.4 1874.5 103427.7 17714.1 7049.2 22806.0 166121.4
2019 7 13 553.1 1400.6 5458.0 4644.3 376.7 571.7 1873.7 87209.0 17203.8 8946.7 21762.2 150000.0
2019 7 14 553.1 1593.0 5458.0 5346.3 376.7 668.6 2077.6 98848.5 19065.9 8533.4 17382.0 159903.2
2019 7 15 609.9 1550.4 5814.7 5152.0 379.4 638.2 2058.1 102426.7 18851.3 8602.6 22800.1 168883.5
2019 7 16 609.9 1722.9 5526.8 5701.6 379.4 716.1 2309.0 103272.0 21025.6 9064.5 26287.9 176615.6
2019 7 17 676.8 1694.6 6907.8 5654.6 586.9 709.2 2318.8 103487.0 20750.9 10527.8 26039.6 179354.1
2019 7 18 676.8 1504.1 6907.8 5108.7 586.9 646.2 2034.9 103487.0 17950.4 9734.5 15919.9 164557.1
2019 7 19 609.9 1439.4 5960.1 4840.2 458.9 611.9 1945.0 108648.6 17511.8 6966.2 20502.7 169494.5
2019 7 20 553.1 1428.8 5891.4 4835.1 457.5 606.8 1989.0 87209.0 17435.1 9460.3 21195.1 151061.2
2019 7 21 553.1 1682.9 5891.4 5759.0 457.5 731.3 2281.9 98848.5 20025.7 9582.7 17682.8 163496.9
2019 7 22 609.9 1590.2 6105.1 5355.8 458.9 672.0 2180.5 101498.9 19330.5 8619.3 24263.2 170684.3
2019 7 23 609.9 1659.3 5960.2 5599.1 458.9 713.7 2275.0 102810.7 19961.2 9025.8 21895.1 170968.9
2019 7 24 577.3 1781.8 5713.6 5964.2 441.5 758.9 2494.2 108707.8 21718.1 10793.1 27833.6 186784.0
2019 7 25 577.3 1429.5 5713.6 4849.3 441.5 619.5 1960.7 107916.9 16921.3 8921.8 14659.3 164010.7
2019 7 26 577.3 1481.5 5713.6 4925.2 441.5 616.5 2097.1 107148.7 17913.6 8123.5 20811.0 169849.4
2019 7 27 520.5 1516.8 5321.2 5023.2 440.1 619.9 2184.7 87209.0 18437.7 11476.7 22793.6 155543.3
2019 7 28 520.5 1713.2 5321.2 5696.1 440.1 710.4 2409.5 98848.5 20326.1 10422.2 18299.4 164707.2
2019 7 29 517.9 1625.2 5228.2 5293.7 394.8 647.9 2385.5 100830.0 19652.2 13303.7 26800.2 176679.3
2019 7 30 577.3 1550.4 5542.0 5219.5 441.5 653.9 2324.1 102141.9 18672.0 13495.8 18245.2 168863.5
2019 7 31 577.3 1714.2 5713.6 5698.6 441.5 708.7 2590.3 107916.9 21070.7 15016.7 27266.9 188715.4
2019 8 1 568.7 1481.1 5502.9 5066.1 562.6 643.7 2264.8 106784.7 17581.2 13375.1 13441.4 167272.5
2019 8 2 626.5 1319.5 5926.9 4386.3 598.8 543.9 2038.1 106784.7 16022.7 10388.6 18924.3 167560.4
2019 8 3 562.5 1429.6 5950.0 4680.5 623.1 575.3 2197.3 91275.0 17424.1 13589.7 21665.4 159972.6
2019 8 4 458.1 1651.7 4767.4 5470.0 562.6 676.8 2530.6 100271.9 19750.6 13805.8 18610.4 168555.9
2019 8 5 443.9 1604.6 4299.9 5141.9 500.3 622.7 2527.0 103822.9 19498.4 18031.5 26868.9 183361.9
2019 8 6 418.9 1556.8 4180.7 5256.6 500.3 645.9 2548.7 105780.9 18933.3 18217.0 18562.1 176601.3
2019 8 7 559.4 1584.2 5482.3 5214.0 558.8 634.6 2548.7 106784.7 19474.4 17502.0 26274.1 186617.3
2019 8 8 573.7 1456.9 5918.3 4997.6 598.8 615.7 2387.8 106784.7 17190.7 15563.1 11614.9 167702.1
2019 8 9 630.7 1225.3 6055.9 4129.4 623.1 497.3 1991.3 106784.7 14828.1 12154.7 16603.6 165524.0
2019 8 10 562.5 1419.7 5950.0 4670.1 623.1 558.2 2272.5 91275.0 17361.6 16052.8 22501.2 163246.9
2019 8 11 615.1 1461.8 5943.0 4950.1 612.0 599.6 2384.1 100271.9 17587.2 15171.2 17587.7 167183.7
2019 8 12 629.5 1519.7 6105.6 4685.3 605.4 554.7 2364.7 103822.9 18311.2 20835.7 25021.2 184456.0
2019 8 13 604.6 1571.2 6026.0 5040.1 605.4 608.4 2509.5 105780.9 18780.5 21098.5 19335.6 181960.8
2019 8 14 614.1 1553.2 6015.1 4838.9 605.4 575.5 2445.8 106784.7 18665.3 19676.7 25328.0 187102.7
2019 8 15 623.5 1261.9 6015.1 3935.0 602.0 470.5 1977.4 106784.7 15099.0 16745.6 18556.0 172070.6
2019 8 16 646.3 1135.3 6015.1 3705.0 612.0 453.4 1842.0 106784.7 13392.4 8576.6 12337.3 155500.2
2019 8 17 512.7 1321.0 5412.3 4134.5 545.2 494.7 2096.2 91275.0 16020.9 11419.3 21491.7 154723.4
2019 8 18 579.0 1405.0 5412.3 4535.4 545.2 553.7 2269.6 100271.9 16703.3 11230.1 16901.3 160406.8
2019 8 19 629.5 1492.4 6105.6 4615.1 605.4 554.7 2367.8 103822.9 18218.0 13339.3 25655.6 177406.3
2019 8 20 562.1 1501.9 5489.5 4672.7 545.2 568.2 2367.8 105780.9 17889.1 13175.7 20719.4 173272.6
2019 8 21 571.6 1540.9 5478.6 4846.6 545.2 593.3 2462.5 106784.7 18223.1 11748.7 21051.7 173846.9
2019 8 22 623.5 1421.6 6015.1 4463.3 602.0 545.5 2239.8 106784.7 16772.2 12149.8 17126.1 168743.5
2019 8 23 580.9 1285.5 5879.4 4111.9 612.0 512.3 2088.5 106784.7 15197.7 9656.5 14925.1 161634.7
2019 8 24 512.7 1371.2 5412.3 4236.4 545.2 515.7 2172.4 91275.0 16547.1 11702.7 21590.7 155881.4
2019 8 25 767.0 1424.0 6935.3 4522.1 597.6 561.1 2301.3 100271.9 16913.8 11036.6 17695.6 163026.3
2019 8 26 975.3 1507.2 9077.3 4674.6 651.2 572.5 2409.6 106786.1 18216.2 12412.1 23836.0 181118.0
2019 8 27 1065.2 1560.7 9032.1 4925.2 651.3 612.1 2369.1 108744.1 18836.7 12840.2 24352.9 184989.7
2019 8 28 829.3 1631.6 7988.9 5385.6 651.3 677.0 2298.3 109747.9 19481.0 12700.7 22034.1 183425.8
2019 8 29 1109.6 1421.6 9805.1 4820.6 651.3 619.7 1877.4 109747.9 15517.5 9990.9 16197.0 171758.6
2019 8 30 878.0 1394.5 8988.7 4752.3 774.5 619.4 1829.3 109747.9 15303.7 8225.6 18246.3 170760.4
2019 8 31 752.8 1339.7 7073.9 4418.2 597.6 568.4 1754.1 94049.4 14806.9 9508.0 20081.4 154950.4
2019 9 1 620.4 1462.8 5536.4 4918.2 545.0 647.7 1900.6 108944.0 15937.7 9496.0 19593.9 169602.7
2019 9 2 984.6 1554.8 7708.5 5122.3 657.3 667.7 2039.4 116097.0 17265.6 10714.8 24989.9 187801.9
2019 9 3 768.8 1717.3 7011.4 5717.3 673.8 758.3 2065.0 114397.4 18826.4 11301.6 27047.8 190285.1
2019 9 4 627.4 1563.4 6782.3 5366.1 673.8 712.0 1699.9 114397.4 17018.9 10741.8 21747.1 181330.0
2019 9 5 793.9 1422.6 7496.4 5067.3 675.0 691.5 1416.9 117480.4 13729.4 8064.1 14800.4 171638.1
2019 9 6 784.0 1537.0 6887.4 5319.6 619.2 726.7 1518.2 120285.3 15384.4 7298.1 22934.3 183294.5
2019 9 7 1030.4 1412.7 7192.7 4762.2 814.0 647.5 1366.6 90422.5 13877.4 8486.1 22246.0 152258.2
2019 9 8 1055.2 1549.8 7447.8 5282.9 846.9 721.9 1484.7 104139.9 15014.9 7846.3 20198.0 165588.2
2019 9 9 984.6 1499.4 7708.5 5025.2 657.3 681.8 1454.0 115287.2 14753.5 8345.8 22700.3 179097.6
2019 9 10 984.6 1705.3 7725.5 5586.0 675.0 768.6 1507.7 118256.5 17077.2 8828.0 30510.7 193625.0
2019 9 11 1086.8 1482.7 8872.5 4873.6 1018.4 668.7 1255.7 116696.3 14766.0 9146.5 24908.9 184776.1
2019 9 12 923.2 1313.0 7335.4 3989.4 994.6 568.0 953.1 89845.5 11766.3 6468.9 22913.7 147071.1
2019 9 13 867.0 1313.0 6627.0 3989.4 993.4 568.0 953.1 88405.2 11766.3 6468.9 22913.7 144865.1
2019 9 14 677.0 1313.0 5655.6 3989.4 772.6 568.0 953.1 75998.5 11766.3 6468.9 22913.7 131076.0
2019 9 15 914.1 1643.9 7447.8 5420.6 796.7 769.9 1271.1 104139.9 14496.2 6428.7 19938.2 163267.2
2019 9 16 929.7 1565.2 8245.3 5100.9 658.4 720.8 1198.9 114787.9 13878.2 6963.1 21862.1 175910.5
2019 9 17 1094.5 1733.7 9101.6 5452.8 1018.4 768.0 1289.2 116696.3 15819.1 6941.6 30189.8 190104.9
2019 9 18 1086.8 1459.0 8872.5 4644.7 1018.4 654.5 1091.0 116696.3 13007.2 6714.4 22121.8 177366.6
2019 9 19 1162.5 1391.4 8872.5 4475.6 1018.4 630.8 1047.6 117204.8 12209.9 7214.5 18891.8 174119.8
2019 9 20 782.2 1364.1 7324.8 4248.4 661.0 598.9 1002.7 116402.6 12417.4 5565.2 23200.4 173567.8
2019 9 21 746.7 1436.3 6353.4 4553.0 545.7 642.9 1070.7 91371.4 12614.7 7425.6 20661.9 147422.2
2019 9 22 1055.2 1653.5 7447.8 5296.8 846.9 746.8 1223.3 104139.9 14271.6 6855.0 17260.1 160796.9
2019 9 23 1014.3 1537.0 8245.3 4836.3 658.4 678.4 1121.6 114999.5 13441.9 6786.9 19845.2 173164.8
2019 9 24 929.7 1745.9 8262.3 5346.2 662.1 766.6 1227.8 116696.3 15561.9 6669.4 26100.6 183968.7
2019 9 25 1086.8 1608.7 8872.5 4940.7 1018.4 740.5 1102.5 116696.3 14213.3 6520.0 22400.9 179200.8
2019 9 26 1021.5 1526.8 8872.5 4866.3 1018.4 748.3 1031.7 117204.8 13101.5 7365.5 16763.9 173521.2
2019 9 27 1106.4 1498.8 8164.1 4778.8 1017.3 758.9 997.0 115453.6 13167.9 5428.0 19131.0 171501.8
2019 9 28 784.3 1336.8 6353.4 5279.9 567.3 1249.4 614.1 90900.1 12291.4 5176.8 18547.6 143101.0
2019 9 29 771.5 1554.7 6608.5 5987.3 567.6 1371.6 719.8 104611.2 14009.2 5158.1 17092.6 158452.1
2019 9 30 2374.7 1492.7 13961.8 5698.3 821.8 1344.4 657.7 114999.5 13795.1 5041.1 21696.6 181883.6
2019 10 1 2126.3 1599.5 16586.2 5994.6 849.4 1348.6 733.2 118798.4 14719.6 6008.1 22469.6 191233.4
2019 10 2 1395.4 1574.7 13038.6 6000.5 849.4 1418.9 650.7 118798.4 14525.7 5709.4 21412.1 185373.9
2019 10 3 1045.3 1616.1 9987.9 8046.3 695.6 2632.5 0.0 93143.4 15968.2 1544.3 21571.5 156251.1
2019 10 4 948.7 1494.5 7082.9 6008.3 452.0 1456.6 589.1 118798.4 14018.6 4623.8 18709.7 174182.3
2019 10 5 1863.7 1345.8 13239.4 6514.9 657.5 1937.2 318.6 97273.0 13143.0 3876.4 16405.6 156575.0
2019 10 6 1930.7 1518.6 13495.4 7148.9 688.0 2135.3 308.8 109295.4 14607.7 3790.5 16840.6 171760.0
2019 10 7 2126.3 1494.2 16492.3 6918.1 818.4 2096.9 280.9 118276.4 14444.6 3360.9 19883.1 186192.3
2019 10 8 2126.3 1496.7 16586.2 6840.8 849.4 2056.8 299.2 118798.4 14553.9 3211.9 19628.4 186448.0
2019 10 9 1783.5 1616.1 11232.2 8046.3 614.7 2632.5 0.0 93143.4 15968.2 1544.3 21571.5 158152.7
2019 10 10 2333.1 1430.2 14583.5 6467.5 674.0 1984.9 212.6 118798.4 13542.3 3992.9 15399.3 179418.7
2019 10 11 2785.7 1455.6 17473.8 6703.2 628.6 2058.8 203.2 123204.3 14423.9 3059.4 19275.2 191271.7
2019 10 12 2837.0 1441.7 16472.8 7053.2 550.9 2346.3 0.0 105797.9 14225.6 1703.3 18290.8 170719.4
2019 10 13 2722.8 1724.2 18120.0 8099.0 584.7 2657.4 0.0 122271.2 16787.7 1747.4 16760.1 191474.5
2019 10 14 2333.1 1617.6 15333.8 7460.6 620.1 2471.3 0.0 118276.4 15771.1 1770.7 20260.0 185914.6
2019 10 15 2333.1 1664.8 15631.5 7512.7 681.2 2484.7 0.0 118798.4 16455.1 1678.0 21342.3 188581.8
2019 10 16 2333.1 1615.3 15601.3 7261.6 653.4 2409.1 0.0 118798.4 15623.9 1714.7 16836.9 182847.7
2019 10 17 2333.1 1505.7 14583.5 6627.7 674.0 2231.0 0.0 118798.4 14252.1 1881.4 14782.7 177669.6
2019 10 18 2278.9 1550.3 14150.6 6778.6 628.6 2285.7 0.0 118798.4 15567.4 1533.9 20396.7 183969.0
2019 10 19 2093.1 1572.4 13369.1 6690.9 570.5 2271.7 0.0 97273.0 15135.7 1991.3 20517.9 161485.6
2019 10 20 2216.0 1811.0 14192.1 7691.7 601.0 2582.7 0.0 112022.4 17774.1 1836.5 18447.7 179175.3
2019 10 21 2333.1 1601.2 15309.3 6652.2 653.0 2254.8 0.0 118276.4 15701.6 1786.5 20528.0 185096.2
2019 10 22 2133.6 1859.1 13998.7 7620.2 678.1 2579.0 0.0 118798.4 18612.2 1857.6 25440.1 193577.0
2019 10 23 2333.1 1597.5 15601.3 6493.1 653.4 2219.8 0.0 118798.4 15639.8 1736.7 19356.9 184430.0
2019 10 24 2820.4 1505.6 17685.1 6109.5 652.2 2082.0 0.0 123204.3 14244.4 1828.1 14478.1 184609.7
2019 10 25 2785.7 1572.8 17473.8 6310.2 628.6 2183.3 0.0 118798.4 16002.7 1399.6 21562.6 188717.7
2019 10 26 2599.9 1743.1 17061.4 6934.1 550.9 2427.7 0.0 103093.0 16593.2 2161.9 19564.9 172730.2
2019 10 27 2959.9 1833.3 18120.0 7318.0 584.7 2545.7 0.0 124976.0 18238.1 1670.9 18272.7 196519.3
2019 10 28 3035.7 1594.6 17299.0 6236.9 633.8 2224.4 0.0 121920.3 15927.2 1517.5 19159.0 189548.5
2019 10 29 3695.9 1954.1 22005.2 8209.1 702.8 3634.1 0.0 124616.3 23356.6 2930.3 27317.7 218422.2
2019 10 30 4016.2 1451.0 22274.7 6715.3 646.9 2985.3 0.0 147567.9 18444.1 2491.5 18685.1 225278.0
2019 10 31 4016.2 1482.4 22235.0 7222.4 645.6 3302.3 0.0 146319.7 18865.6 2502.9 12712.2 219304.3
2019 11 1 3882.2 1479.3 20750.6 7072.1 643.1 3234.0 0.0 129367.5 20164.4 1893.9 22000.9 210488.0
2019 11 2 3434.2 1611.0 17529.6 7648.7 643.1 3477.4 0.0 108614.4 20374.3 2524.9 17997.6 183855.2
2019 11 3 3528.0 1639.6 19259.3 7818.0 643.1 3523.7 0.0 127572.6 21294.6 2360.5 18471.2 206110.6
2019 11 4 3755.4 1525.2 22489.3 7258.1 643.1 3378.5 0.0 118896.2 20753.3 2269.0 21233.3 202201.4
2019 11 5 3755.4 1770.8 23159.9 8971.1 653.6 4793.8 0.0 126740.1 26674.6 6167.0 24771.4 227457.8
2019 11 6 3682.3 1508.1 22114.4 8573.5 653.6 4639.5 0.0 128711.0 25120.3 6351.2 20389.2 221743.1
2019 11 7 2865.2 1442.5 18034.4 8773.4 640.3 4809.0 0.0 127178.5 24182.1 5376.8 10933.0 204235.1
2019 11 8 3427.4 1486.5 16991.9 8617.7 632.1 4746.0 0.0 130486.5 25921.3 4655.8 19099.8 216065.0
2019 11 9 3434.2 1445.5 17387.2 8046.4 643.1 4392.3 0.0 108614.4 23570.9 6080.8 18498.7 192113.4
2019 11 10 3528.0 1581.8 19259.3 9032.7 643.1 5027.3 0.0 127572.6 26457.6 7070.8 18635.1 218808.2
2019 11 11 3755.4 1475.4 21555.2 8071.4 643.1 4516.3 0.0 118896.2 25641.2 5703.4 23435.6 213693.2
2019 11 12 3755.4 1623.0 22996.5 8997.7 643.1 5190.0 0.0 122215.8 28737.2 8389.5 21047.1 223595.2
2019 11 13 3755.4 1575.5 24006.7 9303.9 643.1 5397.5 0.0 129345.1 29864.1 9099.5 21308.4 234299.2
2019 11 14 3755.4 1442.4 24174.2 8840.8 653.6 5206.5 0.0 140395.8 26959.7 7984.9 11237.3 230650.5
2019 11 15 3688.0 1526.1 20795.4 8830.8 643.1 5245.9 0.0 134160.5 29738.6 7357.8 20499.1 232485.2
2019 11 16 3609.2 1398.7 17391.8 7931.0 643.1 4781.3 0.0 117727.6 26485.0 9263.3 19334.8 208565.6
2019 11 17 3528.0 1537.2 19716.3 8972.7 643.1 5367.7 0.0 127572.6 29077.3 9207.2 17443.7 223065.6
2019 11 18 4384.4 1491.9 20457.7 8240.0 643.1 4921.4 0.0 128483.8 29500.3 7812.8 25650.6 231585.9
2019 11 19 4082.2 1551.9 20714.7 8604.6 643.1 5196.9 0.0 131593.3 29811.4 9626.2 23235.9 235060.1
2019 11 20 3755.4 1689.8 23315.2 9371.0 643.1 5684.8 0.0 131233.8 31978.4 11293.5 23601.9 242566.8
2019 11 21 4082.2 1582.8 23205.0 8993.6 643.1 5529.0 0.0 152289.6 29340.2 9931.8 13542.3 249139.7
2019 11 22 4644.7 1550.7 24320.4 8176.5 643.1 5081.4 0.0 133299.7 29842.4 9452.9 24264.4 241276.2
2019 11 23 5518.4 1629.6 26759.0 8815.8 643.1 5542.7 0.0 137573.6 30189.3 11954.9 19656.2 248282.6
2019 11 24 5612.2 1668.3 27891.5 8995.0 643.1 5590.9 0.0 146250.7 31618.2 10477.4 21828.0 260575.2
2019 11 25 5834.5 1542.0 24798.1 8072.7 643.1 5033.1 0.0 141647.9 29763.8 9112.5 24120.6 250568.2
2019 11 26 6105.1 1696.1 26223.9 8588.0 643.1 5446.7 0.0 149297.6 33453.4 10817.8 26936.4 269208.1
2019 11 27 5834.5 1778.9 28624.1 9241.6 643.1 6258.8 0.0 159507.1 33880.4 11927.4 20827.2 278523.2
2019 11 28 5283.2 1732.9 26158.4 10004.2 643.1 7341.5 0.0 162258.4 38402.0 7669.2 15244.8 274737.8
2019 11 29 5061.7 1520.4 24536.2 8631.8 643.1 6275.5 0.0 139336.3 35320.0 7308.2 22748.7 251381.8
2019 11 30 5518.4 1621.1 26602.3 9438.3 643.1 6942.5 0.0 137573.6 36862.6 9090.3 17864.6 252156.8
2019 12 1 7672.7 1565.1 36533.6 9339.4 791.8 6883.2 0.0 132570.8 37147.0 6594.5 19993.0 259091.2
2019 12 2 7569.3 1496.7 37584.3 8909.9 919.6 6615.1 0.0 119152.9 36642.7 6680.8 23472.1 249043.3
2019 12 3 8297.7 1665.0 40031.6 9498.8 1078.3 7051.8 0.0 159394.7 41052.5 8201.1 28858.8 305130.2
2019 12 4 8472.7 1669.9 40031.6 9888.4 937.6 7784.8 0.0 146625.8 39618.4 8937.7 16800.4 280767.3
2019 12 5 8739.6 1724.4 40031.6 11137.0 1091.4 9221.9 0.0 139127.8 47494.9 5013.3 17710.7 281292.7
2019 12 6 7732.0 1469.2 39551.3 9512.2 1055.0 7773.1 0.0 137058.4 42149.7 4675.2 21939.1 272915.1
2019 12 7 8121.3 1539.7 39715.7 10099.1 813.5 8316.5 0.0 128567.5 43658.1 5518.2 17954.8 264304.3
2019 12 8 8500.4 1578.5 41452.6 10197.7 896.9 8332.2 0.0 139780.0 45575.3 4259.3 23247.3 283820.2
2019 12 9 7429.3 1471.2 39055.6 9591.1 1027.5 7881.0 0.0 129405.5 43627.3 4498.4 23912.7 267899.6
2019 12 10 8222.7 1614.1 40031.6 10146.1 1091.4 8348.7 0.0 137842.3 48094.7 5028.7 27221.7 287641.8
2019 12 11 7653.1 1648.4 40031.6 10610.4 1108.9 8943.6 0.0 142106.0 48537.1 5262.3 19435.3 285336.9
2019 12 12 7653.1 1708.8 40031.6 11473.7 1108.9 9785.5 0.0 142577.5 52891.3 1648.0 19372.6 288251.0
2019 12 13 8102.8 1473.5 39551.3 10173.4 1089.5 8674.8 0.0 137635.5 47761.1 1453.2 19465.6 275380.7
2019 12 14 7050.5 1445.3 35438.4 9990.2 930.0 8538.9 0.0 122033.9 46823.2 1681.8 17848.9 251781.2
2019 12 15 7778.0 1497.3 37961.9 10233.5 937.0 8724.8 0.0 132327.2 48912.7 1436.8 22095.4 271904.7
2019 12 16 7819.9 1525.8 41183.5 10377.3 1199.7 8859.7 0.0 143146.1 50593.5 1753.7 25640.4 292099.7
2019 12 17 9007.8 1586.1 44877.5 10746.7 1219.2 9189.2 0.0 153141.7 51993.8 1536.0 24244.1 307542.1
2019 12 18 7653.1 1559.9 40031.6 10592.4 1108.9 9085.6 0.0 142106.0 51151.7 1662.7 21420.2 286372.1
2019 12 19 8739.6 1575.8 40031.6 10717.0 1005.1 9185.2 0.0 139048.3 51361.0 1612.1 20287.6 283563.2
2019 12 20 8195.1 1523.2 39551.3 10296.8 915.7 8827.6 0.0 137010.0 49535.6 1443.0 19486.0 276784.3
2019 12 21 7000.2 1360.8 35438.4 9170.3 926.3 7880.2 0.0 111301.8 45069.6 1643.6 20243.8 240035.0
2019 12 22 7497.6 1584.0 36533.6 10569.0 932.5 9069.5 0.0 111648.6 52109.3 1457.7 24220.9 255622.8
2019 12 23 7569.3 1473.6 37584.3 9774.6 919.2 8409.4 0.0 123794.0 48578.9 1645.2 22794.1 262542.6
2019 12 24 8022.0 1630.5 40031.6 10750.8 1116.3 9278.4 0.0 137216.9 53254.9 1636.2 23698.4 286636.1
2019 12 25 7225.6 1467.8 37542.3 10171.1 991.7 8485.7 0.0 137068.4 45535.7 695.2 20624.8 269808.4
2019 12 26 7732.0 1588.5 40031.6 10507.7 1076.9 9071.8 0.0 138621.5 51822.2 1598.5 21428.6 283479.3
2019 12 27 9242.5 1527.3 44444.7 10048.6 1077.6 8676.4 0.0 151202.6 49444.2 960.8 18891.4 295516.1
2019 12 28 8716.6 1346.6 42682.5 8981.0 1034.0 7782.2 0.0 138338.7 44186.6 1042.4 18568.6 272679.2
2019 12 29 8761.2 1491.2 43545.0 10165.1 1152.1 8539.6 0.0 148579.1 46983.2 1001.8 22054.9 292273.2
2019 12 30 7819.9 1429.1 40535.1 9891.7 903.0 8261.2 0.0 133556.6 44883.2 1046.7 19417.9 267744.3
2019 12 31 9007.8 1511.8 44229.0 10466.5 980.1 8772.9 0.0 146794.0 48891.8 1046.8 25878.2 297579.1
2020 1 1 7846.9 1675.6 38343.6 11150.9 975.8 8789.9 0.0 147982.0 46899.1 12.2 20376.7 284052.8
2020 1 2 8057.2 1833.6 38027.3 12403.9 968.7 9752.2 0.0 147627.0 51799.7 14.0 20996.3 291479.9
2020 1 3 7139.5 1683.3 34369.8 11514.1 942.8 9030.3 0.0 147627.0 47816.1 15.4 30241.3 290379.7
2020 1 4 6211.7 1670.8 29666.0 11075.0 828.1 8725.0 0.0 140373.0 46669.7 12.5 27604.1 272836.0
2020 1 5 6695.2 1632.1 32758.6 10771.6 833.0 8477.4 0.0 140373.0 44672.2 13.2 24040.8 270267.1
2020 1 6 6609.8 1611.8 30664.2 10691.5 855.9 8415.2 0.0 138120.5 44692.5 13.0 22561.7 264236.3
2020 1 7 7139.5 1913.0 35714.2 12661.1 975.8 9967.6 0.0 147627.0 53100.4 15.0 21904.6 291018.2
2020 1 8 7529.0 1801.4 34713.1 11815.6 965.7 9301.6 0.0 147627.0 49521.4 13.4 18859.8 282148.2
2020 1 9 7846.9 1829.3 38664.0 12052.4 975.8 9533.2 0.0 147982.0 50896.8 13.9 23475.1 293269.5
2020 1 10 8164.9 1756.7 39845.6 11663.9 1066.9 9217.2 0.0 153604.6 49060.1 15.3 29755.4 304150.6
2020 1 11 8106.4 1737.2 37778.7 11258.5 939.2 8925.7 0.0 148554.7 47725.7 13.1 26540.6 291579.8
2020 1 12 8448.9 1760.6 40615.4 11516.8 1000.2 9126.7 0.0 148554.7 48062.2 14.5 24969.2 294069.2
2020 1 13 7372.3 1819.7 36142.5 11613.6 972.9 9235.4 0.0 146760.9 49671.0 13.4 23547.9 287149.7
2020 1 14 8648.0 1909.4 41114.0 12245.3 1000.1 9718.7 0.0 153604.6 51799.2 14.9 20902.1 300956.5
2020 1 15 8164.9 1931.6 39722.8 12350.9 944.1 9797.6 0.0 147982.0 51946.3 14.8 15832.6 288687.8
2020 1 16 7846.9 1894.2 38633.4 11928.4 975.8 9631.1 0.0 147982.0 51772.4 14.7 26967.9 297646.8
2020 1 17 7846.9 1847.1 38152.8 11710.2 952.9 9439.0 0.0 147982.0 50401.5 15.9 27985.3 296333.6
2020 1 18 7401.9 1834.4 34798.7 11494.4 796.4 9262.0 0.0 140759.4 49382.5 14.4 25230.4 280974.5
2020 1 19 8220.4 1874.0 38424.8 11844.2 986.7 9569.2 0.0 148554.7 50417.4 17.1 24364.0 294272.5
2020 1 20 7280.7 1919.8 35529.2 11914.2 984.4 9659.0 0.0 146760.9 52070.6 15.8 23025.8 289160.3
2020 1 21 8648.0 1990.5 40467.7 12424.6 1000.1 10064.5 0.0 153604.6 53767.1 16.5 20204.6 302188.2
2020 1 22 8254.7 1973.4 39889.4 12263.4 1000.1 9931.4 0.0 153604.6 52987.3 16.3 16064.7 295985.4
2020 1 23 9546.8 1976.0 44618.1 12158.3 1027.5 9982.6 0.0 154364.2 54062.3 21.9 30014.6 317772.3
2020 1 24 9546.8 1896.1 43830.5 11761.1 1011.9 9626.5 0.0 154364.2 51300.5 23.1 26870.7 310231.4
2020 1 25 9013.1 1834.8 40789.8 11266.8 956.1 9200.2 0.0 149753.7 49607.3 19.1 27740.0 300180.9
2020 1 26 8640.1 1841.2 40848.0 11365.7 1000.2 9312.6 0.0 148554.7 49484.9 23.5 25874.5 296945.6
2020 1 27 7372.3 1934.7 36142.5 11842.6 972.9 9724.1 0.0 146760.9 52604.5 23.7 23625.5 291003.7
2020 1 28 8164.9 2075.9 40281.3 12732.3 1089.8 10398.8 0.0 153604.6 56114.3 24.8 21299.6 305786.3
2020 1 29 8164.9 1994.9 40041.7 12237.3 991.7 9949.0 0.0 153604.6 55610.0 24.0 17877.2 300495.4
2020 1 30 8648.0 1950.0 41310.0 11956.8 1000.1 9734.8 0.0 153604.6 55175.3 28.5 31489.3 314897.5
2020 1 31 8556.4 1911.8 40247.7 11947.1 998.1 9693.6 0.0 153604.6 53948.2 29.7 26635.3 307572.5
2020 2 1 8219.4 1871.9 37884.3 11388.5 938.4 9298.0 0.0 150039.6 52472.0 31.3 29734.9 301878.2
2020 2 2 8556.9 1798.1 39347.8 10864.0 1010.1 8885.1 0.0 150039.6 49651.8 34.7 26671.9 296860.1
2020 2 3 7799.9 1916.8 36660.1 11518.0 969.4 9416.0 0.0 146662.7 53829.9 33.0 27748.0 296553.8
2020 2 4 8643.8 2002.5 39985.8 12184.3 997.1 9924.2 0.0 154464.2 55592.4 30.9 23523.7 307349.0
2020 2 5 8990.8 1946.8 40406.9 11791.9 997.1 9557.9 0.0 154464.2 55637.2 44.2 19180.9 303017.9
2020 2 6 9302.7 1989.4 43048.1 11704.9 1014.1 9468.8 0.0 154464.2 55620.0 45.2 30030.9 316688.3
2020 2 7 8970.6 1969.9 41126.8 11789.0 993.0 9507.0 0.0 154464.2 54967.4 47.1 25529.3 309364.4
2020 2 8 7688.8 1953.9 37184.4 11399.3 993.9 9146.6 0.0 148711.1 54802.0 59.1 28618.1 300557.4
2020 2 9 8040.0 1815.1 37948.2 10468.0 853.5 8390.3 0.0 138257.6 49939.5 60.6 24450.9 280223.7
2020 2 10 7196.2 1889.7 36695.6 10911.2 1064.8 8718.6 0.0 146662.7 52970.4 54.6 27207.0 293370.8
2020 2 11 8310.6 1970.3 39338.9 11529.3 979.9 9209.6 0.0 145585.1 54500.7 52.7 23552.1 295029.1
2020 2 12 7323.8 1908.1 34185.3 11101.4 967.9 8809.6 0.0 143467.9 52590.7 50.5 18537.4 278942.5
2020 2 13 8596.6 1887.1 38597.0 10855.6 909.2 8591.4 0.0 143467.9 50746.9 49.9 28173.9 291875.7
2020 2 14 7455.7 1921.0 35105.2 11137.9 954.4 8758.8 0.0 143467.9 51327.0 55.3 25604.7 285788.0
2020 2 15 7690.4 1912.0 36009.9 11082.7 786.8 8675.0 0.0 138257.6 51298.9 57.3 26103.7 281874.2
2020 2 16 7392.0 1775.0 33347.2 10322.3 814.0 8034.2 0.0 137333.8 46796.8 59.5 21962.1 267836.8
2020 2 17 6589.9 1845.3 33119.9 10775.1 861.7 8356.6 0.0 134636.6 49452.0 53.0 22813.3 268503.5
2020 2 18 8310.6 2034.1 39338.9 11924.9 979.9 9208.1 0.0 145585.1 53984.6 58.8 21428.8 292853.8
2020 2 19 8009.0 1897.5 36807.2 11175.4 866.9 8547.8 0.0 143467.9 50253.7 56.7 16626.4 277708.6
2020 2 20 7793.3 1775.5 35229.5 10650.9 969.4 8124.1 0.0 143467.9 47431.9 52.8 26120.7 281615.8
2020 2 21 8299.7 1837.3 38642.2 11064.1 954.4 8399.6 0.0 145585.1 48816.9 61.2 25845.0 289505.5
2020 2 22 6383.6 1804.4 31004.7 10845.8 814.4 8205.2 0.0 137333.8 47568.5 52.8 23238.6 267251.7
2020 2 23 6948.4 1739.5 33192.3 10490.2 814.0 7895.7 0.0 137333.8 45077.1 53.8 21419.4 264964.2
2020 2 24 7002.6 1793.2 33379.9 10794.0 861.7 8100.3 0.0 138127.3 46960.0 46.2 20269.7 267334.9
2020 2 25 7780.2 1989.3 35776.6 12093.8 967.9 8987.2 0.0 143467.9 52052.3 52.3 19470.4 282638.0
2020 2 26 7767.4 1914.8 35404.2 11151.9 976.7 8150.7 0.0 143467.9 46911.8 45.7 23990.3 279781.3
2020 2 27 7770.2 1712.7 37374.3 10018.9 946.4 7377.0 0.0 143467.9 42726.6 36.7 24469.1 275899.7
2020 2 28 8050.7 1880.3 37263.7 11014.2 934.0 8081.6 0.0 143467.9 46003.5 42.8 24332.9 281071.7
2020 2 29 6791.8 1751.9 32396.4 10385.4 831.7 7720.7 0.0 137333.8 44515.9 36.4 24477.8 266241.7
2020 3 1 5495.8 1723.8 26922.4 10235.1 686.3 7428.2 0.0 137515.0 42702.1 38.3 23482.2 256229.3
2020 3 2 6539.2 1809.4 29776.5 10684.6 744.4 7719.4 0.0 145151.6 44808.1 35.0 20515.9 267784.0
2020 3 3 5219.7 1999.9 29610.0 11823.9 664.3 8503.9 0.0 136607.3 49047.9 39.3 19132.0 262648.0
2020 3 4 4717.3 1931.9 25030.8 10961.5 683.0 7780.6 0.0 139417.6 45110.2 45.8 22844.8 258523.6
2020 3 5 4689.2 1813.0 24950.0 10172.8 683.0 7248.0 0.0 139225.2 42163.0 39.6 23205.2 254188.9
2020 3 6 5413.5 1902.7 28271.6 10775.3 684.5 7662.4 0.0 139729.0 43772.2 43.1 24823.0 263077.4
2020 3 7 5552.3 1756.1 26879.5 10001.3 686.3 7079.0 0.0 137552.2 40747.0 38.1 25643.3 255935.0
2020 3 8 5495.8 1771.3 26922.4 10081.3 686.3 7137.8 0.0 137515.0 40000.3 39.7 24819.0 254469.0
2020 3 9 6539.2 1861.8 29776.5 10522.5 744.4 7390.8 0.0 145151.6 41614.6 38.4 21235.0 264874.8
2020 3 10 6539.2 2002.7 31648.3 11439.5 744.4 8039.1 0.0 145652.1 44324.7 42.4 19013.9 269446.2
2020 3 11 6539.2 1936.8 31648.3 10655.6 744.4 7401.1 0.0 149914.3 40918.9 48.4 24178.4 273985.3
2020 3 12 5489.7 1851.2 29529.1 10073.9 684.5 6974.5 0.0 140357.8 38608.1 42.8 21220.9 254832.5
2020 3 13 5377.4 1892.5 25942.7 10430.2 677.7 7213.0 0.0 139729.0 39457.2 43.9 24859.6 255623.3
2020 3 14 5094.3 1810.3 23558.5 10084.9 604.6 6902.3 0.0 132661.9 37956.0 42.2 27631.2 246346.2
2020 3 15 5094.3 1777.7 23601.4 9970.6 604.6 6773.8 0.0 134360.8 36459.2 42.8 26097.2 244782.5
2020 3 16 5219.7 1877.7 27674.6 10459.7 664.3 7053.2 0.0 132882.0 38174.7 43.5 24397.4 248446.9
2020 3 17 4616.2 2071.6 25030.8 11614.6 659.2 7870.4 0.0 135474.6 41685.5 48.7 20059.6 249131.3
2020 3 18 4717.3 1927.9 25030.8 10703.1 683.0 7220.5 0.0 139417.6 38771.2 44.7 21867.6 250383.6
2020 3 19 4171.5 2013.9 23525.5 11122.9 647.4 7461.7 0.0 136500.8 39989.3 46.1 19888.1 245367.2
2020 3 20 5377.4 1849.8 25942.7 10257.7 677.7 6871.4 0.0 139729.0 36658.8 42.6 25408.2 252815.3
2020 3 21 5368.2 1878.8 26879.5 10543.2 687.0 7022.9 0.0 137552.2 37111.5 43.9 26720.8 253807.9
2020 3 22 5158.2 1839.7 25930.4 10390.7 611.3 6846.6 0.0 134360.8 35858.2 43.7 25059.9 246099.6
2020 3 23 5219.7 1897.5 27674.6 10657.5 664.3 6964.4 0.0 132882.0 36906.9 44.3 26393.4 249304.5
2020 3 24 5247.5 2011.2 27281.0 11481.8 659.2 7540.9 0.0 136607.3 39115.4 47.4 19945.5 249937.2
2020 3 25 5320.8 1913.6 29610.0 10857.4 688.1 6991.2 0.0 140550.3 37059.3 50.2 21479.4 254520.1
2020 3 26 5320.8 1911.2 29529.1 10844.6 684.5 6874.5 0.0 140357.8 36985.3 48.7 20448.8 253005.3
2020 3 27 4778.4 1786.1 25630.2 10211.4 677.7 6400.7 0.0 139875.4 34150.3 43.5 21826.2 245379.9
2020 3 28 4137.8 1813.0 22432.3 9893.0 604.6 6054.8 0.0 129758.3 33230.4 46.5 25599.7 233570.3
2020 3 29 4008.0 1779.1 22549.1 9736.8 611.0 5867.3 0.0 134581.8 32213.0 45.7 23774.7 235166.4
2020 3 30 2843.8 1798.1 16026.8 9825.4 560.6 5882.4 0.0 128930.7 32633.5 46.4 26591.9 225139.7
2020 3 31 2843.8 1932.6 17423.1 10523.8 560.6 6250.2 0.0 131113.8 34901.7 49.6 19455.4 225054.7
2020 4 1 2998.3 1810.7 17728.2 9869.7 567.4 5557.2 0.0 127364.6 32536.2 51.9 21573.0 220057.3
2020 4 2 3040.5 1881.2 17728.2 10136.6 567.4 5568.5 0.0 127364.6 33406.9 52.9 20639.2 220386.0
2020 4 3 3040.5 1767.7 17728.2 9544.2 567.4 5172.1 0.0 128103.5 30585.5 46.8 19561.0 216117.1
2020 4 4 3063.9 1795.6 17728.2 9157.8 584.8 4794.9 0.0 120602.2 29545.6 49.9 23087.6 210410.4
2020 4 5 3544.9 1766.9 18974.5 9029.2 584.8 4709.1 0.0 130378.6 28949.7 50.4 22855.1 220843.3
2020 4 6 4115.4 1763.8 23634.6 9003.2 606.4 4663.1 0.0 125935.9 29015.1 50.2 25136.7 223924.3
2020 4 7 4487.1 1841.4 24511.8 9321.2 632.6 4741.8 0.0 135370.8 29804.8 52.0 18830.0 229593.5
2020 4 8 3552.8 1819.4 18974.5 9062.3 567.4 4445.4 0.0 136861.6 29015.0 57.3 20662.4 225018.2
2020 4 9 3040.5 1735.7 17728.2 8603.4 567.4 4069.4 0.0 133197.7 27445.8 53.4 20690.9 217132.3
2020 4 10 2829.0 1786.7 16168.2 8969.9 550.1 4195.3 0.0 129117.2 27463.5 51.7 17218.6 208350.2
2020 4 11 3063.9 1784.0 17728.2 8348.4 584.8 3660.3 0.0 120602.2 26053.3 54.6 24503.4 206382.9
2020 4 12 3243.1 1723.6 17728.2 8159.8 584.8 3564.6 0.0 130378.6 24800.9 52.6 22647.7 212884.0
2020 4 13 2926.1 1687.7 17728.2 8006.7 567.4 3471.2 0.0 125631.8 24482.3 52.6 26063.3 210617.5
2020 4 14 2977.8 1838.0 17728.2 8636.4 567.4 3689.2 0.0 133566.9 26509.4 56.8 21377.0 216947.1
2020 4 15 3040.5 1810.7 17728.2 8454.9 567.4 3520.9 0.0 127364.6 25654.8 56.1 23050.0 211248.1
2020 4 16 2829.0 1801.7 16461.0 8464.4 567.4 3515.2 0.0 133197.7 25807.3 56.9 23113.2 215813.9
2020 4 17 3092.1 1761.4 17728.2 8341.9 567.4 3441.9 0.0 133962.5 24421.5 52.9 19020.9 212390.9
2020 4 18 3157.7 1817.1 17728.2 8561.3 584.8 3540.4 0.0 128198.5 25639.4 57.4 27697.7 216982.5
2020 4 19 3191.5 1825.5 17728.2 8761.1 584.8 3613.7 0.0 131797.7 25417.8 56.3 24181.9 217158.5
2020 4 20 2714.6 1714.6 16461.0 8244.0 567.4 3361.6 0.0 129531.1 23936.0 53.7 26320.4 212904.5
2020 4 21 2714.6 1854.8 16168.2 8897.1 550.1 3615.4 0.0 133512.8 26161.7 59.4 24171.0 217705.0
2020 4 22 2829.0 1845.1 16168.2 8826.1 550.1 3569.1 0.0 136496.5 25728.0 57.5 25173.8 221243.3
2020 4 23 2829.0 1745.7 16461.0 8591.3 567.4 3385.4 0.0 135482.8 24531.1 54.5 25114.3 218762.6
2020 4 24 2829.0 1777.6 16168.2 8671.8 550.1 3310.4 46.0 128103.5 23870.1 51.7 18200.7 203579.0
2020 4 25 1813.1 1704.0 11914.1 8260.7 515.0 3177.7 47.0 108099.5 23599.7 54.7 31058.9 190244.3
2020 4 26 2980.0 1809.2 16513.2 8989.7 584.8 3443.3 54.7 134289.9 24593.4 54.1 25786.7 219098.9
2020 4 27 2926.1 1651.3 17728.2 7711.5 567.4 2776.8 91.6 125631.8 21358.5 50.7 27319.6 207813.7
2020 4 28 2714.6 1741.2 16168.2 8153.0 550.1 2925.5 98.4 132499.2 22966.5 55.4 25077.8 212949.7
2020 4 29 2066.4 1779.0 12397.0 8259.4 525.7 2905.3 123.3 131791.9 23146.2 55.4 25295.2 208344.9
2020 4 30 1813.1 1708.9 11914.1 8238.6 525.7 2860.0 105.4 132786.3 22709.8 53.7 27944.7 210660.1
2020 5 1 2022.8 1624.8 11902.2 7714.2 548.5 2544.4 146.3 133165.3 20457.7 47.1 20759.1 200932.5
2020 5 2 2048.8 1509.6 11902.2 7195.3 474.1 2396.2 134.0 115474.4 19475.3 47.7 30182.2 190839.9
2020 5 3 2996.7 1825.2 17106.1 8718.8 670.2 2872.0 172.6 129605.8 23143.6 54.6 27698.0 214863.7
2020 5 4 2252.7 1586.8 12438.3 7163.3 545.7 2168.5 221.9 128638.9 18954.7 47.3 25212.7 199231.0
2020 5 5 2048.8 1620.5 11902.2 7339.6 531.9 2212.5 228.6 130986.9 19720.5 50.1 24144.9 200786.5
2020 5 6 2048.8 1764.6 11902.2 7831.8 532.0 2224.5 293.0 133731.6 20837.0 53.6 22806.8 204025.8
2020 5 7 2048.8 1619.2 11902.2 7576.2 545.9 2145.6 255.2 132425.2 19377.2 48.2 26422.8 204366.5
2020 5 8 2048.8 1573.8 11902.2 7134.3 528.7 1829.8 295.1 128416.2 18058.4 45.2 21671.8 193504.2
2020 5 9 2996.7 1456.1 16909.0 6579.3 655.0 1658.3 290.3 115474.4 16793.0 44.0 27070.3 189926.4
2020 5 10 2996.7 1768.6 17106.1 8090.3 669.5 2039.7 350.9 129605.8 20135.4 51.9 29004.4 211819.4
2020 5 11 2048.8 1545.3 11902.2 6697.7 538.6 1453.7 388.1 128638.9 16454.4 44.6 23860.6 193572.9
2020 5 12 2048.8 1526.9 11902.2 6396.9 538.6 1366.7 379.7 130986.9 16272.7 44.8 21947.7 193411.9
2020 5 13 2048.8 1796.9 11902.2 7479.3 545.7 1549.3 465.5 133731.6 19127.3 53.0 20962.4 199662.0
2020 5 14 2048.8 1599.7 11902.2 6843.6 549.4 1449.1 410.9 135788.1 17101.5 47.6 26892.3 204633.1
2020 5 15 2022.8 1541.6 11902.2 6454.7 560.4 1227.3 438.2 133165.3 15843.8 44.1 21250.6 194451.1
2020 5 16 2048.8 1464.6 11902.2 6152.1 490.1 1164.0 424.3 118678.1 15209.2 43.2 24452.8 182029.4
2020 5 17 1738.7 1794.8 12283.3 7562.3 590.7 1475.3 500.1 150010.5 18616.8 52.8 29602.0 224227.4
2020 5 18 1738.7 1576.8 10606.2 6822.4 549.6 1328.0 445.0 137262.0 16309.9 44.9 21677.9 198361.5
2020 5 19 1764.4 1579.6 11902.2 6579.7 553.0 1284.4 432.9 132388.3 16325.7 45.6 19637.0 192492.8
2020 5 20 1738.7 1828.5 10606.2 7615.5 563.7 1463.2 513.1 144316.1 18971.5 53.1 20953.3 208623.0
2020 5 21 1738.7 1622.7 10606.2 6811.0 564.5 1322.9 454.7 141063.0 16772.8 47.7 25428.0 206432.2
2020 5 22 1738.7 1610.7 10606.2 6755.5 565.2 1288.5 455.9 145083.3 16102.5 44.8 18383.4 202634.8
2020 5 23 1738.7 1586.7 10606.2 6611.0 519.6 1246.8 467.4 125252.1 16363.8 46.3 23961.0 188399.6
2020 5 24 2022.8 1841.4 13579.3 7676.5 594.1 1447.8 563.0 143436.5 18633.5 53.0 28883.8 218731.7
2020 5 25 1764.4 1653.8 11902.2 7038.2 553.0 1320.3 524.9 130040.4 16756.5 46.4 20987.7 192587.7
2020 5 26 1764.4 1676.3 11902.2 6839.4 553.0 1258.9 550.0 132388.3 16899.9 46.8 17202.6 191081.8
2020 5 27 1738.7 1884.0 10606.2 7689.5 564.3 1387.2 727.2 144316.1 19347.1 53.2 21421.9 209735.5
2020 5 28 1738.7 1634.4 10606.2 6949.4 565.2 1255.0 747.7 147706.1 16622.6 45.2 25170.3 213040.8
2020 5 29 1738.7 1627.4 10606.2 6898.6 562.3 1262.4 705.9 145083.3 16015.4 41.7 16804.7 201346.7
2020 5 30 1738.7 1555.8 10606.2 6535.2 516.6 1179.4 693.7 131895.2 15819.6 42.4 25030.5 195613.2
2020 5 31 1738.7 1830.3 12283.3 7678.9 591.4 1378.9 868.3 150010.5 18267.9 49.3 26790.0 221487.5
2020 6 1 898.9 1645.4 7388.6 6943.4 455.1 1198.9 792.2 113105.3 16196.3 42.3 21393.6 170060.0
2020 6 2 928.6 1701.1 7388.6 7093.5 455.1 1195.0 882.1 118726.8 16717.3 43.0 21953.6 177084.7
2020 6 3 978.4 1836.1 7388.6 7574.2 455.1 1264.9 978.6 122350.9 17971.4 46.5 21546.1 182390.9
2020 6 4 1324.1 1671.5 7675.0 7218.2 478.6 1197.0 1036.6 123350.0 16069.4 41.3 24174.2 184235.9
2020 6 5 1044.3 1570.1 7173.0 6749.4 444.7 1129.7 937.3 120690.1 14748.5 36.5 19476.5 174000.2
2020 6 6 1116.6 1598.1 7256.5 6669.3 472.6 1100.5 965.7 100952.2 15351.5 139.2 27078.5 162700.7
2020 6 7 1221.5 1887.2 7256.5 7990.2 472.6 1309.6 1198.0 123385.5 17643.6 156.1 24297.7 186818.6
2020 6 8 902.9 1707.5 7388.6 7011.6 455.1 1150.1 1097.4 114134.3 15628.4 135.8 22564.1 172175.7
2020 6 9 1089.1 1757.6 7514.9 7003.2 485.8 1115.9 1166.1 118726.8 16125.1 740.5 22802.3 178527.3
2020 6 10 1082.5 1857.5 7514.9 7341.5 485.8 1157.6 1266.0 122350.9 16892.4 799.7 22029.8 182778.7
2020 6 11 1123.9 1719.4 7514.9 7168.2 485.8 1124.7 1313.4 122350.9 15431.0 739.8 25106.8 184079.0
2020 6 12 993.0 1606.0 7173.0 6627.9 444.7 1044.3 1198.3 119691.0 14081.9 712.1 21778.7 175350.9
2020 6 13 709.8 1662.6 6598.6 6615.3 432.6 1031.3 1239.5 99158.7 14752.9 864.0 28597.9 161663.2
2020 6 14 849.0 1899.7 6598.6 7791.5 433.2 1210.6 1453.7 121592.1 16418.5 1051.6 22729.4 182028.0
2020 6 15 898.9 1743.9 7388.6 6905.6 455.1 1069.3 1328.0 113105.3 14747.2 915.2 23280.4 171837.4
2020 6 16 1101.2 1763.7 7514.9 6816.7 485.8 1047.9 1348.3 118726.8 15052.4 1518.5 23991.8 179368.0
2020 6 17 977.2 1820.2 7514.9 6939.2 480.9 1068.0 1347.3 122350.9 15239.5 1540.7 24620.5 183899.3
2020 6 18 853.9 1821.2 6849.0 7109.1 442.2 1090.3 1344.1 122350.9 15114.1 1721.5 24153.6 182849.9
2020 6 19 833.8 1711.8 6720.9 6600.8 470.5 1015.7 1244.2 119691.0 13946.8 1583.4 22070.0 175888.9
2020 6 20 709.8 1767.4 6598.6 6594.6 432.6 1007.8 1285.7 99158.7 14643.8 1681.4 28530.4 162410.9
2020 6 21 823.4 1942.8 6174.8 7426.4 444.0 1136.1 1426.1 121592.1 15741.8 1964.4 24945.4 183617.3
2020 6 22 953.7 1869.9 7299.8 6929.6 480.9 1058.3 1355.8 112613.8 14838.8 1832.8 23751.7 172985.0
2020 6 23 775.2 1848.1 6274.5 6715.2 440.0 1015.2 1334.8 118235.3 14689.6 2434.8 19375.4 173137.9
2020 6 24 1006.4 2002.9 7299.8 7105.0 480.9 1062.3 1509.3 122350.9 16291.2 2691.7 26663.0 188463.3
2020 6 25 804.8 1873.3 6278.3 6793.8 440.0 1003.2 1467.8 122350.9 15077.9 2934.8 24594.8 183619.6
2020 6 26 990.5 1842.0 7084.2 6695.3 470.5 984.5 1525.5 119691.0 14565.9 2828.8 20334.4 177012.8
2020 6 27 658.5 1819.0 6178.1 6190.5 443.4 888.2 1490.7 99158.7 15777.7 4243.0 27576.6 164424.5
2020 6 28 797.7 1939.0 6178.1 6754.6 444.0 970.0 1621.4 121592.1 16741.9 4947.7 28774.8 190761.1
2020 6 29 817.0 1825.3 7283.7 6387.7 480.9 908.0 1533.7 112613.8 15791.9 4584.7 24316.2 176543.0
2020 6 30 997.6 1809.8 7299.8 6334.4 480.9 886.2 1564.3 118235.3 15655.2 4637.1 18949.5 176850.1
2020 7 1 824.2 1986.7 6349.7 6890.0 453.6 954.1 1871.1 122668.2 17959.1 5588.6 28495.0 194040.2
2020 7 2 837.9 1880.6 6349.7 6715.9 453.6 917.2 1840.0 123459.2 16721.0 6953.0 23060.7 189188.7
2020 7 3 797.2 1871.4 6236.9 6734.1 442.2 917.3 1914.5 120399.7 16342.0 6833.3 18157.0 180645.6
2020 7 4 604.9 1755.6 5718.5 5912.5 425.2 781.7 1789.0 93378.5 16764.3 7213.8 27071.3 161415.3
2020 7 5 737.9 1849.3 5718.5 6349.3 437.1 838.1 1929.4 111744.1 17639.4 8008.3 33851.8 189103.1
2020 7 6 759.2 1815.1 6345.9 6260.3 448.1 817.9 1931.3 111327.9 17334.7 8472.1 25562.7 181075.1
2020 7 7 765.1 1810.5 6138.9 6219.2 448.1 801.2 1966.7 116811.5 17156.4 8224.2 18121.9 178463.7
2020 7 8 811.5 2050.7 6159.2 6740.9 453.6 848.9 2326.9 122668.2 20547.2 9099.4 28212.1 199918.5
2020 7 9 702.7 1883.1 5739.4 6278.4 453.6 774.9 2247.9 120437.5 18794.7 10341.2 24502.8 192156.2
2020 7 10 647.0 1786.8 5556.1 6086.0 433.3 753.5 2181.7 116184.0 17356.9 9514.5 18391.9 178891.7
2020 7 11 555.8 1719.2 5547.2 5477.7 416.3 649.7 2106.2 90215.6 18262.6 9563.4 28181.3 162694.8
2020 7 12 654.3 1852.8 5547.2 6064.0 428.2 719.6 2328.2 109634.7 19563.9 11494.5 33505.3 191792.6
2020 7 13 629.3 1766.6 5552.3 5812.6 439.2 683.7 2258.0 106589.6 18708.1 11631.0 27825.8 181896.3
2020 7 14 624.8 1827.3 5552.3 5987.2 427.8 700.0 2360.2 111756.9 19250.5 11456.5 17753.6 177697.0
2020 7 15 647.3 1908.3 5556.1 6068.4 433.3 709.1 2501.9 116541.5 20826.1 11510.4 26643.1 193345.5
2020 7 16 649.7 1935.2 5556.1 6253.9 433.3 730.9 2587.9 117332.5 21057.9 13673.7 24059.2 194270.3
2020 7 17 662.2 1766.8 5556.1 5798.0 433.3 684.7 2327.2 114641.7 18745.0 12914.3 17815.7 181344.9
2020 7 18 575.2 1670.8 5547.2 5404.0 416.3 634.3 2213.0 88673.3 18193.6 10168.3 29095.8 162591.9
2020 7 19 661.2 1862.3 5547.2 6103.8 439.6 720.8 2496.6 109634.7 19963.1 12729.4 29966.0 190124.5
2020 7 20 592.5 1869.9 5491.4 6141.0 439.2 721.1 2536.6 111834.2 20090.3 13462.7 29628.8 192807.8
2020 7 21 594.9 1842.2 5476.9 6021.6 439.2 704.3 2489.8 112238.5 19789.7 12035.2 17720.4 179352.9
2020 7 22 609.8 1823.0 5556.1 5871.8 444.7 690.3 2490.2 116186.0 19782.6 11867.9 25124.1 190446.5
2020 7 23 612.2 2031.9 5556.1 6554.1 444.7 771.7 2821.4 116977.0 22110.8 14722.2 24845.8 197447.9
2020 7 24 577.1 1708.4 5311.2 5573.9 408.7 658.0 2328.9 111662.6 18094.7 12766.3 18382.1 177471.9
2020 7 25 450.6 1763.3 5187.7 5668.9 391.7 655.6 2428.5 85694.3 19109.9 12330.4 29960.2 163640.9
2020 7 26 536.4 1973.0 5187.7 6446.9 403.6 753.6 2742.3 105113.3 21082.8 15625.0 22363.9 182228.6
2020 7 27 592.5 1942.3 5476.9 6327.3 439.2 739.3 2714.6 108524.4 20888.1 15379.9 30190.0 193214.6
2020 7 28 594.9 1945.7 5476.9 6026.7 439.2 691.4 2648.4 110204.8 20720.0 17399.4 16355.6 182503.0
2020 7 29 549.1 1759.2 5114.4 5506.4 397.3 639.9 2460.5 118562.8 18918.8 16559.3 20884.3 191352.0
2020 7 30 626.0 2026.5 5480.7 6319.0 444.7 730.9 2851.4 117035.1 21984.4 19386.4 24023.5 200908.8
2020 7 31 623.4 1781.8 5495.2 5631.1 444.7 654.9 2479.1 120919.3 18804.4 17742.9 16814.5 191391.3
2020 8 1 435.3 1675.4 4250.3 5288.7 439.0 612.7 2371.7 91626.6 18166.8 15911.2 31373.9 172151.6
2020 8 2 546.7 1865.9 4697.1 5969.3 479.8 700.8 2661.7 108227.9 20067.1 19020.9 19581.7 183818.9
2020 8 3 627.6 1925.4 5343.2 6121.9 556.6 716.7 2748.4 108400.0 20827.0 19622.8 29737.3 196626.9
2020 8 4 526.3 1958.2 4729.2 5886.1 484.0 674.2 2727.0 111140.9 20925.5 22718.8 13255.9 185025.8
2020 8 5 511.5 1787.4 4123.8 5476.1 420.9 627.9 2544.4 115639.5 19350.6 21772.9 17344.3 189599.4
2020 8 6 513.4 1925.9 4180.7 5845.2 420.9 665.3 2735.1 115639.5 20996.2 22731.5 25306.2 200959.9
2020 8 7 638.0 1703.2 5313.7 5232.3 567.4 599.8 2396.9 116063.4 18036.1 20654.3 16885.0 188090.2
2020 8 8 520.4 1592.9 4602.6 4831.9 551.1 540.7 2265.5 93601.2 17171.2 19459.8 31556.7 176693.9
2020 8 9 679.2 1829.5 5662.1 5600.3 573.4 630.0 2623.3 110202.5 19749.3 23197.7 20015.6 190763.1
2020 8 10 578.0 1777.7 5159.7 5419.2 556.6 609.9 2546.1 108400.0 19203.8 22279.1 29747.2 196277.4
2020 8 11 581.7 1874.7 5190.1 5389.3 556.6 595.8 2611.9 113115.5 19895.4 26553.0 14190.1 190554.2
2020 8 12 610.5 1745.1 5532.0 5139.3 567.4 569.8 2490.8 116063.4 18836.2 24532.8 13646.3 189733.6
2020 8 13 666.0 1804.2 5532.0 5196.7 567.4 565.2 2557.2 116063.4 19705.3 24752.3 26220.1 203629.8
2020 8 14 666.0 1744.8 5552.7 5147.4 567.4 572.3 2460.9 116063.4 18511.8 24087.4 16310.3 191684.4
2020 8 15 576.3 1417.3 5153.3 4107.8 551.1 450.7 2009.5 93601.2 15218.1 20124.7 31769.8 174979.8
2020 8 16 679.2 1694.8 5662.1 4923.7 573.4 541.1 2417.8 110202.5 18301.9 24148.8 23039.7 192184.9
2020 8 17 621.2 1666.2 5015.2 4834.2 523.2 532.6 2373.5 108400.0 17929.9 23328.4 28347.9 193572.2
2020 8 18 624.9 1805.9 5111.5 5201.0 523.2 570.1 2568.9 113115.5 19561.3 25587.2 17298.4 191968.0
2020 8 19 668.8 1688.2 5532.0 4904.9 555.5 539.8 2404.0 116063.4 18221.4 23169.5 13740.1 187487.5
2020 8 20 674.7 1677.1 5532.0 4786.9 555.5 518.4 2376.9 116063.4 18301.8 22537.4 27131.6 200155.6
2020 8 21 674.7 1687.5 5552.7 4893.7 555.5 539.1 2367.4 116063.4 17885.4 22828.7 17279.9 190328.0
2020 8 22 498.8 1516.0 5153.3 4324.7 551.1 473.1 2143.4 93601.2 16349.0 20757.9 30638.9 176007.5
2020 8 23 681.7 1723.6 5662.1 4934.6 561.5 541.5 2417.2 110202.5 18571.8 23705.7 25471.1 194473.5
2020 8 24 650.0 1671.8 5353.1 4817.4 544.7 531.0 2327.4 108400.0 17963.3 22306.0 27445.7 192010.3
2020 8 25 653.5 1735.8 5122.9 4951.2 523.2 543.9 2398.4 111735.1 18678.7 23417.8 20703.0 190463.6
2020 8 26 1070.0 1737.6 8526.9 5054.1 645.8 569.9 2274.4 121194.1 18715.4 22084.0 17661.0 199533.1
2020 8 27 1131.3 1750.2 8521.2 5104.3 633.6 572.5 2215.4 121194.1 18918.5 22847.5 25397.6 208286.2
2020 8 28 913.5 1630.0 6902.4 4880.5 624.6 566.7 2060.1 120186.7 16358.8 18918.8 19326.5 192368.5
2020 8 29 814.9 1583.7 6244.9 4736.5 557.1 554.3 2001.9 101029.1 16333.0 17179.1 31859.2 182893.7
2020 8 30 1012.7 1690.3 7493.6 5091.0 619.1 599.2 2088.8 120660.3 17110.4 19109.1 28555.8 204030.2
2020 8 31 1005.4 1701.7 7962.8 5159.7 635.0 607.9 2069.2 112514.1 17277.9 18759.3 26042.5 193735.4
2020 9 1 797.5 1756.4 6230.8 5386.0 548.6 643.5 2139.2 122986.9 17818.3 19689.9 19323.8 197321.1
2020 9 2 933.3 1857.0 7269.3 5757.8 636.7 705.6 2090.9 122986.9 18882.2 19729.8 22740.3 203589.8
2020 9 3 838.1 1715.6 5871.8 5340.8 516.9 651.5 1858.6 124251.7 17296.9 19648.7 24754.8 202745.5
2020 9 4 734.6 1585.1 5085.6 5086.6 514.1 640.7 1704.6 124251.7 14709.7 15694.9 20428.1 190435.9
2020 9 5 617.4 1683.2 4734.1 5282.2 460.6 664.4 1821.0 103444.3 16393.1 15103.8 31111.4 181315.6
2020 9 6 909.6 1782.8 6836.8 5654.4 645.8 717.6 1827.7 120625.6 16681.1 17002.1 31870.1 204553.6
2020 9 7 1099.8 1712.5 7873.8 5408.3 854.1 684.9 1716.7 121727.4 16181.1 16044.9 27661.6 200965.2
2020 9 8 1021.3 1684.3 7747.6 5286.1 878.6 673.0 1641.5 122986.9 15434.0 15490.8 20845.5 193689.6
2020 9 9 933.3 1881.2 7269.3 5819.9 637.2 753.0 1675.0 122986.9 17637.2 15772.1 27527.4 202892.4
2020 9 10 1010.0 1738.4 7149.7 5433.6 633.5 701.5 1482.8 124251.7 16000.5 16603.4 24940.9 199946.2
2020 9 11 982.9 1615.6 6286.0 5275.1 576.9 705.9 1330.6 124251.7 13381.0 12681.1 21019.8 188106.6
2020 9 12 777.7 1650.4 5942.7 5260.4 563.8 703.9 1359.1 103444.3 14373.8 11345.8 29184.1 174606.1
2020 9 13 909.6 1828.6 6836.8 5825.7 656.7 779.8 1454.0 120625.6 15455.9 13839.6 33934.8 202147.1
2020 9 14 1047.9 1739.3 7724.1 5473.4 663.6 732.4 1330.2 121727.4 14720.8 13129.0 26586.1 194874.3
2020 9 15 969.4 1727.1 7597.9 5410.0 668.1 729.9 1277.6 122986.9 14137.7 13123.2 20174.0 188801.7
2020 9 16 1021.3 1927.3 7430.4 5821.1 899.7 785.6 1388.4 122986.9 16253.3 12717.3 27856.6 199087.9
2020 9 17 1098.1 1692.4 7299.4 5181.9 874.8 699.4 1227.3 124251.7 13864.3 12874.5 24469.8 193533.6
2020 9 18 982.9 1728.2 6286.0 5447.2 576.9 735.7 1274.1 124251.7 13850.3 13380.2 18886.9 187400.0
2020 9 19 865.7 1676.5 6071.7 5084.5 808.9 685.6 1207.1 103444.3 13939.3 11222.6 26088.4 171094.4
2020 9 20 1021.3 1832.0 6775.1 5622.9 590.8 760.8 1310.1 120625.6 14828.9 13879.3 31978.2 199225.0
2020 9 21 1099.8 1732.8 7694.5 5224.7 613.8 710.5 1206.7 121727.4 14045.6 13067.9 25501.3 192624.9
2020 9 22 1021.3 1696.9 7621.7 5060.0 617.7 693.3 1151.9 122986.9 13570.3 12767.8 20902.4 188090.2
2020 9 23 1021.3 1856.2 7239.7 5314.0 611.6 754.1 1207.7 122986.9 15242.1 12044.2 25950.4 194228.1
2020 9 24 1098.1 1731.4 7096.8 5110.9 607.8 814.4 1063.4 124251.7 14104.0 12085.4 23742.5 191706.4
2020 9 25 982.9 1752.3 6423.2 5473.0 881.7 878.9 1068.9 124251.7 13778.7 13171.1 17215.5 185877.9
2020 9 26 777.7 1655.0 5942.7 5121.5 563.8 836.9 981.0 103444.3 13461.6 10514.0 25559.2 168857.6
2020 9 27 1021.3 1727.1 6828.7 6087.9 596.9 1263.5 900.2 120625.6 14109.2 10138.3 29278.7 192577.2
2020 9 28 1099.8 1735.1 7694.5 5947.3 613.8 1249.2 856.9 121727.4 14003.4 10012.6 24084.9 189024.9
2020 9 29 1021.3 1779.9 7851.9 6415.8 617.8 1477.4 766.0 122986.9 14629.2 9520.4 21177.2 188243.8
2020 9 30 1751.9 1782.9 10369.2 5932.4 723.3 1245.3 874.9 122986.9 14698.9 9311.8 23765.6 193443.2
2020 10 1 2036.9 1695.5 12192.7 6101.9 640.2 1426.5 729.2 127062.2 14279.9 10419.2 21323.6 197907.8
2020 10 2 904.1 1672.1 6941.3 6287.1 563.4 1470.7 689.5 127062.2 13741.1 11161.6 16764.2 187257.2
2020 10 3 917.2 1629.1 6341.0 6172.3 545.7 1479.0 632.6 108956.3 13897.5 8757.7 25053.6 174382.0
2020 10 4 1051.5 1644.5 7269.9 6933.6 569.7 1872.2 513.6 124264.4 14006.0 7715.4 25065.4 190906.4
2020 10 5 1878.0 1749.6 12189.8 7241.1 637.2 2025.9 444.0 127062.2 14657.7 7282.4 23743.0 198910.9
2020 10 6 1946.9 1770.1 12434.0 7512.1 640.2 2191.1 360.7 127062.2 14908.1 6606.3 19094.5 194526.4
2020 10 7 1997.2 1710.1 12434.0 6923.7 640.2 1937.8 441.3 127062.2 14560.6 6380.5 21847.3 195934.8
2020 10 8 2036.9 1731.8 12192.7 7225.4 640.2 2163.4 324.9 127062.2 14783.4 6206.3 19698.1 194065.3
2020 10 9 2195.6 1695.5 11646.9 7244.8 652.1 2154.2 283.7 127062.2 14111.4 7056.0 16051.7 190154.0
2020 10 10 2338.0 1704.5 11420.3 7333.8 634.4 2192.2 265.7 108956.3 14715.0 5730.3 23940.9 179231.3
2020 10 11 2991.3 1773.3 17771.9 8185.4 704.4 2638.2 381.3 133403.8 15268.8 3880.9 22173.1 209172.5
2020 10 12 3624.3 1881.1 17530.8 8356.8 687.4 2722.8 240.3 131047.6 15988.1 3651.8 20771.3 206502.5
2020 10 13 3271.7 1883.6 18229.0 8467.6 690.4 2814.0 78.5 131047.6 16052.7 3454.7 17251.9 203241.8
2020 10 14 2691.7 1891.1 15238.4 8172.3 694.6 2648.0 292.7 127062.2 16459.9 3597.5 21320.0 200068.3
2020 10 15 2671.4 1780.1 15452.4 7892.5 694.6 2613.6 117.7 127062.2 15148.9 3401.9 18629.2 195464.5
2020 10 16 2614.1 1816.7 15016.9 8018.6 680.3 2642.2 114.1 127062.2 15134.7 3595.8 15138.0 191833.4
2020 10 17 2507.4 1818.7 14163.0 7935.1 662.6 2628.0 103.8 110322.8 16041.4 3064.8 23046.3 182293.8
2020 10 18 2991.3 1963.1 17040.8 8396.1 704.4 2779.6 110.5 133403.8 16711.1 3650.1 21863.8 209614.5
2020 10 19 2453.7 1953.3 14994.2 8246.4 687.4 2761.0 0.0 127062.2 16874.8 3182.1 19735.8 197950.9
2020 10 20 2599.7 1860.0 15238.4 7685.6 690.4 2567.7 78.5 127062.2 15901.1 3517.8 13997.9 191199.4
2020 10 21 2599.7 2072.5 15238.4 8445.3 694.6 2818.7 75.1 127062.2 18413.8 3358.6 22513.4 203292.3
2020 10 22 2741.7 1868.1 15452.4 7670.2 695.2 2587.0 0.0 127062.2 16044.5 3177.9 20275.0 197574.2
2020 10 23 2614.1 1843.2 15748.0 7545.7 680.3 2527.4 0.0 127062.2 15430.9 3210.6 16142.6 192805.0
2020 10 24 3482.4 1835.5 17373.4 7350.8 662.6 2517.0 0.0 117926.6 16473.2 2612.6 24132.0 194366.1
2020 10 25 3379.0 2101.4 20251.2 8413.1 704.4 2997.0 0.0 141007.5 18178.1 3835.2 24277.6 225144.5
2020 10 26 3039.0 1901.6 17530.8 7517.0 687.4 2689.7 0.0 131047.6 17139.9 3101.0 19910.3 204564.2
2020 10 27 3271.7 1783.8 18229.0 7036.5 690.4 2592.9 0.0 131047.6 16079.5 2937.7 14777.0 198446.1
2020 10 28 3574.6 2170.1 18448.8 8686.6 694.6 3483.9 0.0 133143.4 22424.4 4618.9 25069.1 222314.4
2020 10 29 4017.2 1753.3 21183.8 7452.2 752.8 2961.0 0.0 134784.6 18236.5 4308.7 21828.3 217278.4
2020 10 30 4599.0 1716.3 22204.4 7307.3 742.6 2859.3 0.0 146413.0 17424.3 4203.9 18783.5 226253.6
2020 10 31 4109.8 1721.5 20843.9 7209.2 725.9 2923.5 0.0 140063.8 19292.8 3348.1 26786.9 227025.4
2020 11 1 4896.2 1882.4 23277.6 8296.3 658.6 3489.1 0.0 149670.3 20669.0 4986.9 28949.6 246776.0
2020 11 2 4379.2 1700.7 21705.3 7721.1 659.9 3323.7 0.0 129014.3 19919.4 4710.7 23554.6 216688.8
2020 11 3 4283.1 1674.2 22565.8 7785.9 670.6 3470.4 0.0 127909.1 20379.1 4460.2 15296.0 208494.5
2020 11 4 4283.1 1944.3 22991.4 9089.7 701.3 4262.4 0.0 131681.3 25144.9 6659.5 24919.5 231677.3
2020 11 5 4118.1 1724.7 21680.5 8667.7 711.1 4096.1 0.0 141518.1 23320.3 7240.8 21271.0 234348.4
2020 11 6 3678.4 1529.3 19452.8 7740.2 654.4 3636.8 0.0 137272.5 20347.1 6424.2 20815.6 221551.4
2020 11 7 3419.3 1587.4 19196.2 7795.1 588.4 3745.8 0.0 115415.2 22691.4 5544.4 27980.7 207964.1
2020 11 8 3960.8 1760.5 20500.9 8778.0 639.5 4378.5 0.0 149724.3 24242.6 7995.8 27538.3 249519.4
2020 11 9 4911.5 1707.6 24156.4 8891.0 650.9 4547.3 0.0 146943.9 24805.8 8943.2 22109.5 247667.0
2020 11 10 4283.1 1688.9 22417.6 8793.4 670.6 4572.0 0.0 127909.1 25554.3 7420.0 13247.2 216556.2
2020 11 11 5312.6 1819.0 27870.7 9479.9 710.8 5122.1 0.0 162326.7 28527.9 9517.7 23444.1 274131.6
2020 11 12 4613.8 1739.0 23622.4 9555.4 711.1 5183.9 0.0 142426.2 28647.0 10735.7 20081.6 247316.1
2020 11 13 3969.5 1522.1 20536.1 8463.8 654.4 4632.8 0.0 132427.4 24498.3 9859.0 19001.1 225564.5
2020 11 14 3538.1 1655.5 16849.4 8737.8 593.3 4853.2 0.0 119312.1 28361.3 8878.8 28888.2 221667.8
2020 11 15 5249.4 1712.5 24939.7 9248.5 654.4 5284.1 0.0 166255.1 28475.9 11816.7 24839.0 278475.3
2020 11 16 5547.2 1700.4 22709.3 9414.2 640.8 5364.6 0.0 133741.4 28909.2 12146.3 23374.0 243547.4
2020 11 17 4522.3 1741.6 23732.1 9508.4 670.6 5431.4 0.0 133662.3 30713.8 10395.6 13649.2 234027.3
2020 11 18 6004.5 1792.5 25316.0 9616.3 694.0 5570.9 0.0 160345.9 31140.4 11736.8 23195.9 275413.2
2020 11 19 5024.3 1889.0 25731.3 10104.1 715.6 5894.5 0.0 155180.4 31989.2 14083.0 18369.9 268981.3
2020 11 20 4639.1 1670.4 23274.2 9030.2 673.5 5327.5 0.0 155505.2 27913.6 12792.1 18447.4 259273.1
2020 11 21 4446.0 1800.4 20235.1 9218.6 612.4 5477.5 0.0 123497.6 31383.1 11755.0 27771.5 236197.2
2020 11 22 6936.4 1870.4 30701.8 9755.7 747.0 5907.3 0.0 165235.0 31521.8 14898.2 22575.0 290148.4
2020 11 23 6797.9 1893.8 26603.0 9893.0 640.8 5976.1 0.0 157745.3 32703.5 14101.5 22867.7 279222.6
2020 11 24 7004.3 1813.7 27899.3 9498.5 640.8 5848.3 0.0 163872.1 32283.4 11890.5 13479.5 274230.4
2020 11 25 6717.3 1949.6 29684.6 9702.6 694.0 6061.7 0.0 163656.4 35734.0 13189.0 24129.9 291519.2
2020 11 26 6952.0 1909.7 31412.6 9653.2 758.3 6224.2 0.0 170745.1 33803.8 15092.3 16937.7 293488.9
2020 11 27 6550.3 1829.5 28980.0 9923.7 716.2 6716.9 0.0 157022.7 35246.4 10710.3 18539.6 276235.6
2020 11 28 5660.9 1772.9 23345.8 9626.9 700.8 6467.0 0.0 135751.8 35970.6 9993.3 27025.6 256315.7
2020 11 29 6189.9 1842.9 27024.2 10082.2 747.0 6886.9 0.0 161924.5 36670.9 12324.0 25649.5 289342.0
2020 11 30 6797.9 1793.4 26603.0 9760.5 640.8 6671.5 0.0 157745.3 36283.0 10626.0 22640.8 279562.2
2020 12 1 10813.3 1783.9 48363.0 10520.5 961.4 7567.1 0.0 147770.0 39364.5 9288.7 15714.1 292146.4
2020 12 2 10312.6 1897.1 44385.3 10586.1 1021.0 7570.7 0.0 149631.0 42468.9 10465.6 25806.2 304144.7
2020 12 3 9797.2 1748.2 42627.9 9977.1 1044.3 7316.2 0.0 146888.9 37573.3 11879.9 16669.6 285522.6
2020 12 4 10432.1 1830.4 46354.0 11183.0 1044.3 8437.2 0.0 149354.5 43371.6 7616.5 21409.6 301033.1
2020 12 5 9028.8 1679.5 36877.3 10525.3 933.4 7891.3 0.0 132906.6 41975.3 7161.9 26179.6 275159.2
2020 12 6 8935.7 1754.3 38951.7 10948.1 948.0 8271.8 0.0 136038.0 43392.8 8467.6 27994.2 285702.3
2020 12 7 9270.7 1780.4 42528.6 11017.1 981.9 8357.6 0.0 134430.4 44457.0 7656.8 21479.0 281959.3
2020 12 8 11147.4 1807.3 51143.5 11805.5 1221.6 9217.0 0.0 161495.1 47777.9 6121.6 16820.6 318557.5
2020 12 9 10781.0 1816.0 47291.0 11389.3 1081.8 8868.0 0.0 153202.4 49115.5 6460.5 23311.3 313316.9
2020 12 10 9780.3 1732.9 44861.9 11000.2 1113.8 8746.5 0.0 147552.4 46295.8 7091.0 16568.6 294743.5
2020 12 11 11147.4 1795.1 49456.2 11985.1 1055.4 9675.0 0.0 151958.7 50926.1 3285.7 22428.3 313713.1
2020 12 12 10119.4 1593.9 43316.0 11103.2 911.7 8972.4 0.0 133212.5 48027.6 3207.8 27249.2 287713.8
2020 12 13 9712.4 1661.7 43472.3 11494.5 958.3 9323.0 0.0 139733.9 49529.9 3682.5 27619.4 297187.8
2020 12 14 9270.7 1681.5 44452.0 11579.0 1210.6 9443.6 0.0 148892.6 50469.8 3627.2 21262.3 301889.2
2020 12 15 11147.4 1824.9 51903.1 12837.3 1221.6 10569.2 0.0 161495.1 56026.8 2784.6 18689.3 328499.3
2020 12 16 11147.4 1698.8 49057.8 11932.5 1200.1 9804.5 0.0 159570.1 53101.7 2487.0 22477.3 322477.3
2020 12 17 11147.4 1665.7 50248.1 11667.9 1089.5 9625.8 0.0 154641.7 51857.9 2788.1 18312.6 313044.7
2020 12 18 9780.3 1680.0 42310.5 11729.7 1073.8 9658.9 0.0 142812.3 52304.9 2492.8 24664.0 298507.3
2020 12 19 9633.2 1590.3 41178.2 11022.4 924.1 9082.8 0.0 134973.2 49871.2 2452.6 27294.6 288022.7
2020 12 20 9554.9 1647.9 42507.3 11400.0 980.8 9440.4 0.0 138660.1 51211.6 2675.9 25967.4 294046.4
2020 12 21 8555.3 1706.0 34046.8 11727.8 871.3 9681.8 0.0 129442.6 53280.8 2424.6 23586.5 275323.6
2020 12 22 10312.6 1721.2 44835.9 11880.4 961.4 9890.4 0.0 146904.0 53847.5 2182.2 20668.7 303204.3
2020 12 23 10813.3 1732.1 47857.6 11880.5 1003.5 9902.4 0.0 150497.0 54680.8 2025.8 20123.1 310516.1
2020 12 24 9780.3 1733.8 42851.2 11866.8 1107.9 9913.0 0.0 144230.4 54899.9 2237.6 18161.6 296782.4
2020 12 25 9780.3 1686.5 44070.0 11527.5 1079.8 9593.1 0.0 143917.3 53060.0 1998.1 24566.4 301279.0
2020 12 26 8600.2 1576.7 35545.1 10769.1 933.4 8944.8 0.0 131485.1 49672.1 1934.4 25218.7 274679.5
2020 12 27 11155.4 1588.3 49683.0 10899.4 1140.4 9084.0 0.0 153176.3 49718.3 2010.3 25797.4 314252.7
2020 12 28 9980.3 1633.9 43794.9 11680.2 1123.7 9517.5 0.0 146967.5 49692.7 1241.8 22964.2 298596.7
2020 12 29 11663.6 1578.1 50708.0 11383.2 1113.3 9316.5 0.0 158819.4 48599.1 1408.2 21603.8 316193.2
2020 12 30 11147.4 1740.5 50856.2 12567.5 1214.3 10255.0 0.0 161495.1 53677.0 1288.4 21314.3 325555.6
2020 12 31 11147.4 1652.3 51599.5 11825.3 1105.7 9684.6 0.0 161158.1 51014.4 1408.5 19741.6 320337.4
