year month house_pred houseCooking_pred houseJHeating_pred salesOne_pred salesTwo_pred bizHeating_pred bizCooling_pred industry_pred heatFacility_pred heatCombined_pred CNG_pred pred_sum
2019 1 202463.6 47902.9 1097990.4 310717.8 27914.5 257919.7 0.0 4381464.8 1451435.4 346.6 639210.6 8417366.4
2019 2 181234.2 44744.5 942452.3 269895.8 24458.9 217935.5 0.0 3788826.9 1308114.2 901.8 575768.4 7354332.4
2019 3 132786.9 49000.5 741050.0 290953.7 20521.8 201703.0 0.0 4008741.2 1097098.7 899.3 630070.3 7172825.5
2019 4 74121.0 45302.1 483047.5 231675.6 16588.7 103168.9 419.1 3642374.9 693637.1 1085.4 618009.1 5909429.5
2019 5 46235.2 43652.1 333487.7 197020.4 14451.9 44619.5 12426.2 3853539.2 505838.7 979.4 627696.6 5679946.7
2019 6 29025.4 45629.4 276656.7 184192.2 16481.8 30407.3 35525.2 3239199.8 436346.9 31330.2 636245.7 4961040.4
2019 7 20031.7 48989.5 196064.7 166100.4 14291.1 21474.5 63229.6 3191025.4 571030.4 263155.0 673978.0 5229370.4
2019 8 20087.3 44851.3 194260.3 145281.3 18514.1 17844.3 69733.8 3208454.5 534547.9 421921.1 615137.1 5290633.2
2019 9 29048.6 45395.4 232993.8 149935.3 23511.8 22587.3 37234.6 3263653.6 427246.9 221929.4 656122.7 5109659.4
2019 10 74674.7 49339.7 486316.4 215686.6 20371.4 71937.5 3596.1 3625531.9 493133.6 78462.9 597878.8 5716929.6
2019 11 126855.9 47125.2 671218.2 257932.9 19309.8 152571.9 0.0 3974412.5 850979.0 228231.6 605857.8 6934494.7
2019 12 249005.6 47749.1 1235308.1 314027.8 31435.7 262250.5 0.0 4238779.9 1455381.1 92671.8 668228.3 8594837.6
2020 1 247134.6 57314.9 1182145.2 365632.4 29989.8 293192.1 0.0 4611865.0 1573038.8 537.7 746877.7 9107728.4
2020 2 227675.5 54503.4 1065801.3 322432.9 27022.9 251545.8 0.0 4186552.9 1464498.4 1415.3 701132.0 8302580.4
2020 3 158145.1 58143.1 812238.1 327036.7 20662.9 220426.6 0.0 4271114.9 1213134.5 1355.6 717618.3 7799875.9
2020 4 89463.7 53350.2 517252.9 261275.5 17026.1 115264.7 566.3 3887222.5 789155.9 1613.5 703372.5 6435564.0
2020 5 62218.0 51127.5 375693.9 221430.4 17330.8 50200.6 13544.6 4158765.7 554787.0 1480.3 736273.4 6242852.4
2020 6 28262.2 53520.4 211768.2 208095.9 13829.1 32441.0 38251.7 3504383.7 467943.9 47608.9 711457.6 5317562.7
2020 7 20106.7 57466.5 175085.4 189244.8 13452.8 23048.7 72169.4 3459051.4 592562.9 364667.3 756566.3 5723422.2
2020 8 21051.9 53588.1 174371.3 159249.6 17041.7 17932.9 74255.1 3434473.7 573138.8 678104.4 716879.5 5920087.0
2020 9 29467.2 52263.6 209081.8 164545.4 19654.4 24078.4 41194.1 3607072.0 453482.4 411606.4 748560.3 5761006.0
2020 10 83147.0 56391.4 468242.3 234966.2 20790.7 76685.5 6277.6 3962769.2 498380.0 151026.4 641005.4 6199681.8
2020 11 154686.1 52918.3 725015.1 273831.9 20222.2 154424.6 0.0 4375437.0 857851.2 300927.4 660589.1 7575903.0
2020 12 315895.8 53019.2 1397134.0 353711.6 32632.1 283622.2 0.0 4553312.1 1521262.7 131854.3 691663.5 9334107.6
