year month date house_pred houseCooking_pred houseJHeating_pred salesOne_pred salesTwo_pred bizHeating_pred bizCooling_pred industry_pred heatFacility_pred heatCombined_pred CNG_pred pred_sum
2019 1 1 6511.3 1278.2 34907.8 8522.4 943.2 6972.0 0.0 139623.4 38745.7 9.0 19221.0 256733.9
2019 1 2 5740.9 1401.0 32697.1 9779.5 874.0 7949.0 0.0 134366.2 43626.3 10.0 17549.3 253993.4
2019 1 3 6255.9 1342.4 34888.9 9122.5 874.0 7455.6 0.0 143295.0 41741.3 8.0 19894.0 264877.7
2019 1 4 5740.9 1400.0 32139.8 9367.8 874.0 7632.8 0.0 128461.9 41796.3 8.5 16343.8 243765.9
2019 1 5 5543.6 1347.9 26586.5 9058.9 833.6 7393.9 0.0 119825.9 41091.0 8.0 18769.0 230458.4
2019 1 6 6006.4 1454.3 31260.0 9882.2 833.6 8082.3 0.0 130684.6 46308.3 10.8 26529.5 261052.0
2019 1 7 5912.0 1590.5 32122.5 10607.2 874.0 8649.4 0.0 130255.1 48301.2 9.0 21715.8 260036.7
2019 1 8 5924.5 1672.9 32982.6 11243.5 874.0 9197.7 0.0 134899.6 50968.7 9.8 22102.2 269875.4
2019 1 9 6515.2 1454.3 35172.5 9799.1 874.0 8020.0 0.0 144015.5 44656.0 10.0 19214.0 269730.6
2019 1 10 6620.5 1478.5 38899.3 9689.8 949.7 7973.1 0.0 149994.6 44558.3 8.5 19083.2 279255.5
2019 1 11 6775.0 1499.0 37987.2 9875.0 893.2 8097.0 0.0 148586.9 44383.3 9.3 15702.7 273808.7
2019 1 12 6551.3 1383.1 33418.5 9096.7 893.2 7493.3 0.0 134838.7 42371.6 8.2 21334.2 257388.8
2019 1 13 6450.6 1446.3 34898.0 9645.1 893.2 7945.6 0.0 147527.0 45610.1 10.6 25462.1 279888.6
2019 1 14 6157.8 1634.0 33351.1 10690.1 949.7 8792.3 0.0 139932.8 49133.8 9.3 20898.1 271549.2
2019 1 15 6562.6 1667.4 37322.6 10932.9 868.4 9079.8 0.0 143165.4 50723.3 10.2 22535.8 282868.4
2019 1 16 6255.9 1562.2 34730.3 10190.3 874.0 8474.7 0.0 145576.3 46971.8 10.3 18028.1 272673.8
2019 1 17 6624.4 1476.4 35473.5 9505.4 874.0 7924.5 0.0 145616.9 44418.2 9.0 19012.0 270934.3
2019 1 18 6645.2 1659.0 36147.8 10660.4 868.4 8872.2 0.0 144523.1 48390.8 10.0 13834.0 271610.8
2019 1 19 6548.1 1454.0 38481.2 9237.0 949.7 7745.1 0.0 140102.3 44666.8 9.1 24596.9 273790.2
2019 1 20 6450.6 1582.0 35058.4 10129.3 893.2 8483.0 0.0 145833.9 48428.1 11.2 24022.1 280891.8
2019 1 21 6157.8 1734.9 33351.1 11029.0 949.7 9174.3 0.0 139932.8 51619.2 10.2 21849.8 275808.8
2019 1 22 6473.4 1696.3 37604.5 10674.5 949.7 9012.2 0.0 147543.1 51029.9 14.1 23636.4 288634.2
2019 1 23 7095.7 1605.0 39651.7 10110.8 893.2 8538.5 0.0 155960.6 47820.0 14.3 19198.9 290888.8
2019 1 24 7261.1 1583.8 41079.6 9872.2 893.2 8328.4 0.0 157861.0 46696.4 11.7 18688.6 292276.0
2019 1 25 6806.3 1619.2 38204.1 10168.3 893.2 8588.6 0.0 152103.0 47373.0 14.0 15107.6 280877.2
2019 1 26 6467.4 1486.9 35292.7 9349.8 893.2 7907.3 0.0 134838.7 45748.0 13.3 25609.2 267606.6
2019 1 27 6474.7 1696.6 37456.8 10762.2 893.2 9035.1 0.0 145833.9 51176.1 15.4 23394.7 286738.7
2019 1 28 6299.3 1669.5 37750.1 10460.3 949.7 8762.7 0.0 139932.8 51119.9 14.2 23467.4 280425.9
2019 1 29 6505.9 1781.3 37604.5 11068.2 949.7 9330.3 0.0 147543.1 53869.6 17.9 22862.1 291532.6
2019 1 30 6834.3 1595.4 36779.9 10014.8 893.2 8462.9 0.0 149872.3 48740.0 17.7 19703.3 282913.8
2019 1 31 7031.8 1650.6 39082.1 10172.7 893.2 8546.0 0.0 154344.9 49352.3 14.7 19844.8 290933.1
2019 2 1 7165.4 1554.0 37299.6 9542.2 881.5 8096.8 0.0 143299.8 45741.3 16.7 16673.2 270270.5
2019 2 2 6922.6 1524.6 33143.2 9408.1 881.5 7946.4 0.0 138884.0 46895.0 15.4 26042.8 271663.4
2019 2 3 6796.0 1804.2 36245.5 11240.2 881.5 9423.8 0.0 138884.0 53785.3 19.4 22597.2 281677.1
2019 2 4 6741.1 1630.8 29390.8 9551.5 881.5 7888.0 0.0 139061.8 49407.2 43.0 23130.0 267725.5
2019 2 5 7167.8 1630.8 33814.9 9551.5 881.5 7888.0 0.0 142644.7 49407.2 43.0 23130.0 276159.3
2019 2 6 7293.7 1630.8 34013.0 9551.5 881.5 7888.0 0.0 143465.2 49407.2 43.0 23130.0 277303.7
2019 2 7 7293.7 1706.9 40298.9 10219.4 881.5 8512.5 0.0 143465.2 50223.2 17.7 21359.8 283978.8
2019 2 8 7039.5 1496.1 36843.9 8947.5 881.5 7461.1 0.0 143299.8 43984.9 19.3 17338.6 267312.2
2019 2 9 6796.0 1474.0 38001.6 8894.2 895.0 7395.5 0.0 141481.6 45398.0 17.2 25789.0 276142.2
2019 2 10 6568.5 1678.6 35913.8 10254.7 864.7 8460.1 0.0 129083.1 50257.2 22.2 22472.8 265575.6
2019 2 11 5964.1 1644.7 31616.6 9907.4 865.9 8145.8 0.0 131429.0 50121.9 40.7 23431.7 263167.8
2019 2 12 6263.6 1661.8 33796.8 9932.0 878.1 8140.5 0.0 136990.9 48948.7 42.7 20154.4 266809.5
2019 2 13 6427.4 1627.4 33874.4 9830.8 878.1 8011.3 0.0 136990.9 47988.1 40.7 18962.7 264631.8
2019 2 14 6263.6 1633.4 33436.2 9779.3 878.1 7943.2 0.0 136990.9 48137.1 36.7 20944.8 266043.2
2019 2 15 6263.6 1529.6 32826.4 9205.0 878.1 7383.8 0.0 136990.9 44104.2 37.3 15777.0 254996.0
2019 2 16 6077.6 1432.7 30000.5 8595.0 865.2 6924.0 0.0 133624.7 43883.2 30.0 24585.4 256018.4
2019 2 17 5949.7 1582.6 31017.1 9564.7 864.7 7700.4 0.0 129083.1 47856.1 43.3 23303.3 256965.0
2019 2 18 5999.4 1698.6 32760.7 10260.9 865.9 8165.1 0.0 131429.0 49599.7 38.0 20842.3 261659.6
2019 2 19 6463.0 1584.6 34959.8 9472.3 878.1 7558.2 0.0 136990.9 45740.9 42.0 19545.2 263235.0
2019 2 20 6427.4 1634.1 33874.4 9786.1 878.1 7769.6 0.0 136990.9 46351.0 40.7 17483.2 261235.5
2019 2 21 6263.6 1585.2 32440.9 9538.5 878.1 7509.4 0.0 136990.9 45035.7 34.0 18166.6 258442.8
2019 2 22 6427.4 1538.0 33161.6 9347.3 878.1 7306.9 0.0 136990.9 43032.2 38.0 14534.6 253255.1
2019 2 23 5807.4 1376.0 27109.2 8347.1 864.7 6549.2 0.0 129083.1 40933.1 30.7 22146.4 242246.9
2019 2 24 6031.9 1576.7 33678.8 9640.8 864.7 7506.9 0.0 129083.1 46294.3 42.0 22836.2 257555.3
2019 2 25 6128.0 1770.9 30416.7 10842.0 865.9 8371.5 0.0 131429.0 49676.2 38.7 18248.6 257787.4
2019 2 26 6427.4 1566.9 34132.0 9477.4 878.1 7298.6 0.0 136990.9 42601.9 25.4 20071.4 259470.2
2019 2 27 6463.0 1608.0 34702.1 9745.5 878.1 7473.8 0.0 136990.9 41956.9 22.4 15621.9 255462.7
2019 2 28 6463.0 1562.6 33682.9 9463.0 878.1 7217.0 0.0 136990.9 41346.4 21.6 17449.3 255074.8
2019 3 1 5256.4 1551.0 27558.6 9090.9 760.6 6587.2 0.0 136985.6 38478.3 36.3 26949.3 253254.3
2019 3 2 4642.1 1326.7 22758.7 8132.0 605.2 6032.2 0.0 118457.7 36615.3 19.4 20926.0 219515.3
2019 3 3 4423.8 1668.7 24560.3 10288.2 606.0 7565.6 0.0 125782.3 44561.4 23.9 21571.2 241051.5
2019 3 4 4186.7 1618.2 23056.9 9895.9 652.8 7274.0 0.0 129034.2 43164.2 24.4 21668.2 240575.6
2019 3 5 4249.3 1576.4 24977.8 9321.6 685.7 6830.6 0.0 131617.2 39614.8 30.0 23958.9 242862.1
2019 3 6 5026.8 1744.2 29209.9 10155.8 694.6 7440.9 0.0 131617.2 40225.6 27.3 17042.0 243184.2
2019 3 7 5258.1 1620.0 29664.8 9419.7 760.6 6893.8 0.0 136985.6 37675.6 25.8 18272.6 246576.5
2019 3 8 5018.6 1447.2 27582.1 8478.6 760.6 6193.8 0.0 136985.6 34532.2 24.7 18455.4 239478.8
2019 3 9 4404.3 1417.9 22406.1 8423.2 605.2 6125.2 0.0 118457.7 34160.3 23.6 18648.7 214672.0
2019 3 10 4642.1 1536.7 23370.3 9169.1 605.2 6607.1 0.0 125782.3 37438.9 26.2 22510.4 231688.3
2019 3 11 5122.5 1627.5 28305.2 9805.1 801.1 7047.1 0.0 134402.7 39131.2 29.3 21989.6 248261.2
2019 3 12 4937.8 1711.4 30264.5 10067.8 685.7 7155.2 0.0 136985.6 38284.4 33.7 21680.7 251806.6
2019 3 13 4338.3 1725.7 27621.1 9985.7 694.6 7068.3 0.0 131617.2 37048.8 31.1 19587.6 239718.4
2019 3 14 4467.8 1697.2 27153.0 9792.0 694.6 6999.9 0.0 131617.2 36365.4 30.9 18536.9 237354.9
2019 3 15 4321.3 1480.8 23435.5 8614.3 694.6 6062.2 0.0 131617.2 32470.6 27.6 20479.1 229203.1
2019 3 16 3764.8 1476.4 18970.0 8811.9 606.0 6136.8 0.0 118216.9 31981.3 27.0 17423.1 207414.4
2019 3 17 3522.0 1442.1 21622.2 8535.9 617.7 5902.0 0.0 125541.6 32215.9 28.2 22622.1 222049.8
2019 3 18 3529.6 1721.7 22743.4 10327.2 652.8 7131.3 0.0 126424.3 37780.8 34.4 23487.6 233833.1
2019 3 19 3348.9 1725.9 21740.3 10348.4 705.3 7109.6 0.0 129007.3 36936.4 31.3 21037.1 231990.5
2019 3 20 4082.5 1797.4 27281.9 10668.4 694.6 7308.4 0.0 131617.2 38225.3 33.2 22644.3 244353.1
2019 3 21 4338.3 1555.4 27153.0 9182.0 694.6 6329.7 0.0 131617.2 32988.4 28.9 19767.7 233655.3
2019 3 22 4321.3 1575.0 25475.7 9447.1 694.6 6423.9 0.0 131617.2 33056.9 27.9 18875.9 231515.4
2019 3 23 4343.6 1490.8 21115.6 8957.0 606.0 6049.0 0.0 118216.9 31317.9 26.9 18209.6 210333.2
2019 3 24 4118.8 1564.7 21727.2 9388.2 606.0 6302.0 0.0 125541.6 32855.7 27.8 20264.2 222396.2
2019 3 25 4316.1 1679.3 25097.1 10181.4 652.8 6872.1 0.0 129034.2 35698.5 32.6 21606.4 235170.5
2019 3 26 4249.3 1635.7 27018.0 9917.9 685.7 6625.4 0.0 131617.2 34588.3 36.0 21142.4 237515.8
2019 3 27 4082.5 1664.3 27281.9 10107.7 694.6 6663.4 0.0 131617.2 35175.6 35.0 21916.8 239238.9
2019 3 28 3467.9 1447.7 24871.3 8893.8 704.8 5795.3 0.0 129007.3 30621.7 29.3 17916.2 222755.2
2019 3 29 2870.4 1475.9 19082.9 8635.0 714.2 5211.5 0.0 126723.7 28628.8 29.6 17228.6 210600.5
2019 3 30 2560.9 1408.0 16260.3 7932.8 505.7 4726.3 0.0 115506.6 26620.7 28.3 17719.3 193269.0
2019 3 31 2252.9 1590.6 15372.8 8978.9 505.7 5233.3 0.0 122831.3 28639.5 28.7 15932.4 201366.2
2019 4 1 2490.2 1673.1 17270.7 9497.1 548.1 5461.5 0.0 125617.4 31250.3 34.6 20594.4 214437.4
2019 4 2 2680.9 1588.8 17316.4 9021.4 548.1 5136.4 0.0 125617.4 29636.6 36.9 20386.3 211969.3
2019 4 3 2465.4 1697.1 17370.7 9634.0 559.4 5403.8 0.0 125617.4 31507.8 38.4 21632.7 215926.7
2019 4 4 2397.3 1466.2 15510.5 8310.4 550.9 4533.8 0.0 125617.4 26812.6 32.1 17700.6 202931.7
2019 4 5 3004.3 1419.0 19804.5 7529.0 709.6 3666.7 0.0 125617.4 23826.1 32.8 17896.3 203505.6
2019 4 6 3278.2 1437.4 20728.1 7412.3 613.8 3619.9 0.0 119975.9 23341.2 31.4 17613.3 198051.7
2019 4 7 3749.1 1615.2 21283.5 8279.2 613.8 3975.1 0.0 124878.9 24818.0 31.7 15766.0 205010.5
2019 4 8 2684.4 1619.6 19059.5 8205.8 706.8 3975.3 0.0 125617.4 25631.4 35.8 19209.7 206745.7
2019 4 9 2397.3 1686.2 15675.8 8622.1 548.1 4110.3 0.0 125617.4 26295.8 40.9 18739.3 203733.3
2019 4 10 2332.8 1533.9 16003.7 7891.4 581.6 3635.9 0.0 125617.4 24352.1 37.9 19935.1 201921.7
2019 4 11 2397.3 1570.0 15510.5 8171.4 550.9 3727.4 0.0 125617.4 24284.7 36.1 17320.4 199186.1
2019 4 12 2367.1 1481.0 15460.3 7218.8 542.6 3055.3 0.0 125617.4 21674.8 36.3 20107.6 197561.2
2019 4 13 2252.4 1383.5 15460.3 6797.6 524.3 2885.7 0.0 119453.3 20162.6 33.2 17970.1 186923.0
2019 4 14 3038.3 1521.4 19439.2 7500.5 613.8 3153.8 0.0 124356.3 21050.0 33.2 15996.8 196703.3
2019 4 15 2206.6 1532.3 15630.1 7363.1 548.1 3116.2 0.0 125617.4 22491.8 39.3 23500.7 202045.7
2019 4 16 2680.9 1577.9 17316.4 7751.7 548.1 3266.5 0.0 125617.4 22680.9 38.2 21283.7 202761.8
2019 4 17 3034.4 1485.1 18990.3 7350.9 559.4 3074.7 0.0 125617.4 22302.1 40.0 25079.9 207534.3
2019 4 18 2397.3 1450.8 15510.5 7250.5 550.9 3014.8 0.0 125617.4 21011.6 36.3 20808.9 197648.9
2019 4 19 2650.7 1432.2 17374.5 7128.6 564.8 2971.4 0.0 125617.4 21282.4 38.0 23489.3 202549.4
2019 4 20 2563.2 1305.0 17374.5 6536.0 546.5 2736.0 0.0 119453.3 19966.1 36.6 23582.6 194099.7
2019 4 21 2394.8 1471.7 15620.9 7529.1 476.9 3104.2 0.0 124356.3 20731.9 34.6 18648.4 194368.8
2019 4 22 2245.4 1496.8 14647.0 7532.9 478.0 3121.0 0.0 125617.4 22385.1 41.4 26654.9 204220.0
2019 4 23 2346.0 1518.1 15439.0 7734.6 570.3 3204.0 0.0 125617.4 22411.9 39.3 23924.3 202805.0
2019 4 24 2332.8 1575.4 15935.2 8281.1 522.3 3337.6 0.0 125617.4 22467.7 37.1 21450.6 201557.2
2019 4 25 1633.5 1430.7 11567.8 7559.5 456.5 3008.6 0.0 125617.4 20769.2 35.1 20239.7 192318.0
2019 4 26 1603.3 1335.3 11340.0 6989.3 448.2 2810.4 0.0 125617.4 19725.9 34.9 22307.3 192212.1
2019 4 27 2258.0 1329.8 15528.0 7287.0 546.5 2870.8 0.0 119453.3 19971.2 34.8 22036.2 191315.6
2019 4 28 2394.8 1530.4 15108.4 6745.6 476.9 2265.0 130.5 124356.3 18984.8 31.9 16876.1 188900.7
2019 4 29 1602.7 1544.1 11331.5 7145.4 431.4 2437.5 133.4 125617.4 20701.7 38.2 23596.1 194579.4
2019 4 30 1395.1 1594.3 10820.1 7399.2 431.4 2489.1 155.2 125617.4 21108.7 38.3 23661.8 194710.6
2019 5 1 1548.9 1636.4 11004.6 7980.1 493.6 2765.7 135.1 125349.9 21393.1 35.9 20637.6 192980.8
2019 5 2 1452.5 1379.1 10555.5 6786.4 493.6 2295.1 123.5 125349.9 18422.6 31.4 18485.7 185375.4
2019 5 3 2414.4 1262.7 14843.1 6196.2 501.8 2119.1 108.1 123622.6 16963.8 29.4 17869.6 185930.9
2019 5 4 2552.3 1426.3 14528.6 7260.3 481.9 2408.5 142.4 112803.7 19560.6 35.3 22828.0 184027.9
2019 5 5 1743.9 1177.9 11330.9 4997.5 464.2 983.3 333.6 120021.2 13676.2 27.7 20271.3 175027.6
2019 5 6 1636.6 1282.5 11160.4 5665.7 481.8 1117.6 379.1 123045.8 14592.7 30.2 21043.3 180435.7
2019 5 7 1646.3 1630.1 11679.0 6921.7 481.8 1709.1 334.1 124293.9 19650.8 38.2 24416.9 192801.9
2019 5 8 1437.1 1440.9 10924.1 6460.7 493.6 1594.2 290.5 125349.9 17424.8 31.1 19326.3 184773.2
2019 5 9 2771.8 1351.0 15738.7 6278.2 501.8 1551.9 273.8 125349.9 16623.3 30.2 18381.9 188852.5
2019 5 10 2637.7 1224.1 15087.6 5669.7 501.8 1363.5 264.7 123622.6 14996.7 27.7 18124.8 183520.9
2019 5 11 1283.7 1343.0 8770.0 6338.6 464.2 1548.0 299.8 112803.7 16784.9 32.7 22135.8 171804.2
2019 5 12 1492.3 1282.5 10389.1 5665.7 464.2 1117.6 379.1 120021.2 14592.7 30.2 21043.3 176478.0
2019 5 13 1469.3 1335.6 10522.5 5675.5 481.8 1114.4 370.0 123045.8 14839.2 29.6 18982.8 177866.3
2019 5 14 1562.5 1620.6 9975.5 6909.4 481.8 1352.2 460.3 124293.9 18297.5 38.8 26714.3 191706.9
2019 5 15 1422.5 1436.4 10856.7 6411.5 493.6 1278.2 411.3 125349.9 15858.9 30.7 18910.3 182460.0
2019 5 16 1636.5 1359.6 11485.5 6089.7 493.6 1230.2 395.8 125349.9 15039.7 29.6 17682.7 180792.6
2019 5 17 1315.6 1271.4 10891.7 5763.2 493.6 1162.9 379.8 123622.6 14215.1 28.1 18415.3 177559.4
2019 5 18 1396.3 1342.9 9864.8 6020.9 464.2 1214.7 410.5 112803.7 15446.8 33.6 23438.3 172436.6
2019 5 19 1499.6 1434.5 11528.3 6649.4 464.2 1347.6 428.6 120021.2 15690.9 29.4 16945.9 176039.6
2019 5 20 1483.0 1358.5 9778.1 6006.7 481.8 1212.4 397.6 123045.8 15125.1 30.7 19371.2 178290.8
2019 5 21 1306.9 1610.7 9630.3 7090.8 481.8 1421.9 477.8 124293.9 18149.5 38.7 25974.1 190476.3
2019 5 22 1106.9 1445.1 9000.0 6507.3 493.6 1313.9 425.8 125349.9 15836.3 31.0 18453.6 179963.3
2019 5 23 1130.3 1396.5 9112.4 6238.8 493.6 1279.1 409.0 125349.9 15118.5 29.7 15829.6 176387.3
2019 5 24 1315.6 1392.9 10891.7 6283.7 493.6 1280.5 424.8 123622.6 15513.3 30.9 20509.8 181759.3
2019 5 25 1145.9 1416.9 9346.4 6292.5 464.2 1279.7 430.3 112803.7 15879.3 33.6 21743.8 170836.2
2019 5 26 1254.1 1530.0 9402.5 7008.7 464.2 1429.6 459.1 120021.2 16566.0 31.3 17420.4 175587.0
2019 5 27 1038.9 1438.7 7959.0 6289.8 481.8 1250.8 459.6 131274.1 15935.6 32.4 20088.7 186249.4
2019 5 28 1052.3 1679.8 8886.9 7281.2 481.8 1402.5 798.2 132522.3 18868.5 38.9 26228.9 199241.2
2019 5 29 1079.9 1386.9 9566.2 6236.3 493.6 1178.5 775.2 133578.3 15364.0 28.9 20233.7 189921.4
2019 5 30 1118.7 1397.2 9112.4 6086.4 493.6 1162.8 732.1 125349.9 14734.1 26.9 16328.9 176542.9
2019 5 31 1090.4 1361.5 9124.9 5958.2 493.6 1134.2 716.6 123622.6 14678.4 26.9 19859.9 178067.2
2019 6 1 716.6 1446.7 7905.1 6314.8 463.4 1166.0 747.1 94417.8 15539.4 30.9 22056.8 150804.7
2019 6 2 782.2 1552.9 7905.1 6812.2 463.4 1263.4 800.3 106905.7 16003.0 28.0 17363.1 159879.3
2019 6 3 1026.3 1459.3 9333.0 6325.1 492.8 1144.0 790.2 106046.7 15586.8 29.7 22193.0 164426.8
2019 6 4 1206.1 1668.1 9654.3 7150.9 495.1 1260.8 1113.0 111074.1 17552.8 32.9 22741.3 173949.6
2019 6 5 1182.6 1442.2 9654.3 6398.7 495.1 1091.9 1121.4 111194.5 14885.3 25.9 19288.8 166780.9
2019 6 6 1182.6 1390.8 9654.3 6124.1 495.1 1008.0 1275.5 111194.5 14496.3 23.3 26615.0 173459.6
2019 6 7 1191.4 1433.9 9375.9 6042.2 495.1 1031.7 1061.2 110535.4 14266.2 23.7 19671.8 165128.5
2019 6 8 945.0 1404.3 8732.5 6046.2 463.4 1033.0 1032.4 94417.8 14440.3 27.7 22823.6 151366.2
2019 6 9 843.0 1436.4 7637.0 5907.4 463.4 1019.3 1021.1 106905.7 14086.6 25.0 20623.1 159968.0
2019 6 10 1098.0 1508.8 9856.5 6050.6 585.0 1016.9 1092.6 106046.7 14921.8 631.0 23300.0 166108.0
2019 6 11 1079.5 1747.4 9856.5 7033.0 585.0 1172.1 1327.8 111074.1 16774.4 698.9 21281.2 172630.0
2019 6 12 1126.5 1511.2 9856.5 6369.5 585.0 1052.4 1283.7 111194.5 14369.0 610.2 20594.4 168553.0
2019 6 13 1126.5 1407.8 9856.5 5905.7 585.0 975.2 1178.8 111194.5 13067.2 606.7 16737.2 162641.1
2019 6 14 1052.8 1450.1 8681.2 5918.5 492.8 972.9 1203.6 110535.4 13600.6 554.0 21085.4 165547.4
2019 6 15 716.6 1420.0 7905.1 5985.2 463.4 977.4 1209.4 94417.8 13613.1 718.9 23126.7 150553.6
2019 6 16 883.6 1438.7 6825.4 5811.4 450.9 951.2 1170.2 106905.7 13203.8 579.8 21449.3 159670.0
2019 6 17 1078.9 1520.0 9856.5 6003.6 585.0 981.6 1218.9 106046.7 14066.9 1199.1 23541.8 166098.9
2019 6 18 788.8 1669.0 7927.7 6591.7 488.8 1082.0 1322.4 109896.9 14950.6 1264.7 21373.9 167356.5
2019 6 19 966.3 1570.8 9461.4 6287.2 488.8 1023.6 1243.0 111194.5 14073.1 1376.7 20071.9 167757.3
2019 6 20 1002.2 1436.3 9333.0 5759.2 492.8 938.9 1134.0 111194.5 12773.0 1286.4 17043.0 162393.3
2019 6 21 961.8 1432.6 8409.9 5614.8 488.8 903.6 1132.1 110535.4 13028.7 1078.2 22791.0 166376.9
2019 6 22 787.2 1506.1 6503.1 6039.9 450.9 972.9 1194.9 94417.8 13565.4 1322.2 21375.8 148136.3
2019 6 23 660.2 1696.3 6444.3 6647.5 450.9 1072.8 1295.5 106905.7 14552.1 1176.7 19186.8 160088.6
2019 6 24 892.6 1575.9 9461.4 6027.2 488.8 964.7 1190.8 104869.5 13861.8 1788.9 22270.0 163391.6
2019 6 25 938.8 1753.2 9461.4 6655.9 488.8 1056.8 1388.0 109896.9 15477.4 1889.6 26303.6 175310.3
2019 6 26 1079.2 1591.6 9461.4 6112.1 585.0 959.0 1304.8 111194.5 13880.7 1950.2 20868.1 168986.7
2019 6 27 1126.5 1511.1 9856.5 5775.5 585.0 873.1 1396.6 111194.5 13014.9 1982.4 17621.9 164938.1
2019 6 28 1044.6 1485.6 8409.9 5160.7 585.0 764.3 1360.6 110535.4 15064.4 3180.8 22641.3 170232.7
2019 6 29 707.5 1498.0 6503.1 5342.5 450.9 794.7 1387.0 94417.8 15090.4 3866.2 21726.4 151784.4
2019 6 30 883.6 1664.2 6825.4 5978.8 450.9 883.2 1528.3 106905.7 16540.6 3321.7 18479.4 163461.8
2019 7 1 762.7 1517.4 7520.6 5577.5 473.4 817.6 1429.0 103691.7 15171.6 4231.9 21462.3 162655.7
2019 7 2 791.1 1758.3 7688.0 6374.2 473.4 926.6 1723.4 110243.3 17764.3 4168.3 28146.7 180057.5
2019 7 3 813.2 1599.4 7150.1 5882.9 473.4 838.9 1635.2 111890.0 16030.0 5314.0 21152.0 172778.8
2019 7 4 873.4 1621.6 8631.2 5926.1 489.3 809.9 1816.5 114980.1 16001.5 5301.3 15551.7 172002.6
2019 7 5 873.4 1453.1 8589.8 4804.9 489.3 641.5 1633.9 110012.5 16616.4 5592.9 21983.0 172690.8
2019 7 6 651.8 1370.3 5731.0 4625.3 463.5 617.5 1570.1 92102.0 15693.3 6328.6 21487.1 150640.5
2019 7 7 707.4 1632.3 6075.0 5529.6 463.5 738.6 1848.6 107425.8 18377.3 6497.2 18474.3 167769.6
2019 7 8 753.7 1492.8 6755.6 5047.0 473.4 671.0 1702.7 103691.7 16915.5 6348.9 21514.7 165366.8
2019 7 9 780.5 1818.8 8201.8 6087.3 489.3 801.7 2167.5 103223.5 20869.9 6979.7 30137.8 181557.7
2019 7 10 607.2 1623.3 5879.1 5469.6 463.2 705.9 2030.6 110922.0 18583.3 7728.5 23734.7 177747.3
2019 7 11 595.8 1570.8 5034.9 5406.1 454.1 699.6 2008.1 104515.1 17469.3 6997.0 15088.0 159838.9
2019 7 12 615.1 1452.9 5174.3 4703.7 454.1 584.4 1874.5 104089.6 17714.1 7049.2 22806.0 166517.9
2019 7 13 550.5 1400.6 5145.6 4644.3 454.1 571.7 1873.7 82049.8 17203.8 8946.7 21762.2 144603.1
2019 7 14 568.1 1593.0 5263.6 5346.3 454.1 668.6 2077.6 96146.0 19065.9 8533.4 17382.0 157098.5
2019 7 15 610.5 1550.4 5761.5 5152.0 454.1 638.2 2058.1 101721.2 18851.3 8602.6 22800.1 168200.2
2019 7 16 588.0 1722.9 5192.7 5701.6 454.1 716.1 2309.0 103223.5 21025.6 9064.5 26287.9 176285.8
2019 7 17 694.4 1694.6 6795.4 5654.6 489.3 709.2 2318.8 104515.1 20750.9 10527.8 26039.6 180189.7
2019 7 18 696.5 1504.1 6795.4 5108.7 489.3 646.2 2034.9 104515.1 17950.4 9734.5 15919.9 165394.8
2019 7 19 618.4 1439.4 6039.2 4840.2 468.2 611.9 1945.0 109622.1 17511.8 6966.2 20502.7 170565.0
2019 7 20 553.8 1428.8 5862.5 4835.1 468.2 606.8 1989.0 83787.2 17435.1 9460.3 21195.1 147621.8
2019 7 21 581.8 1682.9 6026.7 5759.0 468.2 731.3 2281.9 97883.3 20025.7 9582.7 17682.8 162706.3
2019 7 22 608.6 1590.2 6161.2 5355.8 467.5 672.0 2180.5 100820.3 19330.5 8619.3 24263.2 170069.1
2019 7 23 591.3 1659.3 5923.1 5599.1 467.5 713.7 2275.0 102322.6 19961.2 9025.8 21895.1 170433.7
2019 7 24 574.4 1781.8 5753.9 5964.2 466.9 758.9 2494.2 110047.7 21718.1 10793.1 27833.6 188186.7
2019 7 25 577.7 1429.5 5872.5 4849.3 465.4 619.5 1960.7 108944.2 16921.3 8921.8 14659.3 165221.2
2019 7 26 586.5 1481.5 5905.5 4925.2 465.4 616.5 2097.1 106723.8 17913.6 8123.5 20811.0 169649.6
2019 7 27 482.7 1516.8 4784.1 5023.2 466.9 619.9 2184.7 83787.2 18437.7 11476.7 22793.6 151573.4
2019 7 28 510.7 1713.2 4948.3 5696.1 466.9 710.4 2409.5 97883.3 20326.1 10422.2 18299.4 163386.2
2019 7 29 500.0 1625.2 4702.5 5293.7 456.6 647.9 2385.5 99258.2 19652.2 13303.7 26800.2 174625.6
2019 7 30 538.7 1550.4 4978.1 5219.5 465.4 653.9 2324.1 100760.4 18672.0 13495.8 18245.2 166903.5
2019 7 31 575.7 1714.2 5872.5 5698.6 465.4 708.7 2590.3 108944.2 21070.7 15016.7 27266.9 189923.9
2019 8 1 529.1 1481.1 5842.4 5066.1 563.2 643.7 2264.8 106343.2 17581.2 13375.1 13441.4 167131.4
2019 8 2 584.9 1319.5 6146.9 4386.3 597.5 543.9 2038.1 106343.2 16022.7 10388.6 18924.3 167296.0
2019 8 3 556.5 1429.6 6299.0 4680.5 623.3 575.3 2197.3 86758.9 17424.1 13589.7 21665.4 155799.7
2019 8 4 470.1 1651.7 5625.3 5470.0 563.2 676.8 2530.6 98689.3 19750.6 13805.8 18610.4 167843.7
2019 8 5 459.4 1604.6 4906.3 5141.9 498.4 622.7 2527.0 102394.2 19498.4 18031.5 26868.9 182553.3
2019 8 6 458.6 1556.8 4906.3 5256.6 498.4 645.9 2548.7 103710.2 18933.3 18217.0 18562.1 175293.9
2019 8 7 529.1 1584.2 5790.1 5214.0 557.8 634.6 2548.7 106976.6 19474.4 17502.0 26274.1 187085.6
2019 8 8 584.9 1456.9 6108.1 4997.6 597.5 615.7 2387.8 107160.2 17190.7 15563.1 11614.9 168277.3
2019 8 9 624.8 1225.3 6397.0 4129.4 623.3 497.3 1991.3 109204.3 14828.1 12154.7 16603.6 168279.0
2019 8 10 556.5 1419.7 6299.0 4670.1 623.3 558.2 2272.5 86758.9 17361.6 16052.8 22501.2 159073.9
2019 8 11 576.2 1461.8 6273.2 4950.1 612.6 599.6 2384.1 98689.3 17587.2 15171.2 17587.7 165892.8
2019 8 12 611.2 1519.7 6294.9 4685.3 606.1 554.7 2364.7 102147.9 18311.2 20835.7 25021.2 182952.6
2019 8 13 610.3 1571.2 6150.1 5040.1 606.1 608.4 2509.5 103978.1 18780.5 21098.5 19335.6 180288.5
2019 8 14 624.8 1553.2 6266.9 4838.9 606.1 575.5 2445.8 110351.9 18665.3 19676.7 25328.0 190933.0
2019 8 15 624.8 1261.9 6282.2 3935.0 602.3 470.5 1977.4 109718.6 15099.0 16745.6 18556.0 175273.2
2019 8 16 624.8 1135.3 6282.2 3705.0 612.6 453.4 1842.0 109718.6 13392.4 8576.6 12337.3 158680.2
2019 8 17 553.2 1321.0 5810.2 4134.5 543.9 494.7 2096.2 86758.9 16020.9 11419.3 21491.7 150644.4
2019 8 18 572.9 1405.0 5885.9 4535.4 543.9 553.7 2269.6 98689.3 16703.3 11230.1 16901.3 159290.5
2019 8 19 611.2 1492.4 6294.9 4615.1 606.1 554.7 2367.8 102147.9 18218.0 13339.3 25655.6 175902.9
2019 8 20 607.0 1501.9 5847.1 4672.7 543.9 568.2 2367.8 101968.4 17889.1 13175.7 20719.4 169861.4
2019 8 21 621.5 1540.9 5823.2 4846.6 543.9 593.3 2462.5 105203.6 18223.1 11748.7 21051.7 172659.1
2019 8 22 624.8 1421.6 6282.2 4463.3 602.3 545.5 2239.8 109718.6 16772.2 12149.8 17126.1 171946.1
2019 8 23 621.5 1285.5 6086.6 4111.9 612.6 512.3 2088.5 105203.6 15197.7 9656.5 14925.1 160301.9
2019 8 24 553.2 1371.2 5810.2 4236.4 543.9 515.7 2172.4 86758.9 16547.1 11702.7 21590.7 151802.4
2019 8 25 733.7 1424.0 6765.1 4522.1 596.9 561.1 2301.3 98689.3 16913.8 11036.6 17695.6 161239.6
2019 8 26 960.8 1507.2 8737.5 4674.6 651.7 572.5 2409.6 104894.9 18216.2 12412.1 23836.0 178873.1
2019 8 27 990.6 1560.7 8770.7 4925.2 651.7 612.1 2369.1 111309.5 18836.7 12840.2 24352.9 187219.5
2019 8 28 847.3 1631.6 7648.6 5385.6 651.7 677.0 2298.3 111133.0 19481.0 12700.7 22034.1 184489.0
2019 8 29 983.0 1421.6 9074.3 4820.6 651.7 619.7 1877.4 112557.7 15517.5 9990.9 16197.0 173711.4
2019 8 30 989.0 1394.5 8929.4 4752.3 780.0 619.4 1829.3 109861.2 15303.7 8225.6 18246.3 170930.8
2019 8 31 744.8 1339.7 6817.8 4418.2 596.9 568.4 1754.1 94417.8 14806.9 9508.0 20081.4 155053.9
2019 9 1 606.0 1462.8 5628.2 4918.2 462.9 647.7 1900.6 109808.9 15937.7 9496.0 19593.9 170463.0
2019 9 2 951.3 1554.8 8014.0 5122.3 642.6 667.7 2039.4 116325.6 17265.6 10714.8 24989.9 188288.1
2019 9 3 779.0 1717.3 7128.7 5717.3 638.3 758.3 2065.0 114883.5 18826.4 11301.6 27047.8 190863.2
2019 9 4 614.9 1563.4 6597.3 5366.1 638.3 712.0 1699.9 114883.5 17018.9 10741.8 21747.1 181583.1
2019 9 5 781.1 1422.6 7482.6 5067.3 684.1 691.5 1416.9 117283.2 13729.4 8064.1 14800.4 171423.3
2019 9 6 762.6 1537.0 7075.2 5319.6 551.0 726.7 1518.2 117489.4 15384.4 7298.1 22934.3 180596.5
2019 9 7 1014.6 1412.7 8282.2 4762.2 904.9 647.5 1366.6 91986.6 13877.4 8486.1 22246.0 154986.9
2019 9 8 1063.5 1549.8 8634.8 5282.9 912.0 721.9 1484.7 103807.7 15014.9 7846.3 20198.0 166516.3
2019 9 9 951.3 1499.4 8014.0 5025.2 642.6 681.8 1454.0 116003.4 14753.5 8345.8 22700.3 180071.4
2019 9 10 981.9 1705.3 8014.0 5586.0 672.6 768.6 1507.7 118321.8 17077.2 8828.0 30510.7 193973.7
2019 9 11 1016.0 1482.7 9160.6 4873.6 1110.8 668.7 1255.7 117084.9 14766.0 9146.5 24908.9 185474.4
2019 9 12 843.0 1313.0 8051.1 3989.4 990.9 568.0 953.1 90001.9 11766.3 6468.9 22913.7 147859.3
2019 9 13 796.1 1313.0 8086.9 3989.4 992.4 568.0 953.1 87523.5 11766.3 6468.9 22913.7 145371.3
2019 9 14 582.8 1313.0 7429.8 3989.4 727.3 568.0 953.1 83214.7 11766.3 6468.9 22913.7 139927.0
2019 9 15 854.3 1643.9 8634.8 5420.6 770.8 769.9 1271.1 105965.9 14496.2 6428.7 19938.2 166194.3
2019 9 16 874.6 1565.2 7733.6 5100.9 630.7 720.8 1198.9 114844.7 13878.2 6963.1 21862.1 175372.9
2019 9 17 1048.8 1733.7 9692.0 5452.8 1136.7 768.0 1289.2 116945.9 15819.1 6941.6 30189.8 191017.5
2019 9 18 1016.0 1459.0 9160.6 4644.7 1110.8 654.5 1091.0 117084.9 13007.2 6714.4 22121.8 178064.9
2019 9 19 1137.1 1391.4 9160.6 4475.6 1110.8 630.8 1047.6 117397.3 12209.9 7214.5 18891.8 174667.3
2019 9 20 817.4 1364.1 6320.6 4248.4 469.7 598.9 1002.7 116351.0 12417.4 5565.2 23200.4 172356.0
2019 9 21 709.0 1436.3 5406.3 4553.0 468.8 642.9 1070.7 90056.8 12614.7 7425.6 20661.9 145046.0
2019 9 22 1063.5 1653.5 8634.8 5296.8 912.0 746.8 1223.3 103807.7 14271.6 6855.0 17260.1 161725.0
2019 9 23 1055.3 1537.0 8129.9 4836.3 630.7 678.4 1121.6 114844.7 13441.9 6786.9 19845.2 172907.8
2019 9 24 905.2 1745.9 7733.6 5346.2 613.7 766.6 1227.8 117113.2 15561.9 6669.4 26100.6 183784.0
2019 9 25 1016.0 1608.7 9160.6 4940.7 1110.8 740.5 1102.5 117084.9 14213.3 6520.0 22400.9 179899.0
2019 9 26 928.0 1526.8 9160.6 4866.3 1031.8 748.3 1031.7 117397.3 13101.5 7365.5 16763.9 173921.7
2019 9 27 1096.6 1498.8 9196.5 4778.8 1144.4 758.9 997.0 114063.2 13167.9 5428.0 19131.0 171261.0
2019 9 28 780.4 1336.8 5406.3 5279.9 506.7 1249.4 614.1 90198.0 12291.4 5176.8 18547.6 141387.1
2019 9 29 752.3 1554.7 5758.9 5987.3 510.6 1371.6 719.8 102712.2 14009.2 5158.1 17092.6 155627.2
2019 9 30 2444.2 1492.7 17008.8 5698.3 1076.6 1344.4 657.7 114844.7 13795.1 5041.1 21696.6 185100.0
2019 10 1 2191.8 1599.5 16113.0 5994.6 651.0 1348.6 733.2 117739.3 14719.6 6008.1 22469.6 189568.1
2019 10 2 1399.8 1574.7 11776.8 6000.5 651.0 1418.9 650.7 119676.8 14525.7 5709.4 21412.1 184796.4
2019 10 3 1008.3 1616.1 9081.8 8046.3 651.0 2632.5 0.0 95393.3 15968.2 1544.3 21571.5 157513.4
2019 10 4 881.5 1494.5 6762.4 6008.3 603.7 1456.6 589.1 117022.9 14018.6 4623.8 18709.7 172171.0
2019 10 5 1802.1 1345.8 12942.4 6514.9 628.9 1937.2 318.6 93626.9 13143.0 3876.4 16405.6 152541.7
2019 10 6 2004.4 1518.6 13504.1 7148.9 628.9 2135.3 308.8 107615.5 14607.7 3790.5 16840.6 170103.4
2019 10 7 2227.9 1494.2 16004.0 6918.1 651.0 2096.9 280.9 116657.5 14444.6 3360.9 19883.1 184019.2
2019 10 8 2191.8 1496.7 16113.0 6840.8 651.0 2056.8 299.2 117739.3 14553.9 3211.9 19628.4 184782.8
2019 10 9 1693.5 1616.1 10758.5 8046.3 651.0 2632.5 0.0 96044.0 15968.2 1544.3 21571.5 160526.0
2019 10 10 2377.9 1430.2 15381.0 6467.5 651.0 1984.9 212.6 124256.7 13542.3 3992.9 15399.3 185696.2
2019 10 11 2766.3 1455.6 17512.5 6703.2 651.0 2058.8 203.2 126079.4 14423.9 3059.4 19275.2 194188.5
2019 10 12 2762.7 1441.7 15946.6 7053.2 628.9 2346.3 0.0 106583.1 14225.6 1703.3 18290.8 170982.0
2019 10 13 2804.8 1724.2 17929.3 8099.0 628.9 2657.4 0.0 128374.9 16787.7 1747.4 16760.1 197513.7
2019 10 14 2292.0 1617.6 14344.1 7460.6 651.0 2471.3 0.0 113989.1 15771.1 1770.7 20260.0 180627.5
2019 10 15 2364.1 1664.8 15058.2 7512.7 651.0 2484.7 0.0 120354.6 16455.1 1678.0 21342.3 189565.4
2019 10 16 2340.5 1615.3 15400.7 7261.6 651.0 2409.1 0.0 118512.5 15623.9 1714.7 16836.9 182366.1
2019 10 17 2377.9 1505.7 15381.0 6627.7 651.0 2231.0 0.0 124256.7 14252.1 1881.4 14782.7 183947.1
2019 10 18 2295.3 1550.3 14898.8 6778.6 651.0 2285.7 0.0 115858.6 15567.4 1533.9 20396.7 181816.2
2019 10 19 2090.1 1572.4 13515.2 6690.9 628.9 2271.7 0.0 97370.0 15135.7 1991.3 20517.9 161784.1
2019 10 20 2333.9 1811.0 15236.5 7691.7 628.9 2582.7 0.0 113820.7 17774.1 1836.5 18447.7 182163.8
2019 10 21 2292.0 1601.2 14265.4 6652.2 651.0 2254.8 0.0 117768.7 15701.6 1786.5 20528.0 183501.4
2019 10 22 2146.0 1859.1 13709.3 7620.2 651.0 2579.0 0.0 120354.6 18612.2 1857.6 25440.1 194829.0
2019 10 23 2340.5 1597.5 15400.7 6493.1 651.0 2219.8 0.0 118512.5 15639.8 1736.7 19356.9 183948.4
2019 10 24 2848.9 1505.6 17994.6 6109.5 651.0 2082.0 0.0 130697.9 14244.4 1828.1 14478.1 192440.0
2019 10 25 2766.3 1572.8 17512.5 6310.2 651.0 2183.3 0.0 115858.6 16002.7 1399.6 21562.6 185819.6
2019 10 26 2561.0 1743.1 16207.9 6934.1 628.9 2427.7 0.0 107724.8 16593.2 2161.9 19564.9 176547.6
2019 10 27 3006.5 1833.3 17929.3 7318.0 628.9 2545.7 0.0 128374.9 18238.1 1670.9 18272.7 199818.2
2019 10 28 2964.6 1594.6 17222.5 6236.9 651.0 2224.4 0.0 116660.6 15927.2 1517.5 19159.0 184158.3
2019 10 29 3871.2 1954.1 22423.0 8209.1 651.0 3634.1 0.0 126031.6 23356.6 2930.3 27317.7 220378.7
2019 10 30 3889.0 1451.0 22360.7 6715.3 651.0 2985.3 0.0 155453.0 18444.1 2491.5 18685.1 233125.9
2019 10 31 4182.2 1482.4 21102.5 7222.4 651.0 3302.3 0.0 148986.1 18865.6 2502.9 12712.2 221009.4
2019 11 1 3791.0 1479.3 22179.3 7072.1 659.4 3234.0 0.0 131842.8 20164.4 1893.9 22000.9 214317.2
2019 11 2 3086.9 1611.0 17907.2 7648.7 654.9 3477.4 0.0 108509.6 20374.3 2524.9 17997.6 183792.5
2019 11 3 3334.0 1639.6 19527.5 7818.0 621.0 3523.7 0.0 130171.5 21294.6 2360.5 18471.2 208761.6
2019 11 4 3778.6 1525.2 22006.8 7258.1 653.7 3378.5 0.0 122598.5 20753.3 2269.0 21233.3 205455.0
2019 11 5 3911.9 1770.8 22286.2 8971.1 659.4 4793.8 0.0 127535.8 26674.6 6167.0 24771.4 227542.1
2019 11 6 3854.2 1508.1 22098.7 8573.5 659.4 4639.5 0.0 129743.8 25120.3 6351.2 20389.2 222938.0
2019 11 7 2934.8 1442.5 18429.1 8773.4 659.4 4809.0 0.0 129284.3 24182.1 5376.8 10933.0 206824.3
2019 11 8 3417.4 1486.5 16925.1 8617.7 659.4 4746.0 0.0 128293.6 25921.3 4655.8 19099.8 213822.6
2019 11 9 3086.9 1445.5 17907.2 8046.4 610.7 4392.3 0.0 107713.9 23570.9 6080.8 18498.7 191353.2
2019 11 10 3334.0 1581.8 19527.5 9032.7 621.0 5027.3 0.0 130171.5 26457.6 7070.8 18635.1 221459.2
2019 11 11 3770.9 1475.4 20890.4 8071.4 653.7 4516.3 0.0 122598.5 25641.2 5703.4 23435.6 216756.7
2019 11 12 3795.5 1623.0 22337.0 8997.7 659.4 5190.0 0.0 126743.5 28737.2 8389.5 21047.1 227519.9
2019 11 13 4099.7 1575.5 23305.5 9303.9 659.4 5397.5 0.0 131855.0 29864.1 9099.5 21308.4 236468.6
2019 11 14 4130.0 1442.4 23963.8 8840.8 659.4 5206.5 0.0 136313.3 26959.7 7984.9 11237.3 226737.9
2019 11 15 3795.2 1526.1 21198.8 8830.8 659.4 5245.9 0.0 133577.8 29738.6 7357.8 20499.1 232429.6
2019 11 16 3073.7 1398.7 18440.8 7931.0 654.9 4781.3 0.0 118936.6 26485.0 9263.3 19334.8 210300.0
2019 11 17 3341.7 1537.2 19851.8 8972.7 621.0 5367.7 0.0 130171.5 29077.3 9207.2 17443.7 225591.7
2019 11 18 4215.3 1491.9 19867.5 8240.0 653.7 4921.4 0.0 126325.3 29500.3 7812.8 25650.6 228678.9
2019 11 19 3943.2 1551.9 19009.9 8604.6 659.4 5196.9 0.0 132036.9 29811.4 9626.2 23235.9 233676.3
2019 11 20 4091.9 1689.8 22189.1 9371.0 659.4 5684.8 0.0 138933.8 31978.4 11293.5 23601.9 249493.8
2019 11 21 4491.2 1582.8 21563.2 8993.6 659.4 5529.0 0.0 151540.2 29340.2 9931.8 13542.3 247173.9
2019 11 22 4620.6 1550.7 25747.4 8176.5 659.4 5081.4 0.0 136977.3 29842.4 9452.9 24264.4 246373.0
2019 11 23 5514.6 1629.6 26675.6 8815.8 654.9 5542.7 0.0 136564.5 30189.3 11954.9 19656.2 247198.2
2019 11 24 5772.3 1668.3 28024.3 8995.0 654.9 5590.9 0.0 148381.1 31618.2 10477.4 21828.0 263010.4
2019 11 25 5413.2 1542.0 27393.0 8072.7 653.7 5033.1 0.0 136147.1 29763.8 9112.5 24120.6 247251.6
2019 11 26 5845.0 1696.1 26919.5 8588.0 659.4 5446.7 0.0 147130.2 33453.4 10817.8 26936.4 267492.7
2019 11 27 5878.2 1778.9 28049.9 9241.6 659.4 6258.8 0.0 161339.1 33880.4 11927.4 20827.2 279841.1
2019 11 28 5439.9 1732.9 27568.2 10004.2 659.4 7341.5 0.0 158703.5 38402.0 7669.2 15244.8 272765.7
2019 11 29 5058.1 1520.4 25972.9 8631.8 659.4 6275.5 0.0 139846.5 35320.0 7308.2 22748.7 253341.5
2019 11 30 5511.9 1621.1 25871.9 9438.3 654.9 6942.5 0.0 136564.5 36862.6 9090.3 17864.6 250422.5
2019 12 1 7857.5 1565.1 36965.4 9339.4 917.5 6883.2 0.0 136932.9 37147.0 6594.5 19993.0 264195.4
2019 12 2 7819.2 1496.7 36739.2 8909.9 986.8 6615.1 0.0 140126.1 36642.7 6680.8 23472.1 269488.4
2019 12 3 8443.8 1665.0 40468.4 9498.8 1013.3 7051.8 0.0 141385.4 41052.5 8201.1 28858.8 287638.9
2019 12 4 8443.8 1669.9 40536.8 9888.4 987.9 7784.8 0.0 141385.4 39618.4 8937.7 16800.4 276053.4
2019 12 5 8593.3 1724.4 41170.4 11137.0 1030.1 9221.9 0.0 141385.4 47494.9 5013.3 17710.7 284481.4
2019 12 6 7668.6 1469.2 38278.4 9512.2 1030.1 7773.1 0.0 141385.4 42149.7 4675.2 21939.1 275881.0
2019 12 7 8608.2 1539.7 39222.4 10099.1 946.6 8316.5 0.0 139019.8 43658.1 5518.2 17954.8 274883.3
2019 12 8 8704.7 1578.5 42090.4 10197.7 946.6 8332.2 0.0 139019.8 45575.3 4259.3 23247.3 283951.9
2019 12 9 7687.5 1471.2 38313.2 9591.1 1021.3 7881.0 0.0 140126.1 43627.3 4498.4 23912.7 278129.9
2019 12 10 8088.0 1614.1 40009.9 10146.1 1030.1 8348.7 0.0 141385.4 48094.7 5028.7 27221.7 290967.2
2019 12 11 7668.6 1648.4 39434.9 10610.4 1030.1 8943.6 0.0 141385.4 48537.1 5262.3 19435.3 283956.2
2019 12 12 7668.6 1708.8 39826.2 11473.7 1030.1 9785.5 0.0 141385.4 52891.3 1648.0 19372.6 286790.2
2019 12 13 8088.0 1473.5 39751.9 10173.4 1030.1 8674.8 0.0 141385.4 47761.1 1453.2 19465.6 279257.0
2019 12 14 7335.7 1445.3 34883.1 9990.2 959.8 8538.9 0.0 136932.9 46823.2 1681.8 17848.9 266439.8
2019 12 15 7891.6 1497.3 37076.7 10233.5 959.8 8724.8 0.0 136932.9 48912.7 1436.8 22095.4 275761.5
2019 12 16 8175.0 1525.8 41792.6 10377.3 1133.9 8859.7 0.0 144690.7 50593.5 1753.7 25640.4 294542.7
2019 12 17 8635.7 1586.1 44473.4 10746.7 1142.7 9189.2 0.0 148191.5 51993.8 1536.0 24244.1 301739.1
2019 12 18 7668.6 1559.9 39434.9 10592.4 1030.1 9085.6 0.0 141385.4 51151.7 1662.7 21420.2 284991.4
2019 12 19 8593.3 1575.8 41170.4 10717.0 987.9 9185.2 0.0 141385.4 51361.0 1612.1 20287.6 286875.6
2019 12 20 8281.7 1523.2 39823.7 10296.8 987.9 8827.6 0.0 141385.4 49535.6 1443.0 19486.0 281590.9
2019 12 21 7397.8 1360.8 35332.9 9170.3 942.9 7880.2 0.0 136932.9 45069.6 1643.6 20243.8 265974.8
2019 12 22 7763.6 1584.0 36965.4 10569.0 942.9 9069.5 0.0 136932.9 52109.3 1457.7 24220.9 281615.2
2019 12 23 7819.2 1473.6 37372.8 9774.6 979.1 8409.4 0.0 140126.1 48578.9 1645.2 22794.1 278972.9
2019 12 24 7838.6 1630.5 38449.3 10750.8 1030.1 9278.4 0.0 141385.4 53254.9 1636.2 23698.4 288952.6
2019 12 25 7668.6 1467.8 36682.2 10171.1 989.6 8485.7 0.0 141385.4 45535.7 695.2 20624.8 273706.1
2019 12 26 7668.6 1588.5 38482.1 10507.7 1030.1 9071.8 0.0 141385.4 51822.2 1598.5 21428.6 284583.5
2019 12 27 8782.4 1527.3 43595.5 10048.6 1057.7 8676.4 0.0 148191.5 49444.2 960.8 18891.4 291176.0
2019 12 28 8691.5 1346.6 41012.9 8981.0 1060.2 7782.2 0.0 146422.2 44186.6 1042.4 18568.6 279094.2
2019 12 29 8545.4 1491.2 43714.2 10165.1 1060.2 8539.6 0.0 146422.2 46983.2 1001.8 22054.9 289977.8
2019 12 30 8175.0 1429.1 39833.9 9891.7 1008.2 8261.2 0.0 140069.3 44883.2 1046.7 19417.9 274016.1
2019 12 31 8635.7 1511.8 44083.0 10466.5 1017.0 8772.9 0.0 142540.3 48891.8 1046.8 25878.2 292844.1
2020 1 1 7828.3 1675.6 38220.6 11150.9 951.0 8789.9 0.0 147273.0 46899.1 12.2 20376.7 283177.3
2020 1 2 7957.3 1833.6 37204.0 12403.9 951.0 9752.2 0.0 147273.0 51799.7 14.0 20996.3 290184.9
2020 1 3 7197.1 1683.3 34706.0 11514.1 943.7 9030.3 0.0 147273.0 47816.1 15.4 30241.3 290420.4
2020 1 4 6328.7 1670.8 30529.9 11075.0 844.3 8725.0 0.0 145518.9 46669.7 12.5 27604.1 278978.9
2020 1 5 6575.6 1632.1 32716.1 10771.6 849.4 8477.4 0.0 145518.9 44672.2 13.2 24040.8 275267.2
2020 1 6 6686.5 1611.8 31384.2 10691.5 886.3 8415.2 0.0 144990.3 44692.5 13.0 22561.7 271933.1
2020 1 7 7197.1 1913.0 35298.6 12661.1 951.0 9967.6 0.0 147273.0 53100.4 15.0 21904.6 290281.5
2020 1 8 7512.5 1801.4 34923.7 11815.6 951.0 9301.6 0.0 147273.0 49521.4 13.4 18859.8 281973.5
2020 1 9 7828.3 1829.3 38340.7 12052.4 951.0 9533.2 0.0 147273.0 50896.8 13.9 23475.1 292193.7
2020 1 10 8203.1 1756.7 39711.6 11663.9 1031.7 9217.2 0.0 148800.5 49060.1 15.3 29755.4 299215.6
2020 1 11 7446.7 1737.2 36221.7 11258.5 1018.8 8925.7 0.0 147491.0 47725.7 13.1 26540.6 288379.0
2020 1 12 7693.5 1760.6 37234.4 11516.8 1018.8 9126.7 0.0 147491.0 48062.2 14.5 24969.2 288887.7
2020 1 13 7312.8 1819.7 36262.7 11613.6 952.3 9235.4 0.0 146957.2 49671.0 13.4 23547.9 287386.0
2020 1 14 8583.0 1909.4 40700.5 12245.3 957.4 9718.7 0.0 148800.5 51799.2 14.9 20902.1 295631.1
2020 1 15 8203.1 1931.6 39599.8 12350.9 951.0 9797.6 0.0 147273.0 51946.3 14.8 15832.6 287900.8
2020 1 16 7828.3 1894.2 38310.1 11928.4 951.0 9631.1 0.0 147273.0 51772.4 14.7 26967.9 296571.0
2020 1 17 7828.3 1847.1 38018.8 11710.2 943.7 9439.0 0.0 147273.0 50401.5 15.9 27985.3 295462.9
2020 1 18 7446.7 1834.4 35483.1 11494.4 844.3 9262.0 0.0 145518.9 49382.5 14.4 25230.4 286511.1
2020 1 19 8183.0 1874.0 37627.7 11844.2 958.4 9569.2 0.0 147491.0 50417.4 17.1 24364.0 292346.0
2020 1 20 6822.1 1919.8 34870.9 11914.2 952.3 9659.0 0.0 146957.2 52070.6 15.8 23025.8 288207.7
2020 1 21 8583.0 1990.5 40112.0 12424.6 957.4 10064.5 0.0 148800.5 53767.1 16.5 20204.6 296920.6
2020 1 22 8203.1 1973.4 39766.3 12263.4 957.4 9931.4 0.0 148800.5 52987.3 16.3 16064.7 290963.9
2020 1 23 7265.5 1976.0 34923.7 12158.3 951.0 9982.6 0.0 147273.0 54062.3 21.9 30014.6 298628.9
2020 1 24 7957.3 1896.1 37090.7 11761.1 906.3 9626.5 0.0 147273.0 51300.5 23.1 26870.7 294705.4
2020 1 25 6397.1 1834.8 30315.6 11266.8 844.3 9200.2 0.0 145518.9 49607.3 19.1 27740.0 282744.1
2020 1 26 7693.5 1841.2 36764.0 11365.7 849.4 9312.6 0.0 145518.9 49484.9 23.5 25874.5 288728.3
2020 1 27 7312.8 1934.7 36262.7 11842.6 952.3 9724.1 0.0 146957.2 52604.5 23.7 23625.5 291240.0
2020 1 28 8203.1 2075.9 39925.6 12732.3 1031.7 10398.8 0.0 148800.5 56114.3 24.8 21299.6 300606.6
2020 1 29 8203.1 1994.9 39918.7 12237.3 955.3 9949.0 0.0 148800.5 55610.0 24.0 17877.2 295570.1
2020 1 30 8583.0 1950.0 40921.4 11956.8 957.4 9734.8 0.0 148800.5 55175.3 28.5 31489.3 309596.9
2020 1 31 8203.1 1911.8 39579.6 11947.1 957.4 9693.6 0.0 148800.5 53948.2 29.7 26635.3 301706.2
2020 2 1 7677.6 1871.9 35994.8 11388.5 956.9 9298.0 0.0 145887.8 52472.0 31.3 29734.9 295313.6
2020 2 2 7989.3 1798.1 38628.2 10864.0 956.9 8885.1 0.0 145887.8 49651.8 34.7 26671.9 291367.9
2020 2 3 8110.6 1916.8 36754.7 11518.0 986.6 9416.0 0.0 145359.9 53829.9 33.0 27748.0 295673.5
2020 2 4 8551.6 2002.5 40689.4 12184.3 1000.7 9924.2 0.0 147120.7 55592.4 30.9 23523.7 300620.5
2020 2 5 8949.4 1946.8 40428.2 11791.9 1000.7 9557.9 0.0 147120.7 55637.2 44.2 19180.9 295658.0
2020 2 6 8654.1 1989.4 41358.4 11704.9 1059.2 9468.8 0.0 147120.7 55620.0 45.2 30030.9 307051.5
2020 2 7 8649.9 1969.9 40070.4 11789.0 993.3 9507.0 0.0 147120.7 54967.4 47.1 25529.3 300644.1
2020 2 8 7677.6 1953.9 36753.2 11399.3 1015.4 9146.6 0.0 145887.8 54802.0 59.1 28618.1 297313.1
2020 2 9 8113.3 1815.1 38575.0 10468.0 850.3 8390.3 0.0 144369.3 49939.5 60.6 24450.9 287032.3
2020 2 10 7316.4 1889.7 36606.1 10911.2 1045.1 8718.6 0.0 145359.9 52970.4 54.6 27207.0 292079.1
2020 2 11 8524.9 1970.3 39585.9 11529.3 945.8 9209.6 0.0 146216.0 54500.7 52.7 23552.1 296087.3
2020 2 12 7149.0 1908.1 34240.4 11101.4 945.8 8809.6 0.0 144745.3 52590.7 50.5 18537.4 280078.2
2020 2 13 8429.7 1887.1 38645.7 10855.6 901.1 8591.4 0.0 145701.0 50746.9 49.9 28173.9 293982.4
2020 2 14 7068.0 1921.0 35528.9 11137.9 938.4 8758.8 0.0 144745.3 51327.0 55.3 25604.7 287085.4
2020 2 15 7801.6 1912.0 35532.4 11082.7 850.3 8675.0 0.0 143478.1 51298.9 57.3 26103.7 286791.9
2020 2 16 7440.8 1775.0 32924.1 10322.3 850.3 8034.2 0.0 144369.3 46796.8 59.5 21962.1 274534.4
2020 2 17 6882.9 1845.3 32386.1 10775.1 873.7 8356.6 0.0 143414.3 49452.0 53.0 22813.3 276852.3
2020 2 18 8524.9 2034.1 39644.1 11924.9 945.8 9208.1 0.0 146216.0 53984.6 58.8 21428.8 293970.2
2020 2 19 8292.8 1897.5 36375.4 11175.4 901.1 8547.8 0.0 145701.0 50253.7 56.7 16626.4 279828.0
2020 2 20 7578.7 1775.5 35329.1 10650.9 945.8 8124.1 0.0 145701.0 47431.9 52.8 26120.7 283710.5
2020 2 21 8396.0 1837.3 38908.2 11064.1 938.4 8399.6 0.0 146216.0 48816.9 61.2 25845.0 290482.8
2020 2 22 7032.5 1804.4 30454.4 10845.8 850.3 8205.2 0.0 143478.1 47568.5 52.8 23238.6 273530.5
2020 2 23 7227.4 1739.5 32204.0 10490.2 850.3 7895.7 0.0 144369.3 45077.1 53.8 21419.4 271326.7
2020 2 24 7202.1 1793.2 33457.2 10794.0 873.7 8100.3 0.0 143414.3 46960.0 46.2 20269.7 272910.6
2020 2 25 7782.1 1989.3 35800.2 12093.8 945.8 8987.2 0.0 145701.0 52052.3 52.3 19470.4 284874.6
2020 2 26 7578.7 1914.8 35432.6 11151.9 945.8 8150.7 0.0 145701.0 46911.8 45.7 23990.3 281823.3
2020 2 27 7825.3 1712.7 37431.1 10018.9 901.1 7377.0 0.0 145701.0 42726.6 36.7 24469.1 278199.4
2020 2 28 8090.8 1880.3 37253.7 11014.2 901.1 8081.6 0.0 145701.0 46003.5 42.8 24332.9 283302.1
2020 2 29 7008.4 1751.9 32207.0 10385.4 840.2 7720.7 0.0 143478.1 44515.9 36.4 24477.8 272421.8
2020 3 1 5607.4 1723.8 26511.6 10235.1 731.4 7428.2 0.0 137170.7 42702.1 38.3 23482.2 255630.9
2020 3 2 6091.2 1809.4 29729.3 10684.6 805.6 7719.4 0.0 140265.8 44808.1 35.0 20515.9 262464.2
2020 3 3 5407.2 1999.9 29961.6 11823.9 719.6 8503.9 0.0 140453.3 49047.9 39.3 19132.0 267088.5
2020 3 4 4704.8 1931.9 26365.3 10961.5 788.5 7780.6 0.0 142046.6 45110.2 45.8 22844.8 262580.0
2020 3 5 4704.8 1813.0 25733.6 10172.8 731.8 7248.0 0.0 140352.5 42163.0 39.6 23205.2 256164.2
2020 3 6 5865.7 1902.7 28182.0 10775.3 711.8 7662.4 0.0 140911.3 43772.2 43.1 24823.0 264649.4
2020 3 7 5607.4 1756.1 26407.6 10001.3 738.6 7079.0 0.0 136816.8 40747.0 38.1 25643.3 254835.1
2020 3 8 5607.4 1771.3 26511.6 10081.3 731.4 7137.8 0.0 137170.7 40000.3 39.7 24819.0 253870.6
2020 3 9 6091.2 1861.8 29729.3 10522.5 805.6 7390.8 0.0 140265.8 41614.6 38.4 21235.0 259555.0
2020 3 10 6091.2 2002.7 31930.5 11439.5 833.0 8039.1 0.0 152582.7 44324.7 42.4 19013.9 276299.7
2020 3 11 6091.2 1936.8 32930.1 10655.6 878.0 7401.1 0.0 156382.2 40918.9 48.4 24178.4 281420.7
2020 3 12 5865.7 1851.2 29586.4 10073.9 719.4 6974.5 0.0 141833.7 38608.1 42.8 21220.9 256776.6
2020 3 13 5407.2 1892.5 25239.4 10430.2 699.9 7213.0 0.0 140911.3 39457.2 43.9 24859.6 256154.4
2020 3 14 4923.4 1810.3 22159.7 10084.9 584.1 6902.3 0.0 132364.8 37956.0 42.2 27631.2 244458.9
2020 3 15 4923.4 1777.7 22602.2 9970.6 601.1 6773.8 0.0 134234.0 36459.2 42.8 26097.2 243482.0
2020 3 16 5407.2 1877.7 27128.1 10459.7 698.9 7053.2 0.0 130123.7 38174.7 43.5 24397.4 245364.1
2020 3 17 4704.8 2071.6 25767.3 11614.6 729.6 7870.4 0.0 138972.1 41685.5 48.7 20059.6 253524.2
2020 3 18 4704.8 1927.9 26365.3 10703.1 788.5 7220.5 0.0 142046.6 38771.2 44.7 21867.6 254440.0
2020 3 19 4112.4 2013.9 23822.0 11122.9 684.7 7461.7 0.0 136178.3 39989.3 46.1 19888.1 245319.4
2020 3 20 5407.2 1849.8 25239.4 10257.7 699.9 6871.4 0.0 140911.3 36658.8 42.6 25408.2 253346.3
2020 3 21 5381.9 1878.8 26407.6 10543.2 729.2 7022.9 0.0 136816.8 37111.5 43.9 26720.8 252656.7
2020 3 22 5381.9 1839.7 25544.7 10390.7 626.3 6846.6 0.0 134234.0 35858.2 43.7 25059.9 245825.8
2020 3 23 5407.2 1897.5 27760.3 10657.5 698.9 6964.4 0.0 130123.7 36906.9 44.3 26393.4 246854.0
2020 3 24 5407.2 2011.2 27238.8 11481.8 731.9 7540.9 0.0 140453.3 39115.4 47.4 19945.5 253973.3
2020 3 25 5407.2 1913.6 29927.2 10857.4 792.0 6991.2 0.0 143527.8 37059.3 50.2 21479.4 258005.2
2020 3 26 5407.2 1911.2 28734.4 10844.6 726.2 6874.5 0.0 141833.7 36985.3 48.7 20448.8 253814.5
2020 3 27 4921.6 1786.1 25756.6 10211.4 709.8 6400.7 0.0 141094.0 34150.3 43.5 21826.2 246900.2
2020 3 28 4247.9 1813.0 22741.2 9893.0 651.0 6054.8 0.0 132067.0 33230.4 46.5 25599.7 236344.5
2020 3 29 4007.2 1779.1 22709.2 9736.8 678.7 5867.3 0.0 133945.1 32213.0 45.7 23774.7 234756.8
2020 3 30 3009.2 1798.1 15352.9 9825.4 527.0 5882.4 0.0 127087.3 32633.5 46.4 26591.9 222754.1
2020 3 31 3009.2 1932.6 16672.7 10523.8 551.4 6250.2 0.0 130510.0 34901.7 49.6 19455.4 223856.7
2020 4 1 3042.2 1810.7 18011.9 9869.7 573.8 5557.2 0.0 128611.5 32536.2 51.9 21573.0 221638.2
2020 4 2 3063.1 1881.2 18268.7 10136.6 565.5 5568.5 0.0 127939.5 33406.9 52.9 20639.2 221522.0
2020 4 3 3064.9 1767.7 18268.7 9544.2 565.5 5172.1 0.0 128174.5 30585.5 46.8 19561.0 216751.0
2020 4 4 3045.3 1795.6 17494.5 9157.8 571.2 4794.9 0.0 119029.1 29545.6 49.9 23087.6 208571.5
2020 4 5 3694.1 1766.9 19922.0 9029.2 611.0 4709.1 0.0 131493.4 28949.7 50.4 22855.1 223081.0
2020 4 6 4067.8 1763.8 22617.5 9003.2 622.9 4663.1 0.0 124502.6 29015.1 50.2 25136.7 221442.8
2020 4 7 4547.9 1841.4 25264.9 9321.2 717.9 4741.8 0.0 134738.6 29804.8 52.0 18830.0 229860.5
2020 4 8 3543.4 1819.4 20145.4 9062.3 585.1 4445.4 0.0 138403.0 29015.0 57.3 20662.4 227738.7
2020 4 9 3063.1 1735.7 18268.7 8603.4 565.5 4069.4 0.0 133348.8 27445.8 53.4 20690.9 217844.5
2020 4 10 2766.4 1786.7 16461.2 8969.9 519.0 4195.3 0.0 129578.0 27463.5 51.7 17218.6 209010.4
2020 4 11 3045.3 1784.0 17494.5 8348.4 575.3 3660.3 0.0 119029.1 26053.3 54.6 24503.4 204548.1
2020 4 12 3253.5 1723.6 18334.7 8159.8 612.5 3564.6 0.0 131493.4 24800.9 52.6 22647.7 214643.3
2020 4 13 2905.8 1687.7 17131.0 8006.7 548.6 3471.2 0.0 126871.6 24482.3 52.6 26063.3 211220.8
2020 4 14 3042.2 1838.0 17144.2 8636.4 542.6 3689.2 0.0 132649.5 26509.4 56.8 21377.0 215485.2
2020 4 15 3063.1 1810.7 18559.4 8454.9 573.9 3520.9 0.0 128611.5 25654.8 56.1 23050.0 213355.3
2020 4 16 2746.5 1801.7 16461.2 8464.4 545.6 3515.2 0.0 133348.8 25807.3 56.9 23113.2 215860.8
2020 4 17 3044.1 1761.4 17721.2 8341.9 550.6 3441.9 0.0 134170.0 24421.5 52.9 19020.9 212526.4
2020 4 18 3045.3 1817.1 17494.5 8561.3 575.3 3540.4 0.0 126300.8 25639.4 57.4 27697.7 214729.1
2020 4 19 3274.3 1825.5 18882.2 8761.1 607.4 3613.7 0.0 132242.0 25417.8 56.3 24181.9 218862.2
2020 4 20 2616.7 1714.6 15178.8 8244.0 523.1 3361.6 0.0 129855.2 23936.0 53.7 26320.4 211804.2
2020 4 21 2746.5 1854.8 15258.5 8897.1 512.3 3615.4 0.0 132951.5 26161.7 59.4 24171.0 216228.1
2020 4 22 2764.5 1845.1 16126.2 8826.1 517.7 3569.1 0.0 135769.6 25728.0 57.5 25173.8 220377.7
2020 4 23 2746.5 1745.7 16461.2 8591.3 525.5 3385.4 0.0 134501.1 24531.1 54.5 25114.3 217656.6
2020 4 24 2748.3 1777.6 16461.2 8671.8 517.5 3310.4 46.0 128380.7 23870.1 51.7 18200.7 204036.0
2020 4 25 1749.0 1704.0 10872.6 8260.7 413.5 3177.7 47.0 109212.4 23599.7 54.7 31058.9 190150.1
2020 4 26 2991.8 1809.2 16767.8 8989.7 600.9 3443.3 54.7 134559.7 24593.4 54.1 25786.7 219651.2
2020 4 27 2905.8 1651.3 17131.0 7711.5 534.8 2776.8 91.6 126871.6 21358.5 50.7 27319.6 208403.3
2020 4 28 2746.5 1741.2 15258.5 8153.0 512.3 2925.5 98.4 131754.1 22966.5 55.4 25077.8 211289.2
2020 4 29 1984.0 1779.0 11838.4 8259.4 457.4 2905.3 123.3 130840.0 23146.2 55.4 25295.2 206683.6
2020 4 30 1750.5 1708.9 11406.2 8238.6 461.0 2860.0 105.4 132688.9 22709.8 53.7 27944.7 209927.5
2020 5 1 1783.2 1624.8 11303.4 7714.2 548.5 2544.4 146.3 142290.2 20457.7 47.1 20759.1 209218.9
2020 5 2 1824.0 1509.6 11310.0 7195.3 474.1 2396.2 134.0 110646.5 19475.3 47.7 30182.2 185195.1
2020 5 3 3132.3 1825.2 17521.7 8718.8 670.2 2872.0 172.6 134737.8 23143.6 54.6 27698.0 220546.8
2020 5 4 2017.5 1586.8 11857.3 7163.3 545.7 2168.5 221.9 123259.1 18954.7 47.3 25212.7 193035.0
2020 5 5 1828.6 1620.5 11334.1 7339.6 531.9 2212.5 228.6 128154.8 19720.5 50.1 24144.9 197166.1
2020 5 6 1828.6 1764.6 11334.1 7831.8 532.0 2224.5 293.0 126084.6 20837.0 53.6 22806.8 195590.6
2020 5 7 1828.6 1619.2 11290.2 7576.2 545.9 2145.6 255.2 128411.7 19377.2 48.2 26422.8 199520.7
2020 5 8 1829.7 1573.8 11290.2 7134.3 528.7 1829.8 295.1 129892.2 18058.4 45.2 21671.8 194149.1
2020 5 9 2875.5 1456.1 16232.3 6579.3 655.0 1658.3 290.3 108257.0 16793.0 44.0 27070.3 181911.1
2020 5 10 3114.8 1768.6 17521.7 8090.3 669.5 2039.7 350.9 129111.7 20135.4 51.9 29004.4 211858.9
2020 5 11 1813.8 1545.3 11321.5 6697.7 538.6 1453.7 388.1 122477.2 16454.4 44.6 23860.6 186595.6
2020 5 12 1828.6 1526.9 11407.7 6396.9 538.6 1366.7 379.7 124182.8 16272.7 44.8 21947.7 185893.1
2020 5 13 1828.6 1796.9 11407.7 7479.3 545.7 1549.3 465.5 129867.5 19127.3 53.0 20962.4 195083.2
2020 5 14 1828.6 1599.7 11363.8 6843.6 549.4 1449.1 410.9 144559.2 17101.5 47.6 26892.3 212645.7
2020 5 15 1783.2 1541.6 11303.4 6454.7 560.4 1227.3 438.2 135403.8 15843.8 44.1 21250.6 195851.0
2020 5 16 1824.0 1464.6 11310.0 6152.1 490.1 1164.0 424.3 128308.7 15209.2 43.2 24452.8 190843.1
2020 5 17 1604.8 1794.8 11223.2 7562.3 590.7 1475.3 500.1 150031.6 18616.8 52.8 29602.0 223054.5
2020 5 18 1342.0 1576.8 9637.4 6822.4 549.6 1328.0 445.0 133488.2 16309.9 44.9 21677.9 193222.1
2020 5 19 1468.4 1579.6 11203.7 6579.7 553.0 1284.4 432.9 127954.7 16325.7 45.6 19637.0 187064.6
2020 5 20 1342.0 1828.5 9770.0 7615.5 563.7 1463.2 513.1 143528.5 18971.5 53.1 20953.3 206602.4
2020 5 21 1342.0 1622.7 9726.0 6811.0 564.5 1322.9 454.7 144000.9 16772.8 47.7 25428.0 208093.2
2020 5 22 1315.9 1610.7 9726.0 6755.5 565.2 1288.5 455.9 153781.3 16102.5 44.8 18383.4 210029.8
2020 5 23 1323.1 1586.7 9726.0 6611.0 519.6 1246.8 467.4 123125.7 16363.8 46.3 23961.0 184977.4
2020 5 24 2006.4 1841.4 12848.0 7676.5 594.1 1447.8 563.0 142909.2 18633.5 53.0 28883.8 217456.6
2020 5 25 1468.4 1653.8 11117.5 7038.2 553.0 1320.3 524.9 125560.1 16756.5 46.4 20987.7 187026.7
2020 5 26 1468.4 1676.3 11203.7 6839.4 553.0 1258.9 550.0 127954.7 16899.9 46.8 17202.6 185653.6
2020 5 27 1342.0 1884.0 9770.0 7689.5 564.3 1387.2 727.2 144318.3 19347.1 53.2 21421.9 208504.7
2020 5 28 1329.1 1634.4 9726.0 6949.4 565.2 1255.0 747.7 157282.3 16622.6 45.2 25170.3 221327.2
2020 5 29 1315.9 1627.4 9752.9 6898.6 562.3 1262.4 705.9 148872.2 16015.4 41.7 16804.7 203859.5
2020 5 30 1310.2 1555.8 9752.9 6535.2 516.6 1179.4 693.7 132500.1 15819.6 42.4 25030.5 194936.4
2020 5 31 1591.9 1830.3 11223.2 7678.9 591.4 1378.9 868.3 148510.3 18267.9 49.3 26790.0 218780.5
2020 6 1 884.8 1645.4 7511.8 6943.4 411.0 1198.9 792.2 113579.4 16196.3 42.3 21393.6 170598.9
2020 6 2 907.8 1701.1 7511.8 7093.5 411.0 1195.0 882.1 118685.5 16717.3 43.0 21953.6 177101.6
2020 6 3 970.8 1836.1 7604.9 7574.2 419.0 1264.9 978.6 122043.4 17971.4 46.5 21546.1 182255.9
2020 6 4 1309.4 1671.5 8215.4 7218.2 556.5 1197.0 1036.6 122593.4 16069.4 41.3 24174.2 184082.9
2020 6 5 1034.6 1570.1 7380.4 6749.4 492.7 1129.7 937.3 121631.6 14748.5 36.5 19476.5 175187.4
2020 6 6 1060.6 1598.1 7674.4 6669.3 486.7 1100.5 965.7 100592.9 15351.5 139.2 27078.5 162717.4
2020 6 7 1176.7 1887.2 7822.7 7990.2 503.3 1309.6 1198.0 123245.8 17643.6 156.1 24297.7 187231.0
2020 6 8 886.3 1707.5 7511.8 7011.6 461.6 1150.1 1097.4 114248.2 15628.4 135.8 22564.1 172402.6
2020 6 9 1067.8 1757.6 7830.8 7003.2 614.9 1115.9 1166.1 118685.5 16125.1 740.5 22802.3 178909.7
2020 6 10 1070.3 1857.5 7924.0 7341.5 622.9 1157.6 1266.0 122043.4 16892.4 799.7 22029.8 183005.1
2020 6 11 1078.1 1719.4 7924.0 7168.2 622.9 1124.7 1313.4 122043.4 15431.0 739.8 25106.8 184271.8
2020 6 12 991.5 1606.0 7380.4 6627.9 442.1 1044.3 1198.3 121081.6 14081.9 712.1 21778.7 176944.7
2020 6 13 752.8 1662.6 6657.9 6615.3 412.5 1031.3 1239.5 99679.9 14752.9 864.0 28597.9 162266.5
2020 6 14 868.9 1899.7 6806.2 7791.5 447.5 1210.6 1453.7 122397.3 16418.5 1051.6 22729.4 183075.0
2020 6 15 884.8 1743.9 7511.8 6905.6 411.0 1069.3 1328.0 113579.4 14747.2 915.2 23280.4 172376.4
2020 6 16 1089.9 1763.7 7830.8 6816.7 614.9 1047.9 1348.3 118685.5 15052.4 1518.5 23991.8 179760.4
2020 6 17 971.5 1820.2 7924.0 6939.2 560.5 1068.0 1347.3 122043.4 15239.5 1540.7 24620.5 184074.7
2020 6 18 836.5 1821.2 6954.9 7109.1 484.0 1090.3 1344.1 122043.4 15114.1 1721.5 24153.6 182672.6
2020 6 19 850.4 1711.8 6811.6 6600.8 515.3 1015.7 1244.2 121081.6 13946.8 1583.4 22070.0 177431.6
2020 6 20 752.8 1767.4 6657.9 6594.6 412.5 1007.8 1285.7 99679.9 14643.8 1681.4 28530.4 163014.2
2020 6 21 817.6 1942.8 6326.3 7426.4 454.4 1136.1 1426.1 122397.3 15741.8 1964.4 24945.4 184578.6
2020 6 22 917.1 1869.9 7731.8 6929.6 527.7 1058.3 1355.8 112070.5 14838.8 1832.8 23751.7 172884.0
2020 6 23 781.4 1848.1 6275.0 6715.2 424.8 1015.2 1334.8 116537.7 14689.6 2434.8 19375.4 171431.9
2020 6 24 964.5 2002.9 7825.0 7105.0 548.1 1062.3 1509.3 122043.4 16291.2 2691.7 26663.0 188706.3
2020 6 25 810.3 1873.3 6423.6 6793.8 421.0 1003.2 1467.8 122043.4 15077.9 2934.8 24594.8 183443.8
2020 6 26 963.4 1842.0 7367.2 6695.3 515.3 984.5 1525.5 121081.6 14565.9 2828.8 20334.4 178704.1
2020 6 27 721.4 1819.0 6306.5 6190.5 378.2 888.2 1490.7 99679.9 15777.7 4243.0 27576.6 165071.8
2020 6 28 837.5 1939.0 6454.8 6754.6 423.3 970.0 1621.4 122397.3 16741.9 4947.7 28774.8 191862.3
2020 6 29 820.6 1825.3 7517.6 6387.7 527.7 908.0 1533.7 112070.5 15791.9 4584.7 24316.2 176284.0
2020 6 30 972.3 1809.8 7731.8 6334.4 517.5 886.2 1564.3 118233.8 15655.2 4637.1 18949.5 177292.0
2020 7 1 813.8 1986.7 6386.6 6890.0 448.6 954.1 1871.1 121189.4 17959.1 5588.6 28495.0 192583.0
2020 7 2 817.7 1880.6 6386.6 6715.9 448.6 917.2 1840.0 121189.4 16721.0 6953.0 23060.7 186930.7
2020 7 3 817.7 1871.4 6216.3 6734.1 448.6 917.3 1914.5 119172.2 16342.0 6833.3 18157.0 179424.4
2020 7 4 615.5 1755.6 5690.6 5912.5 414.6 781.7 1789.0 96844.3 16764.3 7213.8 27071.3 164853.2
2020 7 5 713.6 1849.3 5777.8 6349.3 441.0 838.1 1929.4 109495.7 17639.4 8008.3 33851.8 186893.7
2020 7 6 790.5 1815.1 6318.6 6260.3 448.6 817.9 1931.3 113171.7 17334.7 8472.1 25562.7 182923.5
2020 7 7 761.7 1810.5 6126.7 6219.2 448.6 801.2 1966.7 116832.8 17156.4 8224.2 18121.9 178469.9
2020 7 8 797.7 2050.7 6267.4 6740.9 448.6 848.9 2326.9 121189.4 20547.2 9099.4 28212.1 198529.3
2020 7 9 701.2 1883.1 5753.8 6278.4 448.6 774.9 2247.9 118326.0 18794.7 10341.2 24502.8 190052.4
2020 7 10 656.4 1786.8 5579.4 6086.0 439.8 753.5 2181.7 115813.8 17356.9 9514.5 18391.9 178560.8
2020 7 11 568.7 1719.2 5339.5 5477.7 414.6 649.7 2106.2 94415.1 18262.6 9563.4 28181.3 166698.0
2020 7 12 639.5 1852.8 5426.8 6064.0 441.0 719.6 2328.2 110040.4 19563.9 11494.5 33505.3 192076.0
2020 7 13 632.0 1766.6 5638.3 5812.6 439.8 683.7 2258.0 109753.0 18708.1 11631.0 27825.8 185149.2
2020 7 14 635.4 1827.3 5402.8 5987.2 439.8 700.0 2360.2 112479.1 19250.5 11456.5 17753.6 178292.3
2020 7 15 652.5 1908.3 5402.8 6068.4 439.8 709.1 2501.9 115813.8 20826.1 11510.4 26643.1 192476.3
2020 7 16 656.4 1935.2 5402.8 6253.9 439.8 730.9 2587.9 115813.8 21057.9 13673.7 24059.2 192611.5
2020 7 17 666.8 1766.8 5442.2 5798.0 439.8 684.7 2327.2 114063.6 18745.0 12914.3 17815.7 180664.2
2020 7 18 581.7 1670.8 5379.0 5404.0 414.6 634.3 2213.0 92664.9 18193.6 10168.3 29095.8 166420.2
2020 7 19 639.5 1862.3 5662.4 6103.8 441.0 720.8 2496.6 110040.4 19963.1 12729.4 29966.0 190625.2
2020 7 20 592.6 1869.9 5496.7 6141.0 439.8 721.1 2536.6 109753.0 20090.3 13462.7 29628.8 190732.6
2020 7 21 595.9 1842.2 5451.6 6021.6 439.8 704.3 2489.8 112479.1 19789.7 12035.2 17720.4 179569.8
2020 7 22 612.1 1823.0 5540.1 5871.8 439.8 690.3 2490.2 115813.8 19782.6 11867.9 25124.1 190055.8
2020 7 23 616.6 2031.9 5638.3 6554.1 439.8 771.7 2821.4 115813.8 22110.8 14722.2 24845.8 196366.5
2020 7 24 581.1 1708.4 5296.8 5573.9 403.5 658.0 2328.9 114307.5 18094.7 12766.3 18382.1 180101.2
2020 7 25 489.3 1763.3 5113.4 5668.9 362.1 655.6 2428.5 92908.8 19109.9 12330.4 29960.2 170790.3
2020 7 26 545.5 1973.0 5200.6 6446.9 388.5 753.6 2742.3 108534.1 21082.8 15625.0 22363.9 185656.4
2020 7 27 592.6 1942.3 5451.6 6327.3 439.8 739.3 2714.6 109753.0 20888.1 15379.9 30190.0 194418.7
2020 7 28 595.9 1945.7 5451.6 6026.7 439.8 691.4 2648.4 110972.7 20720.0 17399.4 16355.6 183247.3
2020 7 29 549.1 1759.2 5041.2 5506.4 396.3 639.9 2460.5 115457.6 18918.8 16559.3 20884.3 188172.6
2020 7 30 622.8 2026.5 5451.6 6319.0 439.8 730.9 2851.4 115813.8 21984.4 19386.4 24023.5 199650.3
2020 7 31 622.8 1781.8 5496.7 5631.1 439.8 654.9 2479.1 115813.8 18804.4 17742.9 16814.5 186281.8
2020 8 1 429.8 1675.4 4791.8 5288.7 451.2 612.7 2371.7 87935.2 18166.8 15911.2 31373.9 169008.5
2020 8 2 534.4 1865.9 4990.3 5969.3 489.5 700.8 2661.7 106251.2 20067.1 19020.9 19581.7 182132.7
2020 8 3 639.2 1925.4 5429.9 6121.9 547.8 716.7 2748.4 106167.5 20827.0 19622.8 29737.3 194483.8
2020 8 4 522.5 1958.2 4873.1 5886.1 485.6 674.2 2727.0 110586.7 20925.5 22718.8 13255.9 184613.4
2020 8 5 510.1 1787.4 4294.7 5476.1 420.3 627.9 2544.4 118208.0 19350.6 21772.9 17344.3 192336.7
2020 8 6 518.4 1925.9 4294.7 5845.2 410.1 665.3 2735.1 115487.4 20996.2 22731.5 25306.2 200916.1
2020 8 7 649.4 1703.2 5307.6 5232.3 568.8 599.8 2396.9 114748.3 18036.1 20654.3 16885.0 186781.9
2020 8 8 521.7 1592.9 5223.1 4831.9 558.0 540.7 2265.5 90248.8 17171.2 19459.8 31556.7 173970.3
2020 8 9 677.1 1829.5 5348.6 5600.3 574.5 630.0 2623.3 110469.8 19749.3 23197.7 20015.6 190715.8
2020 8 10 582.2 1777.7 5400.7 5419.2 547.8 609.9 2546.1 105261.2 19203.8 22279.1 29747.2 193374.9
2020 8 11 578.3 1874.7 5400.7 5389.3 547.8 595.8 2611.9 111017.3 19895.4 26553.0 14190.1 188654.4
2020 8 12 617.0 1745.1 5433.1 5139.3 568.8 569.8 2490.8 117121.6 18836.2 24532.8 13646.3 190700.8
2020 8 13 669.3 1804.2 5433.1 5196.7 568.8 565.2 2557.2 117353.0 19705.3 24752.3 26220.1 204825.3
2020 8 14 673.5 1744.8 5433.1 5147.4 568.8 572.3 2460.9 117376.6 18511.8 24087.4 16310.3 192886.9
2020 8 15 569.7 1417.3 5348.6 4107.8 558.0 450.7 2009.5 91255.3 15218.1 20124.7 31769.8 172829.5
2020 8 16 671.2 1694.8 5348.6 4923.7 574.5 541.1 2417.8 109571.3 18301.9 24148.8 23039.7 191233.1
2020 8 17 627.0 1666.2 5420.6 4834.2 504.9 532.6 2373.5 108649.2 17929.9 23328.4 28347.9 194214.2
2020 8 18 626.4 1805.9 5420.6 5201.0 504.9 570.1 2568.9 111230.7 19561.3 25587.2 17298.4 190375.4
2020 8 19 671.0 1688.2 5433.1 4904.9 552.8 539.8 2404.0 118264.6 18221.4 23169.5 13740.1 189589.3
2020 8 20 676.2 1677.1 5433.1 4786.9 552.8 518.4 2376.9 118000.6 18301.8 22537.4 27131.6 201992.6
2020 8 21 680.3 1687.5 5433.1 4893.7 552.8 539.1 2367.4 117835.6 17885.4 22828.7 17279.9 191983.6
2020 8 22 508.4 1516.0 5348.6 4324.7 558.0 473.1 2143.4 91069.1 16349.0 20757.9 30638.9 173687.1
2020 8 23 678.0 1723.6 5348.6 4934.6 558.4 541.5 2417.2 109889.8 18571.8 23705.7 25471.1 193840.4
2020 8 24 665.9 1671.8 5429.9 4817.4 531.8 531.0 2327.4 108401.0 17963.3 22306.0 27445.7 192091.1
2020 8 25 662.3 1735.8 5420.6 4951.2 504.9 543.9 2398.4 107623.1 18678.7 23417.8 20703.0 186639.7
2020 8 26 1061.0 1737.6 7800.5 5054.1 661.6 569.9 2274.4 121735.0 18715.4 22084.0 17661.0 199354.4
2020 8 27 1154.2 1750.2 7800.5 5104.3 661.6 572.5 2215.4 128179.3 18918.5 22847.5 25397.6 214601.7
2020 8 28 919.8 1630.0 7030.9 4880.5 628.6 566.7 2060.1 120578.7 16358.8 18918.8 19326.5 192899.1
2020 8 29 786.4 1583.7 6788.7 4736.5 507.3 554.3 2001.9 97251.1 16333.0 17179.1 31859.2 179581.2
2020 8 30 1013.0 1690.3 7065.9 5091.0 628.7 599.2 2088.8 121182.0 17110.4 19109.1 28555.8 204134.1
2020 8 31 1000.8 1701.7 7800.5 5159.7 662.3 607.9 2069.2 111361.2 17277.9 18759.3 26042.5 192443.0
2020 9 1 833.7 1756.4 6248.8 5386.0 547.7 643.5 2139.2 123984.8 17818.3 19689.9 19323.8 198372.2
2020 9 2 910.0 1857.0 7229.4 5757.8 636.3 705.6 2090.9 124608.1 18882.2 19729.8 22740.3 205147.5
2020 9 3 738.3 1715.6 5813.9 5340.8 512.5 651.5 1858.6 123984.8 17296.9 19648.7 24754.8 202316.5
2020 9 4 620.1 1585.1 5060.4 5086.6 508.0 640.7 1704.6 123984.8 14709.7 15694.9 20428.1 190023.3
2020 9 5 607.8 1683.2 4729.2 5282.2 460.8 664.4 1821.0 104890.7 16393.1 15103.8 31111.4 182747.6
2020 9 6 907.1 1782.8 6852.4 5654.4 643.3 717.6 1827.7 122164.8 16681.1 17002.1 31870.1 206103.4
2020 9 7 1120.3 1712.5 7783.8 5408.3 838.7 684.9 1716.7 124608.1 16181.1 16044.9 27661.6 203760.9
2020 9 8 1091.0 1684.3 7788.4 5286.1 890.7 673.0 1641.5 124608.1 15434.0 15490.8 20845.5 195433.4
2020 9 9 910.0 1881.2 7262.1 5819.9 645.8 753.0 1675.0 124608.1 17637.2 15772.1 27527.4 204491.7
2020 9 10 934.5 1738.4 7128.4 5433.6 645.8 701.5 1482.8 124608.1 16000.5 16603.4 24940.9 200218.1
2020 9 11 911.9 1615.6 6260.8 5275.1 555.9 705.9 1330.6 124608.1 13381.0 12681.1 21019.8 188346.0
2020 9 12 782.3 1650.4 5914.4 5260.4 561.5 703.9 1359.1 105514.0 14373.8 11345.8 29184.1 176649.7
2020 9 13 907.1 1828.6 6852.4 5825.7 665.1 779.8 1454.0 122164.8 15455.9 13839.6 33934.8 203707.9
2020 9 14 1059.1 1739.3 7697.8 5473.4 656.4 732.4 1330.2 124608.1 14720.8 13129.0 26586.1 197732.7
2020 9 15 1029.8 1727.1 7673.9 5410.0 687.2 729.9 1277.6 124608.1 14137.7 13123.2 20174.0 190578.5
2020 9 16 1016.6 1927.3 7376.7 5821.1 912.9 785.6 1388.4 124608.1 16253.3 12717.3 27856.6 200663.9
2020 9 17 1041.1 1692.4 7242.9 5181.9 878.2 699.4 1227.3 124608.1 13864.3 12874.5 24469.8 193779.9
2020 9 18 911.9 1728.2 6260.8 5447.2 555.9 735.7 1274.1 124608.1 13850.3 13380.2 18886.9 187639.4
2020 9 19 888.9 1676.5 6061.6 5084.5 800.2 685.6 1207.1 105514.0 13939.3 11222.6 26088.4 173168.5
2020 9 20 1034.9 1832.0 6795.3 5622.9 605.5 760.8 1310.1 122164.8 14828.9 13879.3 31978.2 200812.6
2020 9 21 1120.3 1732.8 7693.0 5224.7 630.4 710.5 1206.7 124055.0 14045.6 13067.9 25501.3 194988.1
2020 9 22 1091.0 1696.9 7656.5 5060.0 635.2 693.3 1151.9 124608.1 13570.3 12767.8 20902.4 189833.4
2020 9 23 1016.6 1856.2 7205.0 5314.0 594.4 754.1 1207.7 124055.0 15242.1 12044.2 25950.4 195239.6
2020 9 24 1041.1 1731.4 7071.3 5110.9 596.7 814.4 1063.4 124608.1 14104.0 12085.4 23742.5 191969.2
2020 9 25 911.9 1752.3 6392.8 5473.0 929.9 878.9 1068.9 124608.1 13778.7 13171.1 17215.5 186181.2
2020 9 26 782.3 1655.0 5914.4 5121.5 561.5 836.9 981.0 105514.0 13461.6 10514.0 25559.2 170901.2
2020 9 27 1034.9 1727.1 6835.0 6087.9 615.8 1263.5 900.2 122164.8 14109.2 10138.3 29278.7 194155.3
2020 9 28 1120.3 1735.1 7612.1 5947.3 623.2 1249.2 856.9 124608.1 14003.4 10012.6 24084.9 191853.1
2020 9 29 1134.1 1779.9 7813.4 6415.8 674.8 1477.4 766.0 124055.0 14629.2 9520.4 21177.2 189443.3
2020 9 30 1858.4 1782.9 10361.8 5932.4 739.4 1245.3 874.9 124055.0 14698.9 9311.8 23765.6 194626.5
2020 10 1 2023.7 1695.5 11968.5 6101.9 635.0 1426.5 729.2 126410.2 14279.9 10419.2 21323.6 197013.3
2020 10 2 927.6 1672.1 6807.9 6287.1 520.6 1470.7 689.5 126410.2 13741.1 11161.6 16764.2 186452.5
2020 10 3 928.4 1629.1 6837.0 6172.3 464.3 1479.0 632.6 113782.2 13897.5 8757.7 25053.6 179633.8
2020 10 4 1055.0 1644.5 7491.9 6933.6 533.2 1872.2 513.6 126261.1 14006.0 7715.4 25065.4 193092.1
2020 10 5 1972.6 1749.6 12106.8 7241.1 629.3 2025.9 444.0 125082.4 14657.7 7282.4 23743.0 196934.8
2020 10 6 2049.6 1770.1 12227.2 7512.1 643.3 2191.1 360.7 125082.4 14908.1 6606.3 19094.5 192445.6
2020 10 7 2024.7 1710.1 12227.2 6923.7 643.3 1937.8 441.3 126410.2 14560.6 6380.5 21847.3 195106.7
2020 10 8 2023.7 1731.8 11968.5 7225.4 635.0 2163.4 324.9 126410.2 14783.4 6206.3 19698.1 193170.8
2020 10 9 2222.1 1695.5 11509.1 7244.8 679.5 2154.2 283.7 126410.2 14111.4 7056.0 16051.7 189418.2
2020 10 10 2430.0 1704.5 11803.0 7333.8 584.4 2192.2 265.7 113782.2 14715.0 5730.3 23940.9 184482.0
2020 10 11 2986.2 1773.3 16421.5 8185.4 724.1 2638.2 381.3 131196.6 15268.8 3880.9 22173.1 205629.5
2020 10 12 3870.0 1881.1 18297.7 8356.8 681.3 2722.8 240.3 130731.0 15988.1 3651.8 20771.3 207192.4
2020 10 13 3304.4 1883.6 18418.1 8467.6 695.3 2814.0 78.5 130731.0 16052.7 3454.7 17251.9 203151.9
2020 10 14 2709.1 1891.1 15249.0 8172.3 695.3 2648.0 292.7 126955.3 16459.9 3597.5 21320.0 199990.2
2020 10 15 2727.5 1780.1 15243.1 7892.5 687.0 2613.6 117.7 126955.3 15148.9 3401.9 18629.2 195196.9
2020 10 16 2677.9 1816.7 14783.7 8018.6 687.0 2642.2 114.1 126955.3 15134.7 3595.8 15138.0 191563.9
2020 10 17 2670.5 1818.7 14552.6 7935.1 606.0 2628.0 103.8 116713.7 16041.4 3064.8 23046.3 189180.8
2020 10 18 2986.2 1963.1 16092.2 8396.1 724.1 2779.6 110.5 131196.6 16711.1 3650.1 21863.8 206473.3
2020 10 19 2554.1 1953.3 15128.6 8246.4 681.3 2761.0 0.0 125627.5 16874.8 3182.1 19735.8 196744.8
2020 10 20 2631.1 1860.0 15249.0 7685.6 695.3 2567.7 78.5 125627.5 15901.1 3517.8 13997.9 189811.5
2020 10 21 2668.3 2072.5 15249.0 8445.3 695.3 2818.7 75.1 126955.3 18413.8 3358.6 22513.4 203265.3
2020 10 22 2727.5 1868.1 15243.1 7670.2 717.5 2587.0 0.0 126955.3 16044.5 3177.9 20275.0 197266.2
2020 10 23 2677.9 1843.2 15113.0 7545.7 687.0 2527.4 0.0 126955.3 15430.9 3210.6 16142.6 192133.6
2020 10 24 3259.2 1835.5 17765.5 7350.8 606.0 2517.0 0.0 124060.4 16473.2 2612.6 24132.0 200612.2
2020 10 25 3321.2 2101.4 19397.4 8413.1 724.1 2997.0 0.0 141090.8 18178.1 3835.2 24277.6 224336.0
2020 10 26 3287.1 1901.6 18297.7 7517.0 681.3 2689.7 0.0 130731.0 17139.9 3101.0 19910.3 205256.6
2020 10 27 3304.4 1783.8 18418.1 7036.5 695.3 2592.9 0.0 130731.0 16079.5 2937.7 14777.0 198356.3
2020 10 28 3244.7 2170.1 18418.1 8686.6 695.3 3483.9 0.0 132058.8 22424.4 4618.9 25069.1 220870.0
2020 10 29 3965.4 1753.3 20541.7 7452.2 789.7 2961.0 0.0 132058.8 18236.5 4308.7 21828.3 213895.7
2020 10 30 4464.5 1716.3 22132.9 7307.3 755.6 2859.3 0.0 145912.5 17424.3 4203.9 18783.5 225560.1
2020 10 31 3890.6 1721.5 21552.5 7209.2 694.2 2923.5 0.0 137914.0 19292.8 3348.1 26786.9 225333.2
2020 11 1 4926.4 1882.4 24340.5 8296.3 676.1 3489.1 0.0 150013.9 20669.0 4986.9 28949.6 248230.2
2020 11 2 4134.2 1700.7 22139.1 7721.1 660.0 3323.7 0.0 129103.2 19919.4 4710.7 23554.6 216966.7
2020 11 3 4086.7 1674.2 21913.7 7785.9 673.6 3470.4 0.0 128673.7 20379.1 4460.2 15296.0 208413.5
2020 11 4 4098.0 1944.3 22392.9 9089.7 727.8 4262.4 0.0 131555.7 25144.9 6659.5 24919.5 230794.6
2020 11 5 4037.9 1724.7 21784.5 8667.7 740.7 4096.1 0.0 140703.8 23320.3 7240.8 21271.0 233587.4
2020 11 6 3845.3 1529.3 19453.7 7740.2 655.3 3636.8 0.0 136887.2 20347.1 6424.2 20815.6 221334.8
2020 11 7 3195.8 1587.4 17991.0 7795.1 557.5 3745.8 0.0 115266.7 22691.4 5544.4 27980.7 206356.0
2020 11 8 4080.8 1760.5 20842.3 8778.0 668.7 4378.5 0.0 148949.3 24242.6 7995.8 27538.3 249234.9
2020 11 9 4644.1 1707.6 24184.9 8891.0 671.0 4547.3 0.0 148711.0 24805.8 8943.2 22109.5 249215.3
2020 11 10 4086.7 1688.9 21913.7 8793.4 667.2 4572.0 0.0 128673.7 25554.3 7420.0 13247.2 216617.1
2020 11 11 4865.9 1819.0 25583.7 9479.9 744.1 5122.1 0.0 162547.3 28527.9 9517.7 23444.1 271651.8
2020 11 12 4199.1 1739.0 23142.3 9555.4 739.4 5183.9 0.0 141344.6 28647.0 10735.7 20081.6 245368.0
2020 11 13 3934.6 1522.1 20170.0 8463.8 645.5 4632.8 0.0 131820.8 24498.3 9859.0 19001.1 224547.9
2020 11 14 3842.7 1655.5 18122.3 8737.8 570.2 4853.2 0.0 118756.3 28361.3 8878.8 28888.2 222666.3
2020 11 15 4949.7 1712.5 24702.6 9248.5 688.7 5284.1 0.0 163898.8 28475.9 11816.7 24839.0 275616.5
2020 11 16 5652.8 1700.4 22962.3 9414.2 642.9 5364.6 0.0 135333.3 28909.2 12146.3 23374.0 245500.0
2020 11 17 4140.6 1741.6 22673.5 9508.4 673.6 5431.4 0.0 134381.0 30713.8 10395.6 13649.2 233308.6
2020 11 18 5976.0 1792.5 26179.0 9616.3 709.9 5570.9 0.0 159067.2 31140.4 11736.8 23195.9 274985.0
2020 11 19 4883.5 1889.0 25227.5 10104.1 727.8 5894.5 0.0 155280.5 31989.2 14083.0 18369.9 268449.0
2020 11 20 4714.2 1670.4 23096.5 9030.2 673.2 5327.5 0.0 155698.5 27913.6 12792.1 18447.4 259363.5
2020 11 21 4675.4 1800.4 21667.2 9218.6 599.1 5477.5 0.0 123425.7 31383.1 11755.0 27771.5 237773.4
2020 11 22 6750.9 1870.4 30339.2 9755.7 771.6 5907.3 0.0 165233.5 31521.8 14898.2 22575.0 289623.5
2020 11 23 6963.7 1893.8 28003.3 9893.0 643.4 5976.1 0.0 154911.3 32703.5 14101.5 22867.7 277957.4
2020 11 24 6970.2 1813.7 28419.5 9498.5 650.4 5848.3 0.0 161844.9 32283.4 11890.5 13479.5 272698.8
2020 11 25 6612.9 1949.6 29337.8 9702.6 712.5 6061.7 0.0 161868.4 35734.0 13189.0 24129.9 289298.5
2020 11 26 6692.5 1909.7 30556.8 9653.2 787.4 6224.2 0.0 170316.3 33803.8 15092.3 16937.7 291974.0
2020 11 27 6499.9 1829.5 28803.8 9923.7 741.8 6716.9 0.0 157509.4 35246.4 10710.3 18539.6 276521.3
2020 11 28 5863.0 1772.9 24437.3 9626.9 702.6 6467.0 0.0 136337.8 35970.6 9993.3 27025.6 258197.0
2020 11 29 6114.0 1842.9 27110.5 10082.2 769.1 6886.9 0.0 162926.0 36670.9 12324.0 25649.5 290376.0
2020 11 30 6963.7 1793.4 28003.3 9760.5 643.4 6671.5 0.0 154911.3 36283.0 10626.0 22640.8 278296.9
2020 12 1 10757.5 1783.9 48270.4 10520.5 996.6 7567.1 0.0 146026.4 39364.5 9288.7 15714.1 290289.6
2020 12 2 10196.1 1897.1 44673.3 10586.1 1041.0 7570.7 0.0 148100.4 42468.9 10465.6 25806.2 302805.5
2020 12 3 9737.1 1748.2 41367.6 9977.1 1041.0 7316.2 0.0 145900.7 37573.3 11879.9 16669.6 283210.7
2020 12 4 10196.1 1830.4 45607.9 11183.0 1041.0 8437.2 0.0 150376.1 43371.6 7616.5 21409.6 301069.3
2020 12 5 9338.2 1679.5 37544.1 10525.3 952.7 7891.3 0.0 130188.5 41975.3 7161.9 26179.6 273436.6
2020 12 6 9069.0 1754.3 40665.9 10948.1 985.5 8271.8 0.0 136055.7 43392.8 8467.6 27994.2 287605.0
2020 12 7 9461.6 1780.4 42927.2 11017.1 966.1 8357.6 0.0 134335.3 44457.0 7656.8 21479.0 282438.0
2020 12 8 11123.9 1807.3 49558.4 11805.5 1193.8 9217.0 0.0 163001.5 47777.9 6121.6 16820.6 318427.6
2020 12 9 10776.5 1816.0 48274.5 11389.3 1065.6 8868.0 0.0 152093.1 49115.5 6460.5 23311.3 313170.4
2020 12 10 9731.2 1732.9 43542.2 11000.2 1103.1 8746.5 0.0 147329.8 46295.8 7091.0 16568.6 293141.4
2020 12 11 11123.9 1795.1 50094.5 11985.1 1070.7 9675.0 0.0 154922.9 50926.1 3285.7 22428.3 317307.4
2020 12 12 10206.0 1593.9 44097.9 11103.2 952.5 8972.4 0.0 131091.4 48027.6 3207.8 27249.2 286501.9
2020 12 13 9634.4 1661.7 43749.5 11494.5 982.1 9323.0 0.0 137128.3 49529.9 3682.5 27619.4 294805.3
2020 12 14 9461.6 1681.5 44753.5 11579.0 1193.8 9443.6 0.0 149122.4 50469.8 3627.2 21262.3 302594.7
2020 12 15 11123.9 1824.9 50488.1 12837.3 1193.8 10569.2 0.0 165554.9 56026.8 2784.6 18689.3 331092.8
2020 12 16 11123.9 1698.8 48094.8 11932.5 1167.4 9804.5 0.0 159504.5 53101.7 2487.0 22477.3 321392.5
2020 12 17 11123.9 1665.7 50094.5 11667.9 1065.6 9625.8 0.0 158263.3 51857.9 2788.1 18312.6 316465.3
2020 12 18 9631.3 1680.0 41975.3 11729.7 1077.1 9658.9 0.0 139006.1 52304.9 2492.8 24664.0 294220.1
2020 12 19 9998.0 1590.3 41281.9 11022.4 944.9 9082.8 0.0 135770.7 49871.2 2452.6 27294.6 289309.5
2020 12 20 9633.9 1647.9 42312.9 11400.0 995.0 9440.4 0.0 138484.9 51211.6 2675.9 25967.4 293770.1
2020 12 21 8847.2 1706.0 36759.6 11727.8 936.2 9681.8 0.0 122441.7 53280.8 2424.6 23586.5 271392.2
2020 12 22 10196.1 1721.2 44673.3 11880.4 996.6 9890.4 0.0 145403.9 53847.5 2182.2 20668.7 301460.2
2020 12 23 10757.5 1732.1 47815.1 11880.5 1051.7 9902.4 0.0 151042.6 54680.8 2025.8 20123.1 311011.6
2020 12 24 9631.3 1733.8 41975.3 11866.8 1103.1 9913.0 0.0 138956.8 54899.9 2237.6 18161.6 290479.3
2020 12 25 9731.2 1686.5 43542.2 11527.5 1073.7 9593.1 0.0 143325.3 53060.0 1998.1 24566.4 300104.1
2020 12 26 8871.7 1576.7 37226.9 10769.1 955.9 8944.8 0.0 123709.0 49672.1 1934.4 25218.7 268879.3
2020 12 27 10954.7 1588.3 48111.7 10899.4 1113.7 9084.0 0.0 155485.0 49718.3 2010.3 25797.4 314762.8
2020 12 28 10076.6 1633.9 43709.8 11680.2 1097.9 9517.5 0.0 146779.8 49692.7 1241.8 22964.2 298394.5
2020 12 29 11628.2 1578.1 49693.6 11383.2 1084.8 9316.5 0.0 160434.4 48599.1 1408.2 21603.8 316729.8
2020 12 30 11123.9 1740.5 50104.7 12567.5 1193.8 10255.0 0.0 162061.1 53677.0 1288.4 21314.3 325326.2
2020 12 31 11123.9 1652.3 50660.8 11825.3 1092.7 9684.6 0.0 167161.0 51014.4 1408.5 19741.6 325365.1
