year month date house_pred houseCooking_pred houseJHeating_pred salesOne_pred salesTwo_pred bizHeating_pred bizCooling_pred industry_pred heatFacility_pred heatCombined_pred CNG_pred pred_sum
2020 2 1 8303.4 1871.9 37393.4 11388.5 955.2 9298.0 0.0 148936.3 52472.0 31.3 29734.9 300384.9
2020 2 2 8526.5 1798.1 40491.7 10864.0 955.2 8885.1 0.0 148936.3 49651.8 34.7 26671.9 296815.4
2020 2 3 8079.4 1916.8 36083.7 11518.0 990.5 9416.0 0.0 146970.5 53829.9 33.0 27748.0 296585.8
2020 2 4 8425.7 2002.5 41248.0 12184.3 1007.0 9924.2 0.0 150955.6 55592.4 30.9 23523.7 304894.3
2020 2 5 8840.8 1946.8 41247.7 11791.9 1007.0 9557.9 0.0 150955.6 55637.2 44.2 19180.9 300210.0
2020 2 6 9038.2 1989.4 42923.4 11704.9 1007.0 9468.8 0.0 150955.6 55620.0 45.2 30030.9 312783.3
2020 2 7 8814.2 1969.9 41421.4 11789.0 997.8 9507.0 0.0 150955.6 54967.4 47.1 25529.3 305998.8
2020 2 8 7749.1 1953.9 35757.3 11399.3 1025.7 9146.6 0.0 148936.3 54802.0 59.1 28618.1 299447.5
2020 2 9 7986.0 1815.1 38670.3 10468.0 834.4 8390.3 0.0 140971.5 49939.5 60.6 24450.9 283586.7
2020 2 10 7377.5 1889.7 35573.4 10911.2 1061.0 8718.6 0.0 146970.5 52970.4 54.6 27207.0 292734.0
2020 2 11 8070.6 1970.3 39129.9 11529.3 949.1 9209.6 0.0 144583.5 54500.7 52.7 23552.1 293547.8
2020 2 12 7394.8 1908.1 34998.2 11101.4 949.1 8809.6 0.0 143929.5 52590.7 50.5 18537.4 280269.2
2020 2 13 8446.3 1887.1 39155.7 10855.6 887.7 8591.4 0.0 143929.5 50746.9 49.9 28173.9 292724.1
2020 2 14 7397.8 1921.0 36020.0 11137.9 939.9 8758.8 0.0 143929.5 51327.0 55.3 25604.7 287092.0
2020 2 15 7749.1 1912.0 35572.0 11082.7 834.4 8675.0 0.0 140971.5 51298.9 57.3 26103.7 284256.6
2020 2 16 7494.2 1775.0 32307.5 10322.3 850.6 8034.2 0.0 140860.9 46796.8 59.5 21962.1 270463.1
2020 2 17 6868.6 1845.3 31887.1 10775.1 864.7 8356.6 0.0 140007.5 49452.0 53.0 22813.3 272923.1
2020 2 18 8070.6 2034.1 39129.9 11924.9 949.1 9208.1 0.0 144583.5 53984.6 58.8 21428.8 291372.5
2020 2 19 8011.9 1897.5 36152.0 11175.4 887.7 8547.8 0.0 143929.5 50253.7 56.7 16626.4 277538.8
2020 2 20 7712.2 1775.5 36000.2 10650.9 949.1 8124.1 0.0 143929.5 47431.9 52.8 26120.7 282746.8
2020 2 21 8227.9 1837.3 38518.7 11064.1 939.9 8399.6 0.0 144583.5 48816.9 61.2 25845.0 288294.1
2020 2 22 6889.2 1804.4 29613.5 10845.8 850.6 8205.2 0.0 140860.9 47568.5 52.8 23238.6 269929.3
2020 2 23 7176.9 1739.5 31841.0 10490.2 850.6 7895.7 0.0 140860.9 45077.1 53.8 21419.4 267405.1
2020 2 24 7246.2 1793.2 34316.0 10794.0 864.7 8100.3 0.0 141349.5 46960.0 46.2 20269.7 271739.9
2020 2 25 7736.8 1989.3 35953.4 12093.8 949.1 8987.2 0.0 143929.5 52052.3 52.3 19470.4 283214.3
2020 2 26 7712.2 1914.8 35705.1 11151.9 949.1 8150.7 0.0 143929.5 46911.8 45.7 23990.3 280461.0
2020 2 27 7799.0 1712.7 37695.8 10018.9 899.6 7377.0 0.0 143929.5 42726.6 36.7 24469.1 276664.9
2020 2 28 7990.5 1880.3 37361.7 11014.2 899.6 8081.6 0.0 143929.5 46003.5 42.8 24332.9 281536.7
2020 2 29 7031.0 1751.9 31900.4 10385.4 842.0 7720.7 0.0 140860.9 44515.9 36.4 24477.8 269522.3
2020 3 1 5859.3 1723.8 26778.2 10235.1 645.4 7428.2 0.0 136277.5 42702.1 38.3 23482.2 255170.2
2020 3 2 6327.6 1809.4 29605.7 10684.6 680.6 7719.4 0.0 140400.2 44808.1 35.0 20515.9 262586.5
2020 3 3 5480.1 1999.9 29312.1 11823.9 632.6 8503.9 0.0 138458.0 49047.9 39.3 19132.0 264429.6
2020 3 4 4647.4 1931.9 24359.8 10961.5 642.5 7780.6 0.0 141905.9 45110.2 45.8 22844.8 260230.6
2020 3 5 4647.4 1813.0 24359.8 10172.8 642.5 7248.0 0.0 139045.4 42163.0 39.6 23205.2 253336.7
2020 3 6 5919.8 1902.7 28466.4 10775.3 642.5 7662.4 0.0 141293.9 43772.2 43.1 24823.0 265301.1
2020 3 7 5859.3 1756.1 26778.2 10001.3 645.4 7079.0 0.0 136586.6 40747.0 38.1 25643.3 255134.2
2020 3 8 5859.3 1771.3 26778.2 10081.3 645.4 7137.8 0.0 136277.5 40000.3 39.7 24819.0 253409.9
2020 3 9 6327.6 1861.8 29605.7 10522.5 680.6 7390.8 0.0 140400.2 41614.6 38.4 21235.0 259677.2
2020 3 10 6361.4 2002.7 30648.0 11439.5 680.6 8039.1 0.0 148494.2 44324.7 42.4 19013.9 271046.5
2020 3 11 6361.4 1936.8 30648.0 10655.6 680.6 7401.1 0.0 155481.8 40918.9 48.4 24178.4 278311.1
2020 3 12 5975.9 1851.2 29312.1 10073.9 642.5 6974.5 0.0 142030.1 38608.1 42.8 21220.9 256732.0
2020 3 13 5424.0 1892.5 25517.2 10430.2 642.5 7213.0 0.0 141293.9 39457.2 43.9 24859.6 256774.1
2020 3 14 4977.9 1810.3 23234.0 10084.9 595.8 6902.3 0.0 133369.6 37956.0 42.2 27631.2 246604.3
2020 3 15 4977.9 1777.7 23234.0 9970.6 595.8 6773.8 0.0 133060.5 36459.2 42.8 26097.2 242989.7
2020 3 16 5446.3 1877.7 28269.8 10459.7 632.6 7053.2 0.0 130024.8 38174.7 43.5 24397.4 246379.8
2020 3 17 4647.4 2071.6 24359.8 11614.6 632.6 7870.4 0.0 136338.7 41685.5 48.7 20059.6 249329.0
2020 3 18 4647.4 1927.9 24359.8 10703.1 642.5 7220.5 0.0 141905.9 38771.2 44.7 21867.6 252090.6
2020 3 19 4143.4 2013.9 23097.9 11122.9 616.2 7461.7 0.0 136301.8 39989.3 46.1 19888.1 244681.3
2020 3 20 5424.0 1849.8 25517.2 10257.7 642.5 6871.4 0.0 141293.9 36658.8 42.6 25408.2 253966.0
2020 3 21 5528.4 1878.8 26778.2 10543.2 645.4 7022.9 0.0 136586.6 37111.5 43.9 26720.8 252859.8
2020 3 22 5473.8 1839.7 26183.1 10390.7 595.8 6846.6 0.0 133060.5 35858.2 43.7 25059.9 245352.1
2020 3 23 5446.3 1897.5 28269.8 10657.5 632.6 6964.4 0.0 130024.8 36906.9 44.3 26393.4 247237.4
2020 3 24 5480.1 2011.2 26363.0 11481.8 632.6 7540.9 0.0 138458.0 39115.4 47.4 19945.5 251075.9
2020 3 25 5480.1 1913.6 29312.1 10857.4 642.5 6991.2 0.0 144025.2 37059.3 50.2 21479.4 257810.9
2020 3 26 5480.1 1911.2 29312.1 10844.6 642.5 6874.5 0.0 142030.1 36985.3 48.7 20448.8 254577.9
2020 3 27 4958.1 1786.1 25517.2 10211.4 642.5 6400.7 0.0 141293.9 34150.3 43.5 21826.2 246829.9
2020 3 28 4273.6 1813.0 22076.6 9893.0 595.8 6054.8 0.0 129650.5 33230.4 46.5 25599.7 233233.9
2020 3 29 4063.8 1779.1 22306.2 9736.8 595.8 5867.3 0.0 134161.5 32213.0 45.7 23774.7 234543.9
2020 3 30 3007.5 1798.1 16538.0 9825.4 567.4 5882.4 0.0 127864.4 32633.5 46.4 26591.9 224755.2
2020 3 31 3024.7 1932.6 17580.3 10523.8 567.4 6250.2 0.0 130584.2 34901.7 49.6 19455.4 224870.0
2020 4 1 2998.6 1810.7 17776.0 9869.7 560.8 5557.2 0.0 131153.7 32536.2 51.9 21573.0 223887.8
2020 4 2 3136.6 1881.2 18585.9 10136.6 578.6 5568.5 0.0 131153.7 33406.9 52.9 20639.2 225140.0
2020 4 3 3136.6 1767.7 18569.4 9544.2 578.6 5172.1 0.0 129262.8 30585.5 46.8 19561.0 218224.7
2020 4 4 3092.2 1795.6 17830.4 9157.8 586.3 4794.9 0.0 121632.3 29545.6 49.9 23087.6 211572.5
2020 4 5 3506.8 1766.9 19195.9 9029.2 586.3 4709.1 0.0 132347.2 28949.7 50.4 22855.1 222996.6
2020 4 6 4130.0 1763.8 22562.0 9003.2 606.4 4663.1 0.0 126012.5 29015.1 50.2 25136.7 222943.0
2020 4 7 4371.5 1841.4 24121.0 9321.2 632.6 4741.8 0.0 134694.2 29804.8 52.0 18830.0 228410.4
2020 4 8 3534.2 1819.4 19668.3 9062.3 560.8 4445.4 0.0 136061.4 29015.0 57.3 20662.4 224886.6
2020 4 9 3150.6 1735.7 18585.9 8603.4 578.6 4069.4 0.0 132712.6 27445.8 53.4 20690.9 217626.1
2020 4 10 2966.9 1786.7 16927.2 8969.9 545.5 4195.3 0.0 129262.8 27463.5 51.7 17218.6 209388.1
2020 4 11 3092.2 1784.0 17830.4 8348.4 586.3 3660.3 0.0 121632.3 26053.3 54.6 24503.4 207545.0
2020 4 12 3274.6 1723.6 17896.7 8159.8 586.3 3564.6 0.0 132347.2 24800.9 52.6 22647.7 215054.0
2020 4 13 3054.4 1687.7 17725.6 8006.7 578.6 3471.2 0.0 127533.8 24482.3 52.6 26063.3 212656.1
2020 4 14 2985.2 1838.0 16948.5 8636.4 560.8 3689.2 0.0 133997.3 26509.4 56.8 21377.0 216598.6
2020 4 15 3193.8 1810.7 18619.3 8454.9 560.8 3520.9 0.0 131153.7 25654.8 56.1 23050.0 216075.0
2020 4 16 2789.7 1801.7 17067.3 8464.4 578.6 3515.2 0.0 132712.6 25807.3 56.9 23113.2 215907.0
2020 4 17 3067.3 1761.4 17837.8 8341.9 560.8 3441.9 0.0 131828.0 24421.5 52.9 19020.9 210334.5
2020 4 18 3274.6 1817.1 17896.7 8561.3 586.3 3540.4 0.0 126227.5 25639.4 57.4 27697.7 215298.3
2020 4 19 3287.4 1825.5 18628.3 8761.1 586.3 3613.7 0.0 131933.7 25417.8 56.3 24181.9 218292.0
2020 4 20 2599.9 1714.6 15628.8 8244.0 578.6 3361.6 0.0 129092.6 23936.0 53.7 26320.4 211530.3
2020 4 21 2599.9 1854.8 15628.8 8897.1 545.5 3615.4 0.0 131761.1 26161.7 59.4 24171.0 215294.6
2020 4 22 2894.0 1845.1 16205.9 8826.1 545.5 3569.1 0.0 132712.6 25728.0 57.5 25173.8 217557.6
2020 4 23 2789.7 1745.7 16943.7 8591.3 578.6 3385.4 0.0 132712.6 24531.1 54.5 25114.3 216446.9
2020 4 24 2762.4 1777.6 16927.2 8671.8 545.5 3310.4 46.0 129262.8 23870.1 51.7 18200.7 205426.2
2020 4 25 1963.8 1704.0 11565.8 8260.7 508.3 3177.7 47.0 115416.9 23599.7 54.7 31058.9 197357.5
2020 4 26 2951.0 1809.2 16857.9 8989.7 586.3 3443.3 54.7 132596.0 24593.4 54.1 25786.7 217722.3
2020 4 27 3054.4 1651.3 17725.6 7711.5 560.8 2776.8 91.6 127533.8 21358.5 50.7 27319.6 209834.5
2020 4 28 2599.9 1741.2 15628.8 8153.0 545.5 2925.5 98.4 131761.1 22966.5 55.4 25077.8 211553.0
2020 4 29 2186.7 1779.0 12674.3 8259.4 530.2 2905.3 123.3 130714.3 23146.2 55.4 25295.2 207669.1
2020 4 30 1852.5 1708.9 12053.7 8238.6 530.2 2860.0 105.4 131909.3 22709.8 53.7 27944.7 209966.6
2020 5 1 1870.4 1624.8 11753.1 7714.2 574.0 2544.4 146.3 136791.2 20457.7 47.1 20759.1 204282.3
2020 5 2 1935.2 1509.6 11529.0 7195.3 532.4 2396.2 134.0 113332.9 19475.3 47.7 30182.2 188269.9
2020 5 3 2998.7 1825.2 17297.9 8718.8 675.3 2872.0 172.6 133510.6 23143.6 54.6 27698.0 218967.3
2020 5 4 2119.1 1586.8 12307.2 7163.3 570.2 2168.5 221.9 125951.9 18954.7 47.3 25212.7 196303.8
2020 5 5 1935.2 1620.5 11580.3 7339.6 570.2 2212.5 228.6 130821.3 19720.5 50.1 24144.9 200223.7
2020 5 6 1935.2 1764.6 11540.5 7831.8 570.4 2224.5 293.0 130840.0 20837.0 53.6 22806.8 200697.4
2020 5 7 1935.2 1619.2 11725.3 7576.2 570.4 2145.6 255.2 130495.7 19377.2 48.2 26422.8 202171.0
2020 5 8 1935.2 1573.8 11812.9 7134.3 570.0 1829.8 295.1 128495.8 18058.4 45.2 21671.8 193422.4
2020 5 9 2929.6 1456.1 16836.1 6579.3 675.3 1658.3 290.3 115043.7 16793.0 44.0 27070.3 189376.0
2020 5 10 2998.7 1768.6 17297.9 8090.3 675.3 2039.7 350.9 132313.3 20135.4 51.9 29004.4 214726.5
2020 5 11 1935.2 1545.3 11896.4 6697.7 573.7 1453.7 388.1 128145.1 16454.4 44.6 23860.6 192994.9
2020 5 12 1935.2 1526.9 11938.1 6396.9 573.7 1366.7 379.7 130215.1 16272.7 44.8 21947.7 192597.5
2020 5 13 1935.2 1796.9 11938.1 7479.3 573.9 1549.3 465.5 133033.2 19127.3 53.0 20962.4 198914.1
2020 5 14 1935.2 1599.7 11805.4 6843.6 574.0 1449.1 410.9 139007.4 17101.5 47.6 26892.3 207666.7
2020 5 15 1870.4 1541.6 11753.1 6454.7 585.9 1227.3 438.2 134136.1 15843.8 44.1 21250.6 195145.7
2020 5 16 1935.2 1464.6 11268.7 6152.1 533.2 1164.0 424.3 121069.3 15209.2 43.2 24452.8 183716.6
2020 5 17 1578.8 1794.8 12118.2 7562.3 599.4 1475.3 500.1 145974.2 18616.8 52.8 29602.0 219874.7
2020 5 18 1509.7 1576.8 9919.2 6822.4 587.0 1328.0 445.0 135718.3 16309.9 44.9 21677.9 195939.1
2020 5 19 1581.2 1579.6 11291.9 6579.7 590.4 1284.4 432.9 130942.5 16325.7 45.6 19637.0 190290.8
2020 5 20 1509.7 1828.5 9928.6 7615.5 587.4 1463.2 513.1 141864.6 18971.5 53.1 20953.3 205288.5
2020 5 21 1509.7 1622.7 9944.9 6811.0 587.4 1322.9 454.7 141988.4 16772.8 47.7 25428.0 206490.1
2020 5 22 1509.7 1610.7 9968.5 6755.5 588.1 1288.5 455.9 145194.4 16102.5 44.8 18383.4 201902.0
2020 5 23 1509.7 1586.7 9468.0 6611.0 560.0 1246.8 467.4 127189.1 16363.8 46.3 23961.0 189009.8
2020 5 24 1939.5 1841.4 13760.0 7676.5 602.8 1447.8 563.0 143319.0 18633.5 53.0 28883.8 218720.2
2020 5 25 1581.2 1653.8 11282.5 7038.2 590.4 1320.3 524.9 129138.2 16756.5 46.4 20987.7 190920.0
2020 5 26 1581.2 1676.3 11291.9 6839.4 590.4 1258.9 550.0 130942.5 16899.9 46.8 17202.6 188879.8
2020 5 27 1509.7 1884.0 9957.7 7689.5 588.1 1387.2 727.2 141864.6 19347.1 53.2 21421.9 206430.1
2020 5 28 1509.7 1634.4 9974.0 6949.4 588.1 1255.0 747.7 149027.0 16622.6 45.2 25170.3 213523.4
2020 5 29 1509.7 1627.4 9980.5 6898.6 585.5 1262.4 705.9 145170.3 16015.4 41.7 16804.7 200602.1
2020 5 30 1509.7 1555.8 9480.0 6535.2 557.4 1179.4 693.7 139990.4 15819.6 42.4 25030.5 202394.0
2020 5 31 1578.8 1830.3 12118.2 7678.9 600.0 1378.9 868.3 145974.2 18267.9 49.3 26790.0 217134.9
2020 6 1 886.6 1645.4 7019.7 6943.4 473.6 1198.9 792.2 113579.4 16196.3 42.3 21393.6 170171.4
2020 6 2 916.3 1701.1 7393.6 7093.5 473.6 1195.0 882.1 118685.5 16717.3 43.0 21953.6 177054.6
2020 6 3 961.3 1836.1 7694.9 7574.2 473.6 1264.9 978.6 122043.4 17971.4 46.5 21546.1 182391.0
2020 6 4 1293.7 1671.5 9797.9 7218.2 496.8 1197.0 1036.6 122593.4 16069.4 41.3 24174.2 185589.9
2020 6 5 1037.4 1570.1 7652.9 6749.4 472.3 1129.7 937.3 121631.6 14748.5 36.5 19476.5 175442.3
2020 6 6 1150.2 1598.1 8489.0 6669.3 480.6 1100.5 965.7 100592.9 15351.5 139.2 27078.5 163615.5
2020 6 7 1179.1 1887.2 9101.3 7990.2 480.6 1309.6 1198.0 123245.8 17643.6 156.1 24297.7 188489.4
2020 6 8 921.6 1707.5 7079.8 7011.6 473.6 1150.1 1097.4 114248.2 15628.4 135.8 22564.1 172017.9
2020 6 9 1068.7 1757.6 9255.9 7003.2 473.6 1115.9 1166.1 118685.5 16125.1 740.5 22802.3 180194.4
2020 6 10 1066.5 1857.5 9332.8 7341.5 473.6 1157.6 1266.0 122043.4 16892.4 799.7 22029.8 184260.8
2020 6 11 1132.5 1719.4 9381.8 7168.2 473.6 1124.7 1313.4 122043.4 15431.0 739.8 25106.8 185634.6
2020 6 12 996.5 1606.0 7255.9 6627.9 472.3 1044.3 1198.3 121081.6 14081.9 712.1 21778.7 176855.4
2020 6 13 772.8 1662.6 5972.6 6615.3 457.4 1031.3 1239.5 99679.9 14752.9 864.0 28597.9 161646.2
2020 6 14 855.9 1899.7 6705.5 7791.5 457.4 1210.6 1453.7 122397.3 16418.5 1051.6 22729.4 182971.2
2020 6 15 886.6 1743.9 7019.7 6905.6 473.6 1069.3 1328.0 113579.4 14747.2 915.2 23280.4 171948.9
2020 6 16 1075.4 1763.7 9487.8 6816.7 473.6 1047.9 1348.3 118685.5 15052.4 1518.5 23991.8 181261.6
2020 6 17 1014.1 1820.2 8013.0 6939.2 473.6 1068.0 1347.3 122043.4 15239.5 1540.7 24620.5 184119.4
2020 6 18 868.0 1821.2 7435.3 7109.1 451.7 1090.3 1344.1 122043.4 15114.1 1721.5 24153.6 183152.1
2020 6 19 822.7 1711.8 6729.1 6600.8 472.3 1015.7 1244.2 121081.6 13946.8 1583.4 22070.0 177278.3
2020 6 20 772.8 1767.4 5832.1 6594.6 457.4 1007.8 1285.7 99679.9 14643.8 1681.4 28530.4 162253.3
2020 6 21 821.4 1942.8 6610.8 7426.4 457.4 1136.1 1426.1 122397.3 15741.8 1964.4 24945.4 184870.0
2020 6 22 926.8 1869.9 8479.8 6929.6 473.6 1058.3 1355.8 112070.5 14838.8 1832.8 23751.7 173587.7
2020 6 23 766.5 1848.1 6322.9 6715.2 446.6 1015.2 1334.8 116537.7 14689.6 2434.8 19375.4 171486.7
2020 6 24 1016.8 2002.9 8955.9 7105.0 473.6 1062.3 1509.3 122043.4 16291.2 2691.7 26663.0 189815.0
2020 6 25 818.5 1873.3 6614.1 6793.8 446.6 1003.2 1467.8 122043.4 15077.9 2934.8 24594.8 183668.1
2020 6 26 958.9 1842.0 8370.2 6695.3 472.3 984.5 1525.5 121081.6 14565.9 2828.8 20334.4 179659.5
2020 6 27 692.6 1819.0 4666.0 6190.5 457.4 888.2 1490.7 99679.9 15777.7 4243.0 27576.6 163481.7
2020 6 28 830.7 1939.0 5575.2 6754.6 457.4 970.0 1621.4 122397.3 16741.9 4947.7 28774.8 191009.9
2020 6 29 847.5 1825.3 7559.9 6387.7 473.6 908.0 1533.7 112070.5 15791.9 4584.7 24316.2 176299.1
2020 6 30 964.6 1809.8 8163.9 6334.4 473.6 886.2 1564.3 118233.8 15655.2 4637.1 18949.5 177672.5
2020 7 1 821.2 1986.7 6787.0 6890.0 438.5 954.1 1871.1 119709.6 17959.1 5588.6 28495.0 191500.8
2020 7 2 844.2 1880.6 6787.0 6715.9 438.5 917.2 1840.0 119709.6 16721.0 6953.0 23060.7 185867.5
2020 7 3 817.4 1871.4 6311.3 6734.1 438.5 917.3 1914.5 118351.4 16342.0 6833.3 18157.0 178688.1
2020 7 4 595.9 1755.6 5182.8 5912.5 438.5 781.7 1789.0 98524.5 16764.3 7213.8 27071.3 166029.9
2020 7 5 738.8 1849.3 5698.1 6349.3 438.5 838.1 1929.4 109915.7 17639.4 8008.3 33851.8 187256.7
2020 7 6 766.8 1815.1 6296.2 6260.3 438.5 817.9 1931.3 113505.4 17334.7 8472.1 25562.7 183201.0
2020 7 7 759.9 1810.5 6061.8 6219.2 438.5 801.2 1966.7 115794.0 17156.4 8224.2 18121.9 177354.4
2020 7 8 827.3 2050.7 6481.5 6740.9 438.5 848.9 2326.9 119709.6 20547.2 9099.4 28212.1 197283.1
2020 7 9 742.4 1883.1 5687.9 6278.4 438.5 774.9 2247.9 116916.3 18794.7 10341.2 24502.8 188608.1
2020 7 10 643.2 1786.8 5407.9 6086.0 431.0 753.5 2181.7 115247.4 17356.9 9514.5 18391.9 177800.9
2020 7 11 518.0 1719.2 4848.3 5477.7 431.0 649.7 2106.2 96244.9 18262.6 9563.4 28181.3 168002.2
2020 7 12 634.4 1852.8 5363.6 6064.0 431.0 719.6 2328.2 109915.7 19563.9 11494.5 33505.3 191872.9
2020 7 13 642.8 1766.6 5374.2 5812.6 443.1 683.7 2258.0 111108.8 18708.1 11631.0 27825.8 186254.9
2020 7 14 606.2 1827.3 5129.9 5987.2 431.0 700.0 2360.2 112404.0 19250.5 11456.5 17753.6 177906.4
2020 7 15 633.7 1908.3 5231.7 6068.4 431.0 709.1 2501.9 115247.4 20826.1 11510.4 26643.1 191711.2
2020 7 16 656.7 1935.2 5231.7 6253.9 431.0 730.9 2587.9 115247.4 21057.9 13673.7 24059.2 191865.5
2020 7 17 666.6 1766.8 5231.7 5798.0 431.0 684.7 2327.2 115247.4 18745.0 12914.3 17815.7 181628.4
2020 7 18 547.7 1670.8 4848.3 5404.0 431.0 634.3 2213.0 96244.9 18193.6 10168.3 29095.8 169451.8
2020 7 19 661.3 1862.3 5684.9 6103.8 457.9 720.8 2496.6 109915.7 19963.1 12729.4 29966.0 190561.7
2020 7 20 596.1 1869.9 5167.6 6141.0 450.4 721.1 2536.6 111108.8 20090.3 13462.7 29628.8 191773.4
2020 7 21 582.7 1842.2 5222.5 6021.6 450.4 704.3 2489.8 112404.0 19789.7 12035.2 17720.4 179262.9
2020 7 22 594.3 1823.0 5409.6 5871.8 450.4 690.3 2490.2 115247.4 19782.6 11867.9 25124.1 189351.5
2020 7 23 611.9 2031.9 5553.1 6554.1 457.9 771.7 2821.4 115247.4 22110.8 14722.2 24845.8 195728.0
2020 7 24 577.9 1708.4 5112.3 5573.9 417.8 658.0 2328.9 115247.4 18094.7 12766.3 18382.1 180867.7
2020 7 25 433.2 1763.3 4459.5 5668.9 417.8 655.6 2428.5 96244.9 19109.9 12330.4 29960.2 173472.1
2020 7 26 535.0 1973.0 4795.0 6446.9 417.8 753.6 2742.3 109915.7 21082.8 15625.0 22363.9 186651.1
2020 7 27 586.7 1942.3 5167.6 6327.3 450.4 739.3 2714.6 111108.8 20888.1 15379.9 30190.0 195495.1
2020 7 28 582.7 1945.7 5222.5 6026.7 450.4 691.4 2648.4 112404.0 20720.0 17399.4 16355.6 184446.8
2020 7 29 544.0 1759.2 4727.5 5506.4 417.8 639.9 2460.5 115247.4 18918.8 16559.3 20884.3 187665.0
2020 7 30 627.8 2026.5 5334.3 6319.0 450.4 730.9 2851.4 115247.4 21984.4 19386.4 24023.5 198982.1
2020 7 31 635.0 1781.8 5387.6 5631.1 450.4 654.9 2479.1 115247.4 18804.4 17742.9 16814.5 185629.0
2020 8 1 495.4 1675.4 4792.3 5288.7 522.8 612.7 2371.7 90604.0 18166.8 15911.2 31373.9 171814.8
2020 8 2 553.4 1865.9 5001.8 5969.3 522.8 700.8 2661.7 108394.4 20067.1 19020.9 19581.7 184339.8
2020 8 3 657.3 1925.4 5426.6 6121.9 553.9 716.7 2748.4 107214.7 20827.0 19622.8 29737.3 195551.9
2020 8 4 553.2 1958.2 4970.9 5886.1 522.8 674.2 2727.0 110487.5 20925.5 22718.8 13255.9 184680.0
2020 8 5 520.5 1787.4 4326.6 5476.1 483.8 627.9 2544.4 116756.9 19350.6 21772.9 17344.3 190991.5
2020 8 6 520.5 1925.9 4326.6 5845.2 483.8 665.3 2735.1 116711.1 20996.2 22731.5 25306.2 202247.4
2020 8 7 631.7 1703.2 5397.5 5232.3 553.9 599.8 2396.9 115432.4 18036.1 20654.3 16885.0 187523.3
2020 8 8 573.9 1592.9 5315.4 4831.9 553.9 540.7 2265.5 92276.0 17171.2 19459.8 31556.7 176137.8
2020 8 9 629.0 1829.5 5553.8 5600.3 553.9 630.0 2623.3 109889.7 19749.3 23197.7 20015.6 190272.2
2020 8 10 631.7 1777.7 5394.6 5419.2 553.9 609.9 2546.1 107214.7 19203.8 22279.1 29747.2 195378.0
2020 8 11 631.7 1874.7 5394.6 5389.3 553.9 595.8 2611.9 110907.2 19895.4 26553.0 14190.1 188597.7
2020 8 12 631.7 1745.1 5483.0 5139.3 553.9 569.8 2490.8 116309.6 18836.2 24532.8 13646.3 189938.5
2020 8 13 657.3 1804.2 5483.0 5196.7 553.9 565.2 2557.2 116012.4 19705.3 24752.3 26220.1 203507.7
2020 8 14 657.3 1744.8 5483.0 5147.4 553.9 572.3 2460.9 115050.6 18511.8 24087.4 16310.3 190579.8
2020 8 15 599.5 1417.3 5483.0 4107.8 553.9 450.7 2009.5 91802.1 15218.1 20124.7 31769.8 173536.3
2020 8 16 629.0 1694.8 5553.8 4923.7 553.9 541.1 2417.8 109592.5 18301.9 24148.8 23039.7 191396.8
2020 8 17 657.3 1666.2 5393.5 4834.2 553.9 532.6 2373.5 108261.8 17929.9 23328.4 28347.9 193879.1
2020 8 18 657.3 1805.9 5393.5 5201.0 553.9 570.1 2568.9 111954.3 19561.3 25587.2 17298.4 191151.9
2020 8 19 657.3 1688.2 5483.0 4904.9 553.9 539.8 2404.0 116012.4 18221.4 23169.5 13740.1 187374.5
2020 8 20 657.3 1677.1 5483.0 4786.9 553.9 518.4 2376.9 116012.4 18301.8 22537.4 27131.6 200036.7
2020 8 21 657.3 1687.5 5483.0 4893.7 553.9 539.1 2367.4 115050.6 17885.4 22828.7 17279.9 189226.6
2020 8 22 573.9 1516.0 5483.0 4324.7 553.9 473.1 2143.4 92099.3 16349.0 20757.9 30638.9 174913.1
2020 8 23 629.0 1723.6 5553.8 4934.6 553.9 541.5 2417.2 109592.5 18571.8 23705.7 25471.1 193694.8
2020 8 24 657.3 1671.8 5426.6 4817.4 553.9 531.0 2327.4 108261.8 17963.3 22306.0 27445.7 191962.1
2020 8 25 671.6 1735.8 5393.5 4951.2 553.9 543.9 2398.4 111954.3 18678.7 23417.8 20703.0 191002.2
2020 8 26 975.7 1737.6 7966.1 5054.1 575.0 569.9 2274.4 122043.4 18715.4 22084.0 17661.0 199656.4
2020 8 27 1023.4 1750.2 7966.1 5104.3 575.0 572.5 2215.4 122043.4 18918.5 22847.5 25397.6 208414.0
2020 8 28 884.6 1630.0 6934.5 4880.5 575.0 566.7 2060.1 121081.6 16358.8 18918.8 19326.5 193216.9
2020 8 29 836.6 1583.7 6517.1 4736.5 575.0 554.3 2001.9 99679.9 16333.0 17179.1 31859.2 181856.3
2020 8 30 975.4 1690.3 6907.1 5091.0 575.0 599.2 2088.8 122397.3 17110.4 19109.1 28555.8 205099.5
2020 8 31 951.2 1701.7 7871.3 5159.7 575.0 607.9 2069.2 112070.5 17277.9 18759.3 26042.5 193086.1
2020 9 1 829.1 1756.4 6098.0 5386.0 563.1 643.5 2139.2 118075.0 17818.3 19689.9 19323.8 192322.4
2020 9 2 931.2 1857.0 7138.7 5757.8 646.1 705.6 2090.9 125407.3 18882.2 19729.8 22740.3 205886.9
2020 9 3 755.2 1715.6 5536.9 5340.8 520.1 651.5 1858.6 121487.8 17296.9 19648.7 24754.8 199566.9
2020 9 4 636.4 1585.1 5446.4 5086.6 506.9 640.7 1704.6 118304.8 14709.7 15694.9 20428.1 184744.5
2020 9 5 649.8 1683.2 5048.9 5282.2 452.6 664.4 1821.0 99269.4 16393.1 15103.8 31111.4 177479.8
2020 9 6 915.6 1782.8 6625.4 5654.4 650.8 717.6 1827.7 125724.3 16681.1 17002.1 31870.1 209451.8
2020 9 7 1097.1 1712.5 7997.4 5408.3 853.1 684.9 1716.7 120605.9 16181.1 16044.9 27661.6 199963.6
2020 9 8 1062.6 1684.3 7879.7 5286.1 867.8 673.0 1641.5 123199.1 15434.0 15490.8 20845.5 194064.4
2020 9 9 931.2 1881.2 7138.7 5819.9 646.1 753.0 1675.0 126607.7 17637.2 15772.1 27527.4 206389.3
2020 9 10 937.6 1738.4 7014.9 5433.6 646.1 701.5 1482.8 129303.8 16000.5 16603.4 24940.9 204803.7
2020 9 11 914.0 1615.6 6427.3 5275.1 584.9 705.9 1330.6 123007.6 13381.0 12681.1 21019.8 186942.9
2020 9 12 824.7 1650.4 5802.0 5260.4 554.7 703.9 1359.1 101731.7 14373.8 11345.8 29184.1 172790.7
2020 9 13 915.6 1828.6 6625.4 5825.7 650.8 779.8 1454.0 125041.8 15455.9 13839.6 33934.8 206351.9
2020 9 14 1046.1 1739.3 7827.8 5473.4 674.4 732.4 1330.2 123297.8 14720.8 13129.0 26586.1 196557.5
2020 9 15 1011.6 1727.1 7710.1 5410.0 689.1 729.9 1277.6 125891.1 14137.7 13123.2 20174.0 191881.2
2020 9 16 1031.2 1927.3 7627.0 5821.1 885.2 785.6 1388.4 123915.7 16253.3 12717.3 27856.6 200208.7
2020 9 17 1037.7 1692.4 7503.1 5181.9 867.8 699.4 1227.3 126611.9 13864.3 12874.5 24469.8 196030.0
2020 9 18 914.0 1728.2 6427.3 5447.2 584.9 735.7 1274.1 123007.6 13850.3 13380.2 18886.9 186236.3
2020 9 19 924.7 1676.5 6290.3 5084.5 781.1 685.6 1207.1 100240.1 13939.3 11222.6 26088.4 168139.9
2020 9 20 1039.5 1832.0 6602.4 5622.9 609.1 760.8 1310.1 123333.6 14828.9 13879.3 31978.2 201796.7
2020 9 21 1097.1 1732.8 7486.2 5224.7 606.8 710.5 1206.7 119180.7 14045.6 13067.9 25501.3 189860.3
2020 9 22 1062.6 1696.9 7580.5 5060.0 623.9 693.3 1151.9 123199.1 13570.3 12767.8 20902.4 188308.7
2020 9 23 1031.2 1856.2 7115.8 5314.0 617.1 754.1 1207.7 122490.5 15242.1 12044.2 25950.4 193623.2
2020 9 24 1037.7 1731.4 6991.9 5110.9 617.1 814.4 1063.4 126913.1 14104.0 12085.4 23742.5 194211.8
2020 9 25 914.0 1752.3 6687.7 5473.0 846.2 878.9 1068.9 123007.6 13778.7 13171.1 17215.5 184794.0
2020 9 26 824.7 1655.0 5802.0 5121.5 554.7 836.9 981.0 101731.7 13461.6 10514.0 25559.2 167042.2
2020 9 27 1039.5 1727.1 6853.2 6087.9 615.9 1263.5 900.2 123032.3 14109.2 10138.3 29278.7 195045.7
2020 9 28 1097.1 1735.1 7486.2 5947.3 606.8 1249.2 856.9 120907.2 14003.4 10012.6 24084.9 187986.7
2020 9 29 1062.6 1779.9 7880.2 6415.8 617.1 1477.4 766.0 121774.0 14629.2 9520.4 21177.2 187099.6
2020 9 30 1828.0 1782.9 10918.7 5932.4 720.8 1245.3 874.9 121974.7 14698.9 9311.8 23765.6 193054.1
2020 10 1 2012.1 1695.5 12157.9 6101.9 640.0 1426.5 729.2 128326.0 14279.9 10419.2 21323.6 199111.8
2020 10 2 925.6 1672.1 5903.5 6287.1 510.1 1470.7 689.5 125161.7 13741.1 11161.6 16764.2 184287.1
2020 10 3 799.9 1629.1 6175.6 6172.3 504.3 1479.0 632.6 101749.3 13897.5 8757.7 25053.6 166850.9
2020 10 4 1033.8 1644.5 6499.3 6933.6 514.1 1872.2 513.6 125496.6 14006.0 7715.4 25065.4 191294.6
2020 10 5 2039.3 1749.6 13144.1 7241.1 664.9 2025.9 444.0 121525.1 14657.7 7282.4 23743.0 194517.1
2020 10 6 2096.5 1770.1 13090.8 7512.1 664.9 2191.1 360.7 125400.9 14908.1 6606.3 19094.5 193696.2
2020 10 7 2117.0 1710.1 13226.9 6923.7 648.1 1937.8 441.3 125743.3 14560.6 6380.5 21847.3 195536.5
2020 10 8 2012.1 1731.8 12157.9 7225.4 640.0 2163.4 324.9 128326.0 14783.4 6206.3 19698.1 195269.3
2020 10 9 2164.2 1695.5 11731.7 7244.8 657.4 2154.2 283.7 125372.2 14111.4 7056.0 16051.7 188522.9
2020 10 10 2331.0 1704.5 11889.2 7333.8 623.2 2192.2 265.7 101959.9 14715.0 5730.3 23940.9 172685.7
2020 10 11 2964.9 1773.3 19158.5 8185.4 673.3 2638.2 381.3 139141.8 15268.8 3880.9 22173.1 216239.6
2020 10 12 3985.9 1881.1 17348.6 8356.8 681.8 2722.8 240.3 126997.8 15988.1 3651.8 20771.3 202626.4
2020 10 13 2831.9 1883.6 16490.0 8467.6 652.2 2814.0 78.5 132415.9 16052.7 3454.7 17251.9 202393.1
2020 10 14 2835.3 1891.1 15593.5 8172.3 704.8 2648.0 292.7 128439.6 16459.9 3597.5 21320.0 201954.8
2020 10 15 2578.5 1780.1 14235.5 7892.5 704.8 2613.6 117.7 131942.9 15148.9 3401.9 18629.2 199045.7
2020 10 16 2567.2 1816.7 14552.4 8018.6 676.8 2642.2 114.1 127218.9 15134.7 3595.8 15138.0 191475.3
2020 10 17 2551.7 1818.7 14630.0 7935.1 649.9 2628.0 103.8 106861.7 16041.4 3064.8 23046.3 179331.2
2020 10 18 2896.7 1963.1 16637.2 8396.1 673.3 2779.6 110.5 139141.8 16711.1 3650.1 21863.8 214823.3
2020 10 19 2497.0 1953.3 14696.9 8246.4 693.3 2761.0 0.0 123700.4 16874.8 3182.1 19735.8 194340.9
2020 10 20 2669.4 1860.0 15428.8 7685.6 693.3 2567.7 78.5 127576.2 15901.1 3517.8 13997.9 191976.4
2020 10 21 2690.8 2072.5 15714.2 8445.3 704.8 2818.7 75.1 129360.3 18413.8 3358.6 22513.4 206167.5
2020 10 22 2664.8 1868.1 14395.8 7670.2 748.9 2587.0 0.0 131942.9 16044.5 3177.9 20275.0 201375.2
2020 10 23 2635.4 1843.2 16023.7 7545.7 647.8 2527.4 0.0 127218.9 15430.9 3210.6 16142.6 193226.1
2020 10 24 3505.1 1835.5 19595.4 7350.8 671.9 2517.0 0.0 113112.9 16473.2 2612.6 24132.0 191806.5
2020 10 25 3347.4 2101.4 22491.3 8413.1 721.1 2997.0 0.0 146903.6 18178.1 3835.2 24277.6 233265.7
2020 10 26 2855.6 1901.6 16497.4 7517.0 652.2 2689.7 0.0 126522.6 17139.9 3101.0 19910.3 198787.2
2020 10 27 2831.9 1783.8 16490.0 7036.5 652.2 2592.9 0.0 132415.9 16079.5 2937.7 14777.0 197597.4
2020 10 28 3202.8 2170.1 18285.3 8686.6 675.5 3483.9 0.0 132971.2 22424.4 4618.9 25069.1 221587.8
2020 10 29 3798.7 1753.3 21015.9 7452.2 811.4 2961.0 0.0 140493.0 18236.5 4308.7 21828.3 222659.0
2020 10 30 4215.7 1716.3 23012.4 7307.3 738.4 2859.3 0.0 156613.2 17424.3 4203.9 18783.5 236874.5
2020 10 31 3577.6 1721.5 19445.1 7209.2 678.0 2923.5 0.0 137521.7 19292.8 3348.1 26786.9 222504.4
2020 11 1 4714.0 1882.4 24340.5 8296.3 697.7 3489.1 0.0 149092.0 20669.0 4986.9 28949.6 247117.5
2020 11 2 4249.3 1700.7 22139.1 7721.1 645.1 3323.7 0.0 129740.3 19919.4 4710.7 23554.6 217704.0
2020 11 3 4275.3 1674.2 21913.7 7785.9 657.1 3470.4 0.0 128095.6 20379.1 4460.2 15296.0 208007.6
2020 11 4 4450.0 1944.3 22392.9 9089.7 681.7 4262.4 0.0 131150.8 25144.9 6659.5 24919.5 230695.7
2020 11 5 4132.4 1724.7 21784.5 8667.7 684.7 4096.1 0.0 142020.1 23320.3 7240.8 21271.0 234942.2
2020 11 6 3682.8 1529.3 19453.7 7740.2 654.9 3636.8 0.0 138175.4 20347.1 6424.2 20815.6 222460.1
2020 11 7 3465.5 1587.4 17991.0 7795.1 556.5 3745.8 0.0 114342.4 22691.4 5544.4 27980.7 205700.3
2020 11 8 3951.8 1760.5 20842.3 8778.0 682.2 4378.5 0.0 150464.8 24242.6 7995.8 27538.3 250634.9
2020 11 9 4857.7 1707.6 24184.9 8891.0 651.7 4547.3 0.0 148684.3 24805.8 8943.2 22109.5 249382.9
2020 11 10 4212.9 1688.9 21913.7 8793.4 657.1 4572.0 0.0 128095.6 25554.3 7420.0 13247.2 216155.1
2020 11 11 5067.4 1819.0 25583.7 9479.9 688.3 5122.1 0.0 164823.2 28527.9 9517.7 23444.1 274073.4
2020 11 12 4679.2 1739.0 23142.3 9555.4 684.7 5183.9 0.0 143382.2 28647.0 10735.7 20081.6 247831.0
2020 11 13 4147.7 1522.1 20170.0 8463.8 654.9 4632.8 0.0 129803.3 24498.3 9859.0 19001.1 222753.0
2020 11 14 3241.9 1655.5 18122.3 8737.8 607.4 4853.2 0.0 119335.2 28361.3 8878.8 28888.2 222681.8
2020 11 15 4949.7 1712.5 24702.6 9248.5 697.7 5284.1 0.0 168083.3 28475.9 11816.7 24839.0 279810.0
2020 11 16 5581.1 1700.4 22962.3 9414.2 673.4 5364.6 0.0 132804.9 28909.2 12146.3 23374.0 242930.4
2020 11 17 4294.8 1741.6 22673.5 9508.4 657.1 5431.4 0.0 135697.6 30713.8 10395.6 13649.2 234763.0
2020 11 18 5841.8 1792.5 26179.0 9616.3 710.0 5570.9 0.0 158923.1 31140.4 11736.8 23195.9 274706.6
2020 11 19 5106.0 1889.0 25227.5 10104.1 696.8 5894.5 0.0 161618.7 31989.2 14083.0 18369.9 274978.6
2020 11 20 4723.2 1670.4 23096.5 9030.2 670.4 5327.5 0.0 158315.5 27913.6 12792.1 18447.4 261986.7
2020 11 21 4304.5 1800.4 21667.2 9218.6 622.9 5477.5 0.0 122163.9 31383.1 11755.0 27771.5 236164.6
2020 11 22 6938.9 1870.4 30339.2 9755.7 743.2 5907.3 0.0 164137.9 31521.8 14898.2 22575.0 288687.5
2020 11 23 6788.3 1893.8 28003.3 9893.0 673.4 5976.1 0.0 154439.1 32703.5 14101.5 22867.7 277339.8
2020 11 24 6813.9 1813.7 28419.5 9498.5 685.4 5848.3 0.0 162410.9 32283.4 11890.5 13479.5 273143.6
2020 11 25 6524.4 1949.6 29337.8 9702.6 710.0 6061.7 0.0 161105.4 35734.0 13189.0 24129.9 288444.4
2020 11 26 6984.2 1909.7 30556.8 9653.2 735.7 6224.2 0.0 176198.3 33803.8 15092.3 16937.7 298095.8
2020 11 27 6580.6 1829.5 28803.8 9923.7 709.3 6716.9 0.0 155579.8 35246.4 10710.3 18539.6 274639.9
2020 11 28 5728.5 1772.9 24437.3 9626.9 668.4 6467.0 0.0 135300.9 35970.6 9993.3 27025.6 256991.4
2020 11 29 6195.2 1842.9 27110.5 10082.2 743.2 6886.9 0.0 162229.0 36670.9 12324.0 25649.5 289734.4
2020 11 30 6788.3 1793.4 28003.3 9760.5 673.4 6671.5 0.0 154439.1 36283.0 10626.0 22640.8 277679.3
2020 12 1 10868.9 1783.9 46543.3 10520.5 1003.8 7567.1 0.0 146260.5 39364.5 9288.7 15714.1 288915.2
2020 12 2 10313.8 1897.1 44843.8 10586.1 1041.5 7570.7 0.0 148128.5 42468.9 10465.6 25806.2 303122.2
2020 12 3 9977.9 1748.2 41711.8 9977.1 1041.5 7316.2 0.0 146623.9 37573.3 11879.9 16669.6 284519.5
2020 12 4 10313.8 1830.4 44710.3 11183.0 1041.5 8437.2 0.0 149131.4 43371.6 7616.5 21409.6 299045.2
2020 12 5 9316.5 1679.5 39002.5 10525.3 962.2 7891.3 0.0 131937.1 41975.3 7161.9 26179.6 276631.3
2020 12 6 9384.5 1754.3 40569.7 10948.1 972.9 8271.8 0.0 138384.3 43392.8 8467.6 27994.2 290140.3
2020 12 7 9630.2 1780.4 43267.1 11017.1 962.0 8357.6 0.0 134599.8 44457.0 7656.8 21479.0 283207.0
2020 12 8 10857.4 1807.3 49709.2 11805.5 1197.7 9217.0 0.0 161732.9 47777.9 6121.6 16820.6 317047.1
2020 12 9 10549.5 1816.0 47816.4 11389.3 1064.3 8868.0 0.0 152736.6 49115.5 6460.5 23311.3 313127.4
2020 12 10 9743.2 1732.9 43939.0 11000.2 1105.7 8746.5 0.0 146203.7 46295.8 7091.0 16568.6 292426.6
2020 12 11 11226.5 1795.1 49302.6 11985.1 1044.5 9675.0 0.0 152932.7 50926.1 3285.7 22428.3 314601.7
2020 12 12 10067.5 1593.9 44381.6 11103.2 962.2 8972.4 0.0 133209.4 48027.6 3207.8 27249.2 288774.7
2020 12 13 9953.7 1661.7 43520.9 11494.5 972.9 9323.0 0.0 140144.3 49529.9 3682.5 27619.4 297902.7
2020 12 14 9630.2 1681.5 44780.0 11579.0 1197.7 9443.6 0.0 148714.6 50469.8 3627.2 21262.3 302386.0
2020 12 15 10857.4 1824.9 49770.9 12837.3 1197.7 10569.2 0.0 161732.9 56026.8 2784.6 18689.3 326291.1
2020 12 16 10857.4 1698.8 48715.0 11932.5 1168.0 9804.5 0.0 159605.9 53101.7 2487.0 22477.3 321848.2
2020 12 17 11226.5 1665.7 49456.1 11667.9 1064.3 9625.8 0.0 154544.3 51857.9 2788.1 18312.6 312209.2
2020 12 18 9659.7 1680.0 42993.9 11729.7 1078.6 9658.9 0.0 141399.9 52304.9 2492.8 24664.0 297662.4
2020 12 19 9846.4 1590.3 42180.0 11022.4 956.6 9082.8 0.0 134674.2 49871.2 2452.6 27294.6 288971.2
2020 12 20 9652.1 1647.9 42547.8 11400.0 991.6 9440.4 0.0 138949.4 51211.6 2675.9 25967.4 294484.1
2020 12 21 9032.6 1706.0 38359.4 11727.8 934.9 9681.8 0.0 129547.9 53280.8 2424.6 23586.5 280282.4
2020 12 22 10313.8 1721.2 44651.1 11880.4 1003.8 9890.4 0.0 144839.3 53847.5 2182.2 20668.7 300998.3
2020 12 23 10868.9 1732.1 46735.9 11880.5 1052.9 9902.4 0.0 151646.0 54680.8 2025.8 20123.1 310648.3
2020 12 24 9659.7 1733.8 43158.8 11866.8 1100.4 9913.0 0.0 141399.9 54899.9 2237.6 18161.6 294131.5
2020 12 25 9743.2 1686.5 43774.0 11527.5 1073.7 9593.1 0.0 143877.2 53060.0 1998.1 24566.4 300899.8
2020 12 26 8954.5 1576.7 38309.7 10769.1 962.2 8944.8 0.0 130594.7 49672.1 1934.4 25218.7 276936.9
2020 12 27 10882.5 1588.3 48256.0 10899.4 1113.9 9084.0 0.0 152486.0 49718.3 2010.3 25797.4 311836.0
2020 12 28 10188.1 1633.9 44589.1 11680.2 1101.6 9517.5 0.0 146969.9 49692.7 1241.8 22964.2 299579.1
2020 12 29 11408.6 1578.1 49630.1 11383.2 1088.6 9316.5 0.0 157890.4 48599.1 1408.2 21603.8 313906.6
2020 12 30 10857.4 1740.5 49657.9 12567.5 1197.7 10255.0 0.0 161732.9 53677.0 1288.4 21314.3 324288.6
2020 12 31 11226.5 1652.3 49866.2 11825.3 1086.8 9684.6 0.0 162705.9 51014.4 1408.5 19741.6 320212.2
2021 1 1 9325.2 2004.9 40373.4 13000.2 1070.3 9986.2 0.0 158062.2 49120.7 13.9 25680.7 308637.8
2021 1 2 8507.2 1862.3 35018.0 12174.2 975.9 9330.1 0.0 148931.5 45877.6 15.6 29364.1 292056.5
2021 1 3 8008.8 2152.0 36592.2 13954.3 997.5 10690.9 0.0 152859.4 52373.2 15.3 25020.1 302663.7
2021 1 4 7393.9 1926.3 33930.1 12477.7 978.5 9571.6 0.0 143389.0 46630.3 14.6 23444.2 279756.4
2021 1 5 8538.8 2019.4 38933.0 13212.2 1079.6 10123.2 0.0 158747.6 49349.0 15.5 24998.5 307016.7
2021 1 6 8917.8 2087.9 38184.6 13571.6 1093.7 10436.5 0.0 158262.3 51408.6 15.4 33651.0 317629.6
2021 1 7 8461.5 2094.6 37901.9 13362.9 1077.7 10271.8 0.0 157442.6 50395.2 14.3 28951.2 309973.8
2021 1 8 8898.2 2071.3 37954.1 13197.0 1086.3 10156.8 0.0 158262.3 50023.5 14.7 26650.5 308314.8
2021 1 9 8335.2 1967.6 37042.5 12574.2 977.8 9665.9 0.0 149366.5 47736.5 15.7 29139.0 296820.9
2021 1 10 9283.9 2188.5 42346.4 13909.0 1108.8 10681.2 0.0 161967.6 52319.4 15.4 24200.8 318021.2
2021 1 11 8576.2 1984.0 36929.6 12694.0 1053.9 9755.1 0.0 153360.8 47439.4 15.1 22128.6 293936.7
2021 1 12 10388.4 2128.5 45362.6 13622.9 1069.0 10498.1 0.0 166089.3 51429.9 16.0 26005.0 326609.6
2021 1 13 10478.1 2102.1 45982.9 13423.6 1094.7 10362.7 0.0 166089.3 51034.8 15.5 33154.1 333737.8
2021 1 14 9972.1 2134.5 43791.9 13436.1 1097.5 10367.1 0.0 166089.3 50725.9 14.8 28197.4 325826.7
2021 1 15 9587.5 2108.7 42511.1 13218.6 1065.5 10245.8 0.0 161677.2 50588.7 15.2 27222.7 318240.9
2021 1 16 8335.2 2020.1 37033.6 12687.8 982.3 9824.1 0.0 149366.5 48531.8 16.2 28920.6 297718.2
2021 1 17 8062.9 2203.4 37458.3 13798.8 997.6 10663.6 0.0 152659.3 52222.8 15.9 24076.1 302158.7
2021 1 18 7836.2 2084.4 36068.2 13055.2 976.3 10107.8 0.0 145232.6 49126.8 16.8 20920.5 285424.9
2021 1 19 10038.2 2275.0 43729.4 14024.1 1085.8 10935.5 0.0 166089.3 54012.5 18.4 29049.0 331257.2
2021 1 20 10478.1 2187.6 45926.3 13449.6 1089.4 10486.3 0.0 166089.3 51674.1 17.5 31705.7 333103.8
2021 1 21 9972.1 2244.2 42682.2 13733.2 1097.5 10702.0 0.0 166089.3 52526.6 17.3 27594.7 326659.1
2021 1 22 9880.6 2213.8 42370.4 13520.1 1097.5 10581.3 0.0 165691.4 52626.4 18.2 28191.5 326191.2
2021 1 23 10919.1 2149.8 45930.0 13150.8 1095.0 10276.5 0.0 162796.5 50898.9 18.8 28462.4 325697.9
2021 1 24 11597.1 2274.9 47482.7 13878.8 1095.0 10821.4 0.0 167095.7 53433.2 18.5 23656.1 331353.4
2021 1 25 10221.6 2145.4 41179.4 13086.5 1053.9 10221.4 0.0 153360.8 50276.6 20.2 20475.6 302041.4
2021 1 26 10388.4 2340.0 45642.7 14152.0 1070.0 11125.9 0.0 166089.3 55667.8 22.6 32218.6 338717.2
2021 1 27 10478.1 2259.0 45982.9 13661.5 1094.7 10693.6 0.0 166089.3 53426.6 21.3 29987.4 333694.4
2021 1 28 9653.0 2266.1 43233.4 13674.5 1112.5 10683.4 0.0 166089.3 54056.7 20.7 28766.4 329556.1
2021 1 29 9587.5 2227.6 42511.1 13388.0 1065.5 10496.0 0.0 161677.2 53898.1 21.6 29271.4 324143.9
2021 1 30 8954.7 2219.3 39383.0 13383.5 1097.9 10465.8 0.0 157668.5 53296.8 22.7 29531.2 316023.6
2021 1 31 10053.2 2315.7 42894.8 13865.7 1099.4 10806.0 0.0 162629.9 55716.1 27.5 24118.5 323526.9
