year month date house_pred houseCooking_pred houseJHeating_pred salesOne_pred salesTwo_pred bizHeating_pred bizCooling_pred industry_pred heatFacility_pred heatCombined_pred CNG_pred pred_sum
2020 1 1 7747.7 1675.6 37408.6 11150.9 971.7 8789.9 0.0 151675.5 46899.1 12.2 20376.7 286707.9
2020 1 2 7624.6 1833.6 36676.4 12403.9 971.7 9752.2 0.0 148367.6 51799.7 14.0 20996.3 290440.0
2020 1 3 7360.8 1683.3 35201.9 11514.1 942.9 9030.3 0.0 142367.4 47816.1 15.4 30241.3 286173.6
2020 1 4 6732.6 1670.8 32566.5 11075.0 827.4 8725.0 0.0 134819.8 46669.7 12.5 27604.1 270703.4
2020 1 5 6758.8 1632.1 33946.9 10771.6 827.4 8477.4 0.0 139495.9 44672.2 13.2 24040.8 270636.2
2020 1 6 6827.2 1611.8 33000.4 10691.5 872.2 8415.2 0.0 134130.2 44692.5 13.0 22561.7 262815.8
2020 1 7 7360.8 1913.0 35586.7 12661.1 971.7 9967.6 0.0 144201.1 53100.4 15.0 21904.6 287682.0
2020 1 8 7507.2 1801.4 35318.5 11815.6 971.7 9301.6 0.0 147655.4 49521.4 13.4 18859.8 282766.1
2020 1 9 7747.7 1829.3 37787.5 12052.4 971.7 9533.2 0.0 151933.6 50896.8 13.9 23475.1 296241.1
2020 1 10 8099.8 1756.7 38974.2 11663.9 1056.3 9217.2 0.0 158418.9 49060.1 15.3 29755.4 308017.8
2020 1 11 8228.2 1737.2 37163.7 11258.5 987.0 8925.7 0.0 149770.1 47725.7 13.1 26540.6 292349.8
2020 1 12 8268.9 1760.6 38978.8 11516.8 987.0 9126.7 0.0 149770.1 48062.2 14.5 24969.2 293454.8
2020 1 13 7444.8 1819.7 36054.5 11613.6 975.3 9235.4 0.0 146238.2 49671.0 13.4 23547.9 286613.7
2020 1 14 8486.3 1909.4 39174.0 12245.3 983.0 9718.7 0.0 155556.3 51799.2 14.9 20902.1 300789.4
2020 1 15 8099.8 1931.6 38717.7 12350.9 952.3 9797.6 0.0 150632.4 51946.3 14.8 15832.6 290276.1
2020 1 16 7747.7 1894.2 37603.1 11928.4 971.7 9631.1 0.0 151675.5 51772.4 14.7 26967.9 300206.6
2020 1 17 7747.7 1847.1 37603.1 11710.2 942.9 9439.0 0.0 150892.3 50401.5 15.9 27985.3 298585.1
2020 1 18 7657.0 1834.4 36287.3 11494.4 814.5 9262.0 0.0 134939.4 49382.5 14.4 25230.4 276916.5
2020 1 19 8180.5 1874.0 38081.3 11844.2 960.6 9569.2 0.0 149770.1 50417.4 17.1 24364.0 295078.3
2020 1 20 7444.8 1919.8 35864.5 11914.2 975.3 9659.0 0.0 146238.2 52070.6 15.8 23025.8 289128.0
2020 1 21 8486.3 1990.5 39174.0 12424.6 983.0 10064.5 0.0 155556.3 53767.1 16.5 20204.6 302667.4
2020 1 22 8099.8 1973.4 38437.4 12263.4 983.0 9931.4 0.0 155556.3 52987.3 16.3 16064.7 296313.2
2020 1 23 9268.3 1976.0 41980.1 12158.3 1017.5 9982.6 0.0 163499.4 54062.3 21.9 30014.6 323981.1
2020 1 24 9268.3 1896.1 41225.1 11761.1 1021.7 9626.5 0.0 163499.4 51300.5 23.1 26870.7 316492.5
2020 1 25 8989.2 1834.8 39908.0 11266.8 1021.5 9200.2 0.0 150153.4 49607.3 19.1 27740.0 299740.3
2020 1 26 8467.1 1841.2 38978.8 11365.7 987.0 9312.6 0.0 149770.1 49484.9 23.5 25874.5 296105.5
2020 1 27 7444.8 1934.7 36054.5 11842.6 975.3 9724.1 0.0 146238.2 52604.5 23.7 23625.5 290467.8
2020 1 28 8099.8 2075.9 38779.7 12732.3 1078.6 10398.8 0.0 156884.0 56114.3 24.8 21299.6 307487.7
2020 1 29 8099.8 1994.9 38779.7 12237.3 971.7 9949.0 0.0 155267.9 55610.0 24.0 17877.2 300811.5
2020 1 30 8486.3 1950.0 39174.0 11956.8 983.0 9734.8 0.0 157666.7 55175.3 28.5 31489.3 316644.8
2020 1 31 8505.5 1911.8 38984.0 11947.1 987.2 9693.6 0.0 155067.8 53948.2 29.7 26635.3 307710.2
2020 2 1 8206.6 1871.9 37716.9 11388.5 977.9 9298.0 0.0 147348.1 52472.0 31.3 29734.9 299046.1
2020 2 2 8624.0 1798.1 40936.7 10864.0 977.9 8885.1 0.0 150266.4 49651.8 34.7 26671.9 298710.7
2020 2 3 7979.9 1916.8 36611.7 11518.0 976.5 9416.0 0.0 143806.7 53829.9 33.0 27748.0 293836.5
2020 2 4 8614.8 2002.5 40213.7 12184.3 963.0 9924.2 0.0 157101.4 55592.4 30.9 23523.7 310150.8
2020 2 5 9012.2 1946.8 40303.1 11791.9 963.0 9557.9 0.0 155636.7 55637.2 44.2 19180.9 304073.8
2020 2 6 9227.9 1989.4 42745.6 11704.9 960.5 9468.8 0.0 157618.7 55620.0 45.2 30030.9 319411.7
2020 2 7 8919.0 1969.9 41101.7 11789.0 968.1 9507.0 0.0 155793.4 54967.4 47.1 25529.3 310592.0
2020 2 8 7622.9 1953.9 36565.4 11399.3 1040.1 9146.6 0.0 148211.8 54802.0 59.1 28618.1 299419.3
2020 2 9 8091.4 1815.1 38784.9 10468.0 851.9 8390.3 0.0 137345.6 49939.5 60.6 24450.9 280198.1
2020 2 10 7318.2 1889.7 36683.1 10911.2 1056.5 8718.6 0.0 146487.5 52970.4 54.6 27207.0 293297.0
2020 2 11 8232.8 1970.3 40304.5 11529.3 971.3 9209.6 0.0 151860.3 54500.7 52.7 23552.1 302183.5
2020 2 12 7211.0 1908.1 32977.8 11101.4 971.3 8809.6 0.0 140268.3 52590.7 50.5 18537.4 274425.9
2020 2 13 8640.5 1887.1 39234.6 10855.6 900.0 8591.4 0.0 147828.8 50746.9 49.9 28173.9 296908.7
2020 2 14 7332.8 1921.0 34978.5 11137.9 945.0 8758.8 0.0 142037.8 51327.0 55.3 25604.7 284098.8
2020 2 15 7651.7 1912.0 34819.2 11082.7 821.5 8675.0 0.0 130726.9 51298.9 57.3 26103.7 273148.9
2020 2 16 7368.6 1775.0 33384.1 10322.3 862.5 8034.2 0.0 134035.2 46796.8 59.5 21962.1 264600.3
2020 2 17 6816.1 1845.3 33037.6 10775.1 871.1 8356.6 0.0 133884.8 49452.0 53.0 22813.3 267904.8
2020 2 18 8242.4 2034.1 40471.7 11924.9 971.3 9208.1 0.0 151860.3 53984.6 58.8 21428.8 300185.0
2020 2 19 8056.0 1897.5 36080.8 11175.4 893.7 8547.8 0.0 143701.9 50253.7 56.7 16626.4 277289.9
2020 2 20 7627.6 1775.5 35098.4 10650.9 971.9 8124.1 0.0 145550.7 47431.9 52.8 26120.7 283404.5
2020 2 21 8280.6 1837.3 38770.2 11064.1 945.0 8399.6 0.0 148913.4 48816.9 61.2 25845.0 292933.4
2020 2 22 6521.6 1804.4 30307.4 10845.8 833.0 8205.2 0.0 129445.0 47568.5 52.8 23238.6 258822.2
2020 2 23 7007.5 1739.5 32956.1 10490.2 862.7 7895.7 0.0 133874.4 45077.1 53.8 21419.4 261376.4
2020 2 24 7107.7 1793.2 33494.2 10794.0 871.1 8100.3 0.0 133884.8 46960.0 46.2 20269.7 263321.1
2020 2 25 7730.5 1989.3 36350.0 12093.8 971.3 8987.2 0.0 143231.1 52052.3 52.3 19470.4 282928.2
2020 2 26 7621.9 1914.8 34861.9 11151.9 971.3 8150.7 0.0 146681.2 46911.8 45.7 23990.3 282301.4
2020 2 27 7945.6 1712.7 38815.4 10018.9 913.5 7377.0 0.0 146403.9 42726.6 36.7 24469.1 280419.3
2020 2 28 8165.0 1880.3 38074.6 11014.2 913.5 8081.6 0.0 145989.3 46003.5 42.8 24332.9 284497.7
2020 2 29 6817.4 1751.9 32112.4 10385.4 882.3 7720.7 0.0 131332.1 44515.9 36.4 24477.8 260032.2
2020 3 1 5928.8 1723.8 26672.2 10235.1 645.1 7428.2 0.0 138261.6 42702.1 38.3 23482.2 257117.5
2020 3 2 6385.7 1809.4 29802.9 10684.6 686.3 7719.4 0.0 143950.3 44808.1 35.0 20515.9 266397.5
2020 3 3 5582.7 1999.9 29427.2 11823.9 661.8 8503.9 0.0 136842.7 49047.9 39.3 19132.0 263061.2
2020 3 4 4706.6 1931.9 25348.0 10961.5 644.0 7780.6 0.0 137259.5 45110.2 45.8 22844.8 256633.0
2020 3 5 4706.6 1813.0 25254.7 10172.8 644.0 7248.0 0.0 137259.5 42163.0 39.6 23205.2 252506.3
2020 3 6 6005.1 1902.7 28547.5 10775.3 647.8 7662.4 0.0 137210.3 43772.2 43.1 24823.0 261389.3
2020 3 7 5928.8 1756.1 26652.0 10001.3 645.1 7079.0 0.0 138261.6 40747.0 38.1 25643.3 256752.2
2020 3 8 5928.8 1771.3 26672.2 10081.3 645.1 7137.8 0.0 138261.6 40000.3 39.7 24819.0 255357.2
2020 3 9 6385.7 1861.8 29802.9 10522.5 686.3 7390.8 0.0 143950.3 41614.6 38.4 21235.0 263488.3
2020 3 10 6532.6 2002.7 31661.8 11439.5 686.3 8039.1 0.0 143950.3 44324.7 42.4 19013.9 267693.3
2020 3 11 6532.6 1936.8 31661.8 10655.6 686.3 7401.1 0.0 143950.3 40918.9 48.4 24178.4 267970.2
2020 3 12 6106.3 1851.2 29549.9 10073.9 661.8 6974.5 0.0 138078.5 38608.1 42.8 21220.9 253167.8
2020 3 13 5532.4 1892.5 26286.4 10430.2 650.7 7213.0 0.0 137210.3 39457.2 43.9 24859.6 253576.3
2020 3 14 5029.9 1810.3 23394.6 10084.9 595.8 6902.3 0.0 132561.4 37956.0 42.2 27631.2 246008.6
2020 3 15 5062.2 1777.7 23414.8 9970.6 595.8 6773.8 0.0 135698.0 36459.2 42.8 26097.2 245892.2
2020 3 16 5435.9 1877.7 27401.8 10459.7 661.8 7053.2 0.0 133520.2 38174.7 43.5 24397.4 249025.9
2020 3 17 4706.6 2071.6 25348.0 11614.6 644.0 7870.4 0.0 136023.7 41685.5 48.7 20059.6 250072.7
2020 3 18 4706.6 1927.9 25348.0 10703.1 644.0 7220.5 0.0 137259.5 38771.2 44.7 21867.6 248492.9
2020 3 19 4208.9 2013.9 23426.1 11122.9 612.4 7461.7 0.0 136611.8 39989.3 46.1 19888.1 245381.2
2020 3 20 5532.4 1849.8 26286.4 10257.7 650.7 6871.4 0.0 137210.3 36658.8 42.6 25408.2 250768.3
2020 3 21 5555.1 1878.8 26652.0 10543.2 645.1 7022.9 0.0 138261.6 37111.5 43.9 26720.8 254435.0
2020 3 22 5530.1 1839.7 25675.9 10390.7 610.3 6846.6 0.0 135698.0 35858.2 43.7 25059.9 247553.2
2020 3 23 5435.9 1897.5 27568.2 10657.5 661.8 6964.4 0.0 133520.2 36906.9 44.3 26393.4 250050.0
2020 3 24 5582.7 2011.2 27382.2 11481.8 650.7 7540.9 0.0 136842.7 39115.4 47.4 19945.5 250600.5
2020 3 25 5582.7 1913.6 29260.7 10857.4 661.8 6991.2 0.0 138078.5 37059.3 50.2 21479.4 251934.8
2020 3 26 5582.7 1911.2 29167.4 10844.6 661.8 6874.5 0.0 138078.5 36985.3 48.7 20448.8 250603.5
2020 3 27 5044.3 1786.1 26102.8 10211.4 650.7 6400.7 0.0 137256.7 34150.3 43.5 21826.2 243472.6
2020 3 28 4323.9 1813.0 22539.1 9893.0 595.8 6054.8 0.0 132607.8 33230.4 46.5 25599.7 236704.0
2020 3 29 4144.7 1779.1 22582.4 9736.8 595.8 5867.3 0.0 134966.5 32213.0 45.7 23774.7 235706.0
2020 3 30 2906.2 1798.1 15991.3 9825.4 569.4 5882.4 0.0 133023.9 32633.5 46.4 26591.9 229268.5
2020 3 31 3022.1 1932.6 17405.8 10523.8 569.4 6250.2 0.0 135234.0 34901.7 49.6 19455.4 229344.7
2020 4 1 3051.1 1810.7 17889.0 9869.7 561.8 5557.2 0.0 131815.7 32536.2 51.9 21573.0 224716.5
2020 4 2 3099.2 1881.2 17977.6 10136.6 562.2 5568.5 0.0 129300.9 33406.9 52.9 20639.2 222625.2
2020 4 3 3099.2 1767.7 18162.3 9544.2 562.2 5172.1 0.0 128059.5 30585.5 46.8 19561.0 216560.5
2020 4 4 3107.5 1795.6 18332.1 9157.8 588.2 4794.9 0.0 118955.2 29545.6 49.9 23087.6 209414.4
2020 4 5 3502.8 1766.9 19602.5 9029.2 588.2 4709.1 0.0 131241.2 28949.7 50.4 22855.1 222295.1
2020 4 6 4204.3 1763.8 22655.2 9003.2 630.9 4663.1 0.0 123859.8 29015.1 50.2 25136.7 220982.1
2020 4 7 4433.7 1841.4 24819.6 9321.2 663.4 4741.8 0.0 136589.5 29804.8 52.0 18830.0 231097.5
2020 4 8 3468.7 1819.4 19501.1 9062.3 561.8 4445.4 0.0 137142.3 29015.0 57.3 20662.4 225735.8
2020 4 9 3099.2 1735.7 17977.6 8603.4 562.2 4069.4 0.0 132746.7 27445.8 53.4 20690.9 216984.2
2020 4 10 2854.9 1786.7 16686.5 8969.9 532.7 4195.3 0.0 129713.2 27463.5 51.7 17218.6 209473.1
2020 4 11 3107.5 1784.0 18332.1 8348.4 588.2 3660.3 0.0 118955.2 26053.3 54.6 24503.4 205386.9
2020 4 12 3184.0 1723.6 18505.7 8159.8 588.2 3564.6 0.0 131241.2 24800.9 52.6 22647.7 214468.3
2020 4 13 3025.0 1687.7 17190.7 8006.7 562.2 3471.2 0.0 128494.5 24482.3 52.6 26063.3 213036.3
2020 4 14 3053.4 1838.0 17166.6 8636.4 561.8 3689.2 0.0 134003.4 26509.4 56.8 21377.0 216892.1
2020 4 15 3099.2 1810.7 17977.6 8454.9 562.2 3520.9 0.0 131815.7 25654.8 56.1 23050.0 216002.1
2020 4 16 2854.9 1801.7 16501.8 8464.4 560.4 3515.2 0.0 132746.7 25807.3 56.9 23113.2 215422.5
2020 4 17 3127.6 1761.4 18073.7 8341.9 561.8 3441.9 0.0 134396.6 24421.5 52.9 19020.9 213200.3
2020 4 18 3184.0 1817.1 18332.1 8561.3 588.2 3540.4 0.0 124489.8 25639.4 57.4 27697.7 213907.4
2020 4 19 3155.6 1825.5 18594.3 8761.1 588.5 3613.7 0.0 129575.6 25417.8 56.3 24181.9 215770.3
2020 4 20 2780.7 1714.6 15714.9 8244.0 560.0 3361.6 0.0 130722.2 23936.0 53.7 26320.4 213408.2
2020 4 21 2780.7 1854.8 15779.4 8897.1 532.3 3615.4 0.0 135819.3 26161.7 59.4 24171.0 219671.1
2020 4 22 2854.9 1845.1 16325.5 8826.1 532.3 3569.1 0.0 135059.6 25728.0 57.5 25173.8 219971.9
2020 4 23 2854.9 1745.7 16501.8 8591.3 560.4 3385.4 0.0 132746.7 24531.1 54.5 25114.3 216086.1
2020 4 24 2854.9 1777.6 16686.5 8671.8 532.7 3310.4 46.0 128059.5 23870.1 51.7 18200.7 204061.9
2020 4 25 1930.3 1704.0 11605.6 8260.7 470.9 3177.7 47.0 107857.5 23599.7 54.7 31058.9 189767.0
2020 4 26 2911.3 1809.2 16801.3 8989.7 586.7 3443.3 54.7 135602.6 24593.4 54.1 25786.7 220633.0
2020 4 27 3025.0 1651.3 17190.7 7711.5 562.2 2776.8 91.6 128494.5 21358.5 50.7 27319.6 210232.5
2020 4 28 2780.7 1741.2 15779.4 8153.0 532.3 2925.5 98.4 134165.6 22966.5 55.4 25077.8 214275.8
2020 4 29 2117.2 1779.0 12237.6 8259.4 494.6 2905.3 123.3 127831.9 23146.2 55.4 25295.2 204245.1
2020 4 30 1930.3 1708.9 11605.6 8238.6 500.4 2860.0 105.4 130516.1 22709.8 53.7 27944.7 208173.3
2020 5 1 1922.1 1624.8 12036.8 7714.2 535.0 2544.4 146.3 135029.1 20457.7 47.1 20759.1 202816.5
2020 5 2 1935.1 1509.6 11538.7 7195.3 437.0 2396.2 134.0 125779.7 19475.3 47.7 30182.2 200630.8
2020 5 3 3087.3 1825.2 17627.6 8718.8 676.2 2872.0 172.6 133986.5 23143.6 54.6 27698.0 219862.2
2020 5 4 2133.2 1586.8 12751.2 7163.3 508.0 2168.5 221.9 132095.9 18954.7 47.3 25212.7 202843.5
2020 5 5 1935.1 1620.5 12063.8 7339.6 491.3 2212.5 228.6 133677.9 19720.5 50.1 24144.9 203484.6
2020 5 6 1935.1 1764.6 12052.5 7831.8 486.5 2224.5 293.0 133677.9 20837.0 53.6 22806.8 203963.2
2020 5 7 1935.1 1619.2 12079.6 7576.2 521.3 2145.6 255.2 133677.9 19377.2 48.2 26422.8 205658.2
2020 5 8 1935.1 1573.8 11695.4 7134.3 502.5 1829.8 295.1 132782.1 18058.4 45.2 21671.8 197523.5
2020 5 9 3021.0 1456.1 17345.6 6579.3 603.5 1658.3 290.3 128590.0 16793.0 44.0 27070.3 203451.4
2020 5 10 3087.3 1768.6 17467.1 8090.3 672.9 2039.7 350.9 133986.5 20135.4 51.9 29004.4 216654.9
2020 5 11 1935.1 1545.3 12182.8 6697.7 509.8 1453.7 388.1 132095.9 16454.4 44.6 23860.6 197168.1
2020 5 12 1935.1 1526.9 12182.8 6396.9 510.6 1366.7 379.7 133677.9 16272.7 44.8 21947.7 196241.9
2020 5 13 1935.1 1796.9 12149.6 7479.3 528.2 1549.3 465.5 133677.9 19127.3 53.0 20962.4 199724.4
2020 5 14 1929.0 1599.7 11850.0 6843.6 535.8 1449.1 410.9 135029.1 17101.5 47.6 26892.3 203688.7
2020 5 15 1922.1 1541.6 12012.8 6454.7 539.0 1227.3 438.2 133647.9 15843.8 44.1 21250.6 194922.1
2020 5 16 1929.0 1464.6 11955.0 6152.1 466.8 1164.0 424.3 128026.8 15209.2 43.2 24452.8 191287.9
2020 5 17 1740.2 1794.8 12307.3 7562.3 586.2 1475.3 500.1 138522.5 18616.8 52.8 29602.0 212760.3
2020 5 18 1492.6 1576.8 10081.9 6822.4 515.6 1328.0 445.0 137476.0 16309.9 44.9 21677.9 197771.1
2020 5 19 1705.6 1579.6 11568.8 6579.7 516.5 1284.4 432.9 133647.9 16325.7 45.6 19637.0 193323.7
2020 5 20 1492.6 1828.5 10237.3 7615.5 553.4 1463.2 513.1 138692.5 18971.5 53.1 20953.3 202374.1
2020 5 21 1492.6 1622.7 10163.2 6811.0 553.2 1322.9 454.7 137264.0 16772.8 47.7 25428.0 201932.9
2020 5 22 1471.8 1610.7 10295.0 6755.5 574.8 1288.5 455.9 139525.5 16102.5 44.8 18383.4 196508.5
2020 5 23 1492.6 1586.7 9971.9 6611.0 493.1 1246.8 467.4 133771.0 16363.8 46.3 23961.0 196011.6
2020 5 24 2152.4 1841.4 14083.0 7676.5 587.8 1447.8 563.0 136155.8 18633.5 53.0 28883.8 212077.9
2020 5 25 1705.6 1653.8 11568.8 7038.2 515.6 1320.3 524.9 132066.0 16756.5 46.4 20987.7 194183.8
2020 5 26 1705.6 1676.3 11568.8 6839.4 516.5 1258.9 550.0 133647.9 16899.9 46.8 17202.6 191912.7
2020 5 27 1492.6 1884.0 10381.6 7689.5 572.2 1387.2 727.2 138692.5 19347.1 53.2 21421.9 203649.0
2020 5 28 1471.8 1634.4 10295.0 6949.4 572.3 1255.0 747.7 139525.5 16622.6 45.2 25170.3 204289.3
2020 5 29 1471.8 1627.4 10393.9 6898.6 572.9 1262.4 705.9 139525.5 16015.4 41.7 16804.7 195320.3
2020 5 30 1471.8 1555.8 10058.2 6535.2 491.2 1179.4 693.7 139525.5 15819.6 42.4 25030.5 202403.2
2020 5 31 1732.5 1830.3 12307.3 7678.9 590.3 1378.9 868.3 138522.5 18267.9 49.3 26790.0 210016.3
2020 6 1 882.6 1645.4 7157.5 6943.4 432.1 1198.9 792.2 113150.2 16196.3 42.3 21393.6 169834.4
2020 6 2 950.5 1701.1 7157.5 7093.5 432.1 1195.0 882.1 119707.1 16717.3 43.0 21953.6 177832.8
2020 6 3 979.8 1836.1 7261.3 7574.2 432.1 1264.9 978.6 122084.6 17971.4 46.5 21546.1 181975.6
2020 6 4 1380.1 1671.5 8330.4 7218.2 477.5 1197.0 1036.6 126929.3 16069.4 41.3 24174.2 188525.5
2020 6 5 1043.6 1570.1 7378.3 6749.4 434.5 1129.7 937.3 120088.7 14748.5 36.5 19476.5 173593.2
2020 6 6 1141.7 1598.1 7706.7 6669.3 477.5 1100.5 965.7 100039.4 15351.5 139.2 27078.5 162268.2
2020 6 7 1238.1 1887.2 7865.0 7990.2 477.5 1309.6 1198.0 125082.0 17643.6 156.1 24297.7 189145.1
2020 6 8 879.2 1707.5 7449.1 7011.6 432.1 1150.1 1097.4 113741.0 15628.4 135.8 22564.1 171796.2
2020 6 9 1173.8 1757.6 7981.4 7003.2 485.2 1115.9 1166.1 120063.7 16125.1 740.5 22802.3 180414.8
2020 6 10 1080.5 1857.5 8085.2 7341.5 485.2 1157.6 1266.0 122441.2 16892.4 799.7 22029.8 183436.6
2020 6 11 1117.3 1719.4 8187.0 7168.2 485.2 1124.7 1313.4 125788.9 15431.0 739.8 25106.8 188181.9
2020 6 12 986.8 1606.0 7086.7 6627.9 434.5 1044.3 1198.3 118591.7 14081.9 712.1 21778.7 174149.0
2020 6 13 681.0 1662.6 6654.3 6615.3 433.9 1031.3 1239.5 97565.5 14752.9 864.0 28597.9 160098.1
2020 6 14 806.0 1899.7 7025.0 7791.5 433.9 1210.6 1453.7 122719.0 16418.5 1051.6 22729.4 183538.9
2020 6 15 882.6 1743.9 7157.5 6905.6 432.1 1069.3 1328.0 112963.1 14747.2 915.2 23280.4 171424.8
2020 6 16 1185.4 1763.7 7981.4 6816.7 485.2 1047.9 1348.3 120063.7 15052.4 1518.5 23991.8 181255.0
2020 6 17 995.9 1820.2 7946.6 6939.2 475.7 1068.0 1347.3 122441.2 15239.5 1540.7 24620.5 184434.8
2020 6 18 863.1 1821.2 7239.1 7109.1 464.5 1090.3 1344.1 127097.5 15114.1 1721.5 24153.6 188018.0
2020 6 19 837.1 1711.8 6673.4 6600.8 452.4 1015.7 1244.2 120677.4 13946.8 1583.4 22070.0 176813.0
2020 6 20 681.0 1767.4 6654.3 6594.6 433.9 1007.8 1285.7 97522.5 14643.8 1681.4 28530.4 160802.7
2020 6 21 802.4 1942.8 6331.8 7426.4 432.7 1136.1 1426.1 123572.0 15741.8 1964.4 24945.4 185721.9
2020 6 22 921.8 1869.9 7591.0 6929.6 475.7 1058.3 1355.8 110666.6 14838.8 1832.8 23751.7 171292.0
2020 6 23 748.1 1848.1 6216.1 6715.2 437.1 1015.2 1334.8 116872.5 14689.6 2434.8 19375.4 171686.8
2020 6 24 1019.9 2002.9 7694.7 7105.0 475.7 1062.3 1509.3 123376.7 16291.2 2691.7 26663.0 189892.4
2020 6 25 798.7 1873.3 6566.0 6793.8 437.1 1003.2 1467.8 126931.6 15077.9 2934.8 24594.8 188479.0
2020 6 26 975.5 1842.0 7191.9 6695.3 452.4 984.5 1525.5 120256.9 14565.9 2828.8 20334.4 177653.3
2020 6 27 632.7 1819.0 6019.3 6190.5 432.7 888.2 1490.7 97565.5 15777.7 4243.0 27576.6 162635.9
2020 6 28 757.7 1939.0 6390.0 6754.6 432.7 970.0 1621.4 122719.0 16741.9 4947.7 28774.8 192048.6
2020 6 29 787.9 1825.3 7595.6 6387.7 475.7 908.0 1533.7 110666.6 15791.9 4584.7 24316.2 174873.5
2020 6 30 982.3 1809.8 7676.8 6334.4 475.7 886.2 1564.3 119690.7 15655.2 4637.1 18949.5 178662.0
2020 7 1 827.1 1986.7 6872.7 6890.0 438.5 954.1 1871.1 122079.4 17959.1 5588.6 28495.0 193962.2
2020 7 2 823.7 1880.6 6857.6 6715.9 438.5 917.2 1840.0 127518.5 16721.0 6953.0 23060.7 193726.7
2020 7 3 813.0 1871.4 6139.5 6734.1 438.5 917.3 1914.5 119736.7 16342.0 6833.3 18157.0 179897.3
2020 7 4 594.0 1755.6 4854.5 5912.5 430.1 781.7 1789.0 94773.9 16764.3 7213.8 27071.3 161940.7
2020 7 5 730.3 1849.3 5801.0 6349.3 443.6 838.1 1929.4 115697.2 17639.4 8008.3 33851.8 193137.7
2020 7 6 766.3 1815.1 6065.6 6260.3 438.5 817.9 1931.3 110951.0 17334.7 8472.1 25562.7 180415.4
2020 7 7 770.5 1810.5 6339.3 6219.2 438.5 801.2 1966.7 114906.7 17156.4 8224.2 18121.9 176755.2
2020 7 8 827.1 2050.7 6900.0 6740.9 438.5 848.9 2326.9 122238.7 20547.2 9099.4 28212.1 200230.4
2020 7 9 725.8 1883.1 6007.8 6278.4 438.5 774.9 2247.9 113557.7 18794.7 10341.2 24502.8 185552.7
2020 7 10 659.5 1786.8 5473.3 6086.0 441.8 753.5 2181.7 116208.6 17356.9 9514.5 18391.9 178854.6
2020 7 11 538.5 1719.2 4427.0 5477.7 433.3 649.7 2106.2 89051.3 18262.6 9563.4 28181.3 160410.1
2020 7 12 650.5 1852.8 5342.0 6064.0 446.9 719.6 2328.2 109172.0 19563.9 11494.5 33505.3 191139.6
2020 7 13 620.0 1766.6 5172.8 5812.6 442.5 683.7 2258.0 107219.9 18708.1 11631.0 27825.8 182141.1
2020 7 14 632.9 1827.3 5002.0 5987.2 441.8 700.0 2360.2 111422.6 19250.5 11456.5 17753.6 176834.5
2020 7 15 667.9 1908.3 5251.3 6068.4 441.8 709.1 2501.9 115580.9 20826.1 11510.4 26643.1 192109.3
2020 7 16 664.6 1935.2 5288.9 6253.9 441.8 730.9 2587.9 116132.3 21057.9 13673.7 24059.2 192826.3
2020 7 17 659.5 1766.8 5363.8 5798.0 441.8 684.7 2327.2 110131.1 18745.0 12914.3 17815.7 176647.9
2020 7 18 538.5 1670.8 4501.6 5404.0 433.3 634.3 2213.0 90355.1 18193.6 10168.3 29095.8 163208.5
2020 7 19 648.7 1862.3 5519.5 6103.8 456.5 720.8 2496.6 109270.8 19963.1 12729.4 29966.0 189737.4
2020 7 20 571.4 1869.9 4871.3 6141.0 451.4 721.1 2536.6 107565.3 20090.3 13462.7 29628.8 187909.8
2020 7 21 583.4 1842.2 4935.7 6021.6 451.4 704.3 2489.8 110002.0 19789.7 12035.2 17720.4 176575.7
2020 7 22 614.6 1823.0 5246.6 5871.8 451.4 690.3 2490.2 119976.1 19782.6 11867.9 25124.1 193938.6
2020 7 23 614.9 2031.9 5458.2 6554.1 451.4 771.7 2821.4 117623.7 22110.8 14722.2 24845.8 198006.0
2020 7 24 578.7 1708.4 5078.3 5573.9 410.4 658.0 2328.9 113612.2 18094.7 12766.3 18382.1 179191.9
2020 7 25 451.0 1763.3 4113.7 5668.9 387.0 655.6 2428.5 88918.1 19109.9 12330.4 29960.2 165786.5
2020 7 26 547.7 1973.0 4650.1 6446.9 400.5 753.6 2742.3 109137.6 21082.8 15625.0 22363.9 185723.5
2020 7 27 569.5 1942.3 4871.3 6327.3 451.4 739.3 2714.6 107244.6 20888.1 15379.9 30190.0 191318.4
2020 7 28 583.4 1945.7 4935.7 6026.7 451.4 691.4 2648.4 109520.7 20720.0 17399.4 16355.6 181278.3
2020 7 29 561.1 1759.2 4432.1 5506.4 405.1 639.9 2460.5 119906.3 18918.8 16559.3 20884.3 192033.0
2020 7 30 617.2 2026.5 5194.6 6319.0 451.4 730.9 2851.4 114982.5 21984.4 19386.4 24023.5 198567.9
2020 7 31 619.8 1781.8 5340.5 5631.1 451.4 654.9 2479.1 117982.6 18804.4 17742.9 16814.5 188302.9
2020 8 1 459.2 1675.4 4877.7 5288.7 526.5 612.7 2371.7 92085.3 18166.8 15911.2 31373.9 173349.1
2020 8 2 568.2 1865.9 5062.7 5969.3 529.9 700.8 2661.7 108511.5 20067.1 19020.9 19581.7 184539.7
2020 8 3 649.1 1925.4 5421.5 6121.9 555.2 716.7 2748.4 109623.8 20827.0 19622.8 29737.3 197949.1
2020 8 4 525.5 1958.2 4935.4 5886.1 526.5 674.2 2727.0 112001.1 20925.5 22718.8 13255.9 186134.1
2020 8 5 524.3 1787.4 4420.2 5476.1 482.0 627.9 2544.4 115834.6 19350.6 21772.9 17344.3 190164.7
2020 8 6 512.6 1925.9 4420.2 5845.2 482.0 665.3 2735.1 115834.6 20996.2 22731.5 25306.2 201454.9
2020 8 7 638.9 1703.2 5325.4 5232.3 555.2 599.8 2396.9 115901.0 18036.1 20654.3 16885.0 187928.3
2020 8 8 529.1 1592.9 5267.6 4831.9 555.2 540.7 2265.5 92464.0 17171.2 19459.8 31556.7 176234.6
2020 8 9 678.0 1829.5 5363.7 5600.3 555.2 630.0 2623.3 108890.1 19749.3 23197.7 20015.6 189132.9
2020 8 10 585.0 1777.7 5421.5 5419.2 555.2 609.9 2546.1 109623.8 19203.8 22279.1 29747.2 197768.6
2020 8 11 576.2 1874.7 5421.5 5389.3 555.2 595.8 2611.9 112379.8 19895.4 26553.0 14190.1 190043.0
2020 8 12 617.0 1745.1 5421.5 5139.3 555.2 569.8 2490.8 115901.0 18836.2 24532.8 13646.3 189454.9
2020 8 13 662.6 1804.2 5421.5 5196.7 555.2 565.2 2557.2 115901.0 19705.3 24752.3 26220.1 203341.3
2020 8 14 662.6 1744.8 5421.5 5147.4 555.2 572.3 2460.9 115901.0 18511.8 24087.4 16310.3 191375.2
2020 8 15 548.8 1417.3 5363.7 4107.8 555.2 450.7 2009.5 92464.0 15218.1 20124.7 31769.8 174029.6
2020 8 16 678.0 1694.8 5363.7 4923.7 555.2 541.1 2417.8 108890.1 18301.9 24148.8 23039.7 190554.8
2020 8 17 651.1 1666.2 5421.5 4834.2 555.2 532.6 2373.5 109623.8 17929.9 23328.4 28347.9 195264.1
2020 8 18 642.3 1805.9 5421.5 5201.0 555.2 570.1 2568.9 112124.9 19561.3 25587.2 17298.4 191336.8
2020 8 19 671.7 1688.2 5421.5 4904.9 555.2 539.8 2404.0 115901.0 18221.4 23169.5 13740.1 187217.3
2020 8 20 671.7 1677.1 5421.5 4786.9 555.2 518.4 2376.9 115901.0 18301.8 22537.4 27131.6 199879.4
2020 8 21 671.7 1687.5 5421.5 4893.7 555.2 539.1 2367.4 115901.0 17885.4 22828.7 17279.9 190031.2
2020 8 22 507.2 1516.0 5363.7 4324.7 555.2 473.1 2143.4 92464.0 16349.0 20757.9 30638.9 175093.2
2020 8 23 678.0 1723.6 5363.7 4934.6 555.2 541.5 2417.2 108890.1 18571.8 23705.7 25471.1 192852.7
2020 8 24 658.2 1671.8 5421.5 4817.4 555.2 531.0 2327.4 109623.8 17963.3 22306.0 27445.7 193321.2
2020 8 25 642.3 1735.8 5421.5 4951.2 555.2 543.9 2398.4 110295.5 18678.7 23417.8 20703.0 189343.4
2020 8 26 1042.2 1737.6 7551.7 5054.1 560.9 569.9 2274.4 121376.6 18715.4 22084.0 17661.0 198627.6
2020 8 27 1078.6 1750.2 7551.7 5104.3 560.9 572.5 2215.4 121376.6 18918.5 22847.5 25397.6 207373.8
2020 8 28 887.9 1630.0 7085.8 4880.5 560.9 566.7 2060.1 119128.7 16358.8 18918.8 19326.5 191404.5
2020 8 29 777.9 1583.7 6746.3 4736.5 560.9 554.3 2001.9 101316.1 16333.0 17179.1 31859.2 183648.9
2020 8 30 927.0 1690.3 6911.7 5091.0 560.9 599.2 2088.8 120099.8 17110.4 19109.1 28555.8 202744.0
2020 8 31 959.5 1701.7 7551.7 5159.7 560.9 607.9 2069.2 113052.0 17277.9 18759.3 26042.5 193742.2
2020 9 1 837.3 1756.4 6175.0 5386.0 542.0 643.5 2139.2 121101.1 17818.3 19689.9 19323.8 195412.6
2020 9 2 935.2 1857.0 7033.0 5757.8 645.6 705.6 2090.9 123996.3 18882.2 19729.8 22740.3 204373.8
2020 9 3 762.3 1715.6 5309.9 5340.8 523.7 651.5 1858.6 121101.1 17296.9 19648.7 24754.8 198964.0
2020 9 4 695.0 1585.1 4919.4 5086.6 509.8 640.7 1704.6 121101.1 14709.7 15694.9 20428.1 187075.2
2020 9 5 603.9 1683.2 4750.3 5282.2 468.5 664.4 1821.0 101723.3 16393.1 15103.8 31111.4 179605.2
2020 9 6 906.5 1782.8 6802.1 5654.4 660.5 717.6 1827.7 123080.0 16681.1 17002.1 31870.1 206985.0
2020 9 7 1122.2 1712.5 8372.3 5408.3 847.2 684.9 1716.7 122547.2 16181.1 16044.9 27661.6 202298.9
2020 9 8 1074.8 1684.3 8587.0 5286.1 867.2 673.0 1641.5 123996.3 15434.0 15490.8 20845.5 195580.4
2020 9 9 935.2 1881.2 7113.0 5819.9 651.0 753.0 1675.0 124788.9 17637.2 15772.1 27527.4 204553.8
2020 9 10 927.2 1738.4 7124.9 5433.6 652.1 701.5 1482.8 124788.9 16000.5 16603.4 24940.9 200394.4
2020 9 11 932.5 1615.6 6232.3 5275.1 573.9 705.9 1330.6 123996.3 13381.0 12681.1 21019.8 187744.2
2020 9 12 768.8 1650.4 5780.1 5260.4 578.1 703.9 1359.1 100930.7 14373.8 11345.8 29184.1 171935.4
2020 9 13 906.5 1828.6 6802.1 5825.7 681.7 779.8 1454.0 122287.4 15455.9 13839.6 33934.8 203796.1
2020 9 14 1049.6 1739.3 7976.3 5473.4 661.1 732.4 1330.2 123339.8 14720.8 13129.0 26586.1 196738.1
2020 9 15 1002.2 1727.1 7990.1 5410.0 670.3 729.9 1277.6 124788.9 14137.7 13123.2 20174.0 191030.9
2020 9 16 1007.8 1927.3 8134.9 5821.1 876.9 785.6 1388.4 123996.3 16253.3 12717.3 27856.6 200765.5
2020 9 17 999.8 1692.4 8221.8 5181.9 858.1 699.4 1227.3 123996.3 13864.3 12874.5 24469.8 194085.5
2020 9 18 932.5 1728.2 6232.3 5447.2 573.9 735.7 1274.1 123996.3 13850.3 13380.2 18886.9 187037.7
2020 9 19 841.4 1676.5 6997.5 5084.5 796.6 685.6 1207.1 100930.7 13939.3 11222.6 26088.4 169470.0
2020 9 20 979.1 1832.0 6774.2 5622.9 602.3 760.8 1310.1 122287.4 14828.9 13879.3 31978.2 200855.1
2020 9 21 1137.1 1732.8 7542.6 5224.7 597.4 710.5 1206.7 120644.9 14045.6 13067.9 25501.3 191411.4
2020 9 22 1074.8 1696.9 7576.8 5060.0 616.8 693.3 1151.9 123996.3 13570.3 12767.8 20902.4 189107.3
2020 9 23 1022.8 1856.2 6978.1 5314.0 585.0 754.1 1207.7 122094.0 15242.1 12044.2 25950.4 193048.5
2020 9 24 999.8 1731.4 6924.0 5110.9 573.0 814.4 1063.4 123996.3 14104.0 12085.4 23742.5 191145.1
2020 9 25 932.5 1752.3 7097.8 5473.0 869.2 878.9 1068.9 123996.3 13778.7 13171.1 17215.5 186234.2
2020 9 26 768.8 1655.0 5780.1 5121.5 578.1 836.9 981.0 100930.7 13461.6 10514.0 25559.2 166186.9
2020 9 27 979.1 1727.1 7154.1 6087.9 619.9 1263.5 900.2 122287.4 14109.2 10138.3 29278.7 194545.3
2020 9 28 1122.2 1735.1 7542.6 5947.3 595.2 1249.2 856.9 122547.2 14003.4 10012.6 24084.9 189696.5
2020 9 29 1142.4 1779.9 7807.3 6415.8 630.9 1477.4 766.0 122094.0 14629.2 9520.4 21177.2 187440.4
2020 9 30 1682.2 1782.9 11720.9 5932.4 706.6 1245.3 874.9 122094.0 14698.9 9311.8 23765.6 193815.6
2020 10 1 2009.3 1695.5 11756.6 6101.9 610.3 1426.5 729.2 127595.0 14279.9 10419.2 21323.6 197947.0
2020 10 2 858.8 1672.1 7287.9 6287.1 510.2 1470.7 689.5 126618.3 13741.1 11161.6 16764.2 187061.4
2020 10 3 859.4 1629.1 7287.9 6172.3 487.6 1479.0 632.6 106955.6 13897.5 8757.7 25053.6 173212.4
2020 10 4 970.6 1644.5 7576.3 6933.6 548.5 1872.2 513.6 125250.8 14006.0 7715.4 25065.4 192097.0
2020 10 5 2018.1 1749.6 12088.5 7241.1 631.0 2025.9 444.0 123522.1 14657.7 7282.4 23743.0 195403.3
2020 10 6 2091.5 1770.1 12088.5 7512.1 624.6 2191.1 360.7 127345.0 14908.1 6606.3 19094.5 194592.7
2020 10 7 2093.1 1710.1 12088.5 6923.7 620.9 1937.8 441.3 127595.0 14560.6 6380.5 21847.3 196198.6
2020 10 8 2009.3 1731.8 11756.6 7225.4 610.3 2163.4 324.9 127595.0 14783.4 6206.3 19698.1 194104.6
2020 10 9 2181.3 1695.5 11756.6 7244.8 670.8 2154.2 283.7 126618.3 14111.4 7056.0 16051.7 189824.3
2020 10 10 2418.5 1704.5 12315.4 7333.8 606.1 2192.2 265.7 106955.6 14715.0 5730.3 23940.9 178178.0
2020 10 11 3029.1 1773.3 16429.9 8185.4 707.1 2638.2 381.3 135759.4 15268.8 3880.9 22173.1 210226.7
2020 10 12 3801.5 1881.1 18290.6 8356.8 678.0 2722.8 240.3 128774.0 15988.1 3651.8 20771.3 205156.5
2020 10 13 3230.8 1883.6 18290.6 8467.6 664.7 2814.0 78.5 132781.4 16052.7 3454.7 17251.9 204970.5
2020 10 14 2770.8 1891.1 14834.6 8172.3 707.3 2648.0 292.7 129002.5 16459.9 3597.5 21320.0 201696.7
2020 10 15 2612.8 1780.1 14834.6 7892.5 707.3 2613.6 117.7 129268.1 15148.9 3401.9 18629.2 197006.8
2020 10 16 2683.5 1816.7 14834.6 8018.6 655.1 2642.2 114.1 128025.9 15134.7 3595.8 15138.0 192659.0
2020 10 17 2605.8 1818.7 14834.6 7935.1 645.9 2628.0 103.8 110221.2 16041.4 3064.8 23046.3 182945.4
2020 10 18 2976.5 1963.1 15708.1 8396.1 707.1 2779.6 110.5 135759.4 16711.1 3650.1 21863.8 210625.3
2020 10 19 2522.6 1953.3 14834.6 8246.4 690.6 2761.0 0.0 124318.3 16874.8 3182.1 19735.8 195119.3
2020 10 20 2611.4 1860.0 14834.6 7685.6 693.6 2567.7 78.5 128141.2 15901.1 3517.8 13997.9 191889.4
2020 10 21 2685.9 2072.5 14834.6 8445.3 707.3 2818.7 75.1 129268.1 18413.8 3358.6 22513.4 205193.3
2020 10 22 2634.6 1868.1 14834.6 7670.2 754.2 2587.0 0.0 129268.1 16044.5 3177.9 20275.0 199114.2
2020 10 23 2736.1 1843.2 15556.4 7545.7 651.8 2527.4 0.0 128025.9 15430.9 3210.6 16142.6 193670.6
2020 10 24 3546.8 1835.5 18290.6 7350.8 646.1 2517.0 0.0 118675.5 16473.2 2612.6 24132.0 196080.2
2020 10 25 3396.9 2101.4 19164.1 8413.1 732.4 2997.0 0.0 145680.1 18178.1 3835.2 24277.6 228776.0
2020 10 26 3113.2 1901.6 18290.6 7517.0 658.8 2689.7 0.0 128774.0 17139.9 3101.0 19910.3 203096.2
2020 10 27 3230.8 1783.8 18290.6 7036.5 664.7 2592.9 0.0 132781.4 16079.5 2937.7 14777.0 200174.8
2020 10 28 3445.2 2170.1 18290.6 8686.6 689.5 3483.9 0.0 135136.3 22424.4 4618.9 25069.1 224014.6
2020 10 29 4052.3 1753.3 19720.1 7452.2 808.5 2961.0 0.0 135136.3 18236.5 4308.7 21828.3 216257.3
2020 10 30 4600.9 1716.3 22542.5 7307.3 761.3 2859.3 0.0 149116.1 17424.3 4203.9 18783.5 229315.4
2020 10 31 3932.3 1721.5 22542.5 7209.2 688.7 2923.5 0.0 133178.9 19292.8 3348.1 26786.9 221624.3
2020 11 1 4808.6 1882.4 24220.7 8296.3 683.0 3489.1 0.0 153168.2 20669.0 4986.9 28949.6 251153.8
2020 11 2 4107.1 1700.7 21820.2 7721.1 648.2 3323.7 0.0 132690.7 19919.4 4710.7 23554.6 220196.3
2020 11 3 4412.2 1674.2 21855.9 7785.9 648.2 3470.4 0.0 133474.8 20379.1 4460.2 15296.0 213456.9
2020 11 4 4395.9 1944.3 22456.3 9089.7 668.8 4262.4 0.0 134477.2 25144.9 6659.5 24919.5 234018.4
2020 11 5 4187.6 1724.7 22021.9 8667.7 668.8 4096.1 0.0 134477.2 23320.3 7240.8 21271.0 227676.0
2020 11 6 3487.0 1529.3 19637.6 7740.2 647.4 3636.8 0.0 134196.0 20347.1 6424.2 20815.6 218461.2
2020 11 7 3608.4 1587.4 18597.4 7795.1 599.5 3745.8 0.0 124561.7 22691.4 5544.4 27980.7 216712.0
2020 11 8 3977.0 1760.5 20849.3 8778.0 664.7 4378.5 0.0 143905.0 24242.6 7995.8 27538.3 244089.9
2020 11 9 4924.8 1707.6 24246.2 8891.0 661.3 4547.3 0.0 143327.4 24805.8 8943.2 22109.5 244164.2
2020 11 10 4412.2 1688.9 21599.9 8793.4 648.2 4572.0 0.0 133474.8 25554.3 7420.0 13247.2 221410.8
2020 11 11 5662.6 1819.0 26305.1 9479.9 682.0 5122.1 0.0 151214.1 28527.9 9517.7 23444.1 261774.4
2020 11 12 4512.5 1739.0 23727.7 9555.4 668.8 5183.9 0.0 134477.2 28647.0 10735.7 20081.6 239328.7
2020 11 13 3968.7 1522.1 20322.1 8463.8 647.4 4632.8 0.0 134196.0 24498.3 9859.0 19001.1 227111.2
2020 11 14 3315.6 1655.5 18289.4 8737.8 632.7 4853.2 0.0 124561.7 28361.3 8878.8 28888.2 228174.3
2020 11 15 5385.5 1712.5 25638.6 9248.5 683.0 5284.1 0.0 153168.2 28475.9 11816.7 24839.0 266252.0
2020 11 16 5603.7 1700.4 22644.8 9414.2 685.4 5364.6 0.0 143327.4 28909.2 12146.3 23374.0 253170.1
2020 11 17 4614.9 1741.6 22808.2 9508.4 648.2 5431.4 0.0 133474.8 30713.8 10395.6 13649.2 232986.1
2020 11 18 5807.9 1792.5 26241.3 9616.3 706.1 5570.9 0.0 156562.3 31140.4 11736.8 23195.9 272370.3
2020 11 19 5397.5 1889.0 24740.4 10104.1 685.2 5894.5 0.0 151214.1 31989.2 14083.0 18369.9 264366.9
2020 11 20 4537.4 1670.4 23553.3 9030.2 665.7 5327.5 0.0 148432.7 27913.6 12792.1 18447.4 252370.2
2020 11 21 4135.1 1800.4 21154.6 9218.6 651.1 5477.5 0.0 138798.4 31383.1 11755.0 27771.5 252145.2
2020 11 22 7087.7 1870.4 30562.8 9755.7 718.5 5907.3 0.0 159324.4 31521.8 14898.2 22575.0 284221.6
2020 11 23 6475.7 1893.8 28051.3 9893.0 685.4 5976.1 0.0 156744.6 32703.5 14101.5 22867.7 279392.6
2020 11 24 6945.7 1813.7 28990.1 9498.5 685.4 5848.3 0.0 157528.7 32283.4 11890.5 13479.5 268963.8
2020 11 25 6659.9 1949.6 29805.8 9702.6 706.1 6061.7 0.0 156562.3 35734.0 13189.0 24129.9 284500.9
2020 11 26 7207.8 1909.7 30756.3 9653.2 717.1 6224.2 0.0 156562.3 33803.8 15092.3 16937.7 278864.4
2020 11 27 6500.6 1829.5 28878.1 9923.7 697.6 6716.9 0.0 153780.9 35246.4 10710.3 18539.6 272823.6
2020 11 28 5306.0 1772.9 23800.0 9626.9 686.5 6467.0 0.0 144954.6 35970.6 9993.3 27025.6 265603.5
2020 11 29 6235.6 1842.9 26998.3 10082.2 718.5 6886.9 0.0 159324.4 36670.9 12324.0 25649.5 286733.2
2020 11 30 6475.7 1793.4 28051.3 9760.5 685.4 6671.5 0.0 156744.6 36283.0 10626.0 22640.8 279732.2
2020 12 1 11131.6 1783.9 49859.5 10520.5 974.1 7567.1 0.0 149229.2 39364.5 9288.7 15714.1 295433.1
2020 12 2 10545.4 1897.1 46904.8 10586.1 1020.9 7570.7 0.0 149229.2 42468.9 10465.6 25806.2 306494.9
2020 12 3 9951.9 1748.2 42188.1 9977.1 1053.0 7316.2 0.0 149229.2 37573.3 11879.9 16669.6 287586.5
2020 12 4 10387.5 1830.4 47775.4 11183.0 1053.0 8437.2 0.0 149229.2 43371.6 7616.5 21409.6 302293.3
2020 12 5 9000.7 1679.5 35583.2 10525.3 925.1 7891.3 0.0 140799.6 41975.3 7161.9 26179.6 281721.6
2020 12 6 9451.4 1754.3 39320.4 10948.1 954.2 8271.8 0.0 143563.2 43392.8 8467.6 27994.2 294118.1
2020 12 7 9481.2 1780.4 42349.1 11017.1 960.9 8357.6 0.0 140026.3 44457.0 7656.8 21479.0 287565.3
2020 12 8 10790.6 1807.3 50218.3 11805.5 1254.8 9217.0 0.0 154871.1 47777.9 6121.6 16820.6 310684.8
2020 12 9 10789.8 1816.0 47084.3 11389.3 1083.4 8868.0 0.0 151695.1 49115.5 6460.5 23311.3 311613.2
2020 12 10 9218.5 1732.9 42960.0 11000.2 1123.4 8746.5 0.0 146122.3 46295.8 7091.0 16568.6 290859.2
2020 12 11 11216.6 1795.1 50092.8 11985.1 1041.8 9675.0 0.0 151695.1 50926.1 3285.7 22428.3 314141.7
2020 12 12 10186.7 1593.9 42857.0 11103.2 883.9 8972.4 0.0 140799.6 48027.6 3207.8 27249.2 294881.2
2020 12 13 9667.9 1661.7 43608.5 11494.5 965.4 9323.0 0.0 143563.2 49529.9 3682.5 27619.4 301116.0
2020 12 14 9429.4 1681.5 45586.4 11579.0 1241.8 9443.6 0.0 148351.7 50469.8 3627.2 21262.3 302672.7
2020 12 15 10942.5 1824.9 52448.8 12837.3 1254.8 10569.2 0.0 154871.1 56026.8 2784.6 18689.3 322249.3
2020 12 16 10556.7 1698.8 46478.7 11932.5 1226.1 9804.5 0.0 154871.1 53101.7 2487.0 22477.3 314634.5
2020 12 17 11216.6 1665.7 51390.3 11667.9 1083.4 9625.8 0.0 151695.1 51857.9 2788.1 18312.6 311303.3
2020 12 18 9332.0 1680.0 40982.9 11729.7 1070.6 9658.9 0.0 146122.3 52304.9 2492.8 24664.0 300038.1
2020 12 19 9670.8 1590.3 40321.3 11022.4 898.3 9082.8 0.0 140799.6 49871.2 2452.6 27294.6 293004.0
2020 12 20 9625.8 1647.9 43277.5 11400.0 982.3 9440.4 0.0 143563.2 51211.6 2675.9 25967.4 299792.1
2020 12 21 8770.5 1706.0 33508.8 11727.8 863.9 9681.8 0.0 140026.3 53280.8 2424.6 23586.5 285577.0
2020 12 22 10681.9 1721.2 47222.4 11880.4 974.1 9890.4 0.0 149229.2 53847.5 2182.2 20668.7 308298.0
2020 12 23 11161.9 1732.1 48783.2 11880.5 1014.1 9902.4 0.0 149229.2 54680.8 2025.8 20123.1 310533.1
2020 12 24 9146.9 1733.8 40552.2 11866.8 1112.2 9913.0 0.0 146122.3 54899.9 2237.6 18161.6 295746.4
2020 12 25 9218.5 1686.5 43014.3 11527.5 1081.8 9593.1 0.0 146122.3 53060.0 1998.1 24566.4 301868.6
2020 12 26 8635.6 1576.7 35843.9 10769.1 925.1 8944.8 0.0 140799.6 49672.1 1934.4 25218.7 284319.9
2020 12 27 10877.5 1588.3 51105.2 10899.4 1149.1 9084.0 0.0 150522.8 49718.3 2010.3 25797.4 312752.2
2020 12 28 10129.9 1633.9 42718.6 11680.2 1120.0 9517.5 0.0 148351.7 49692.7 1241.8 22964.2 299050.5
2020 12 29 11652.5 1578.1 50619.0 11383.2 1125.5 9316.5 0.0 154871.1 48599.1 1408.2 21603.8 312157.0
2020 12 30 10708.5 1740.5 49462.5 12567.5 1254.8 10255.0 0.0 154871.1 53677.0 1288.4 21314.3 317139.5
2020 12 31 11216.6 1652.3 52643.5 11825.3 1117.5 9684.6 0.0 155209.8 51014.4 1408.5 19741.6 315514.0
