year month date house_pred houseCooking_pred houseJHeating_pred salesOne_pred salesTwo_pred bizHeating_pred bizCooling_pred industry_pred heatFacility_pred heatCombined_pred CNG_pred pred_sum
2019 12 1 7566.9 1565.1 36612.4 9339.4 917.1 6883.2 0.0 139771.8 37147.0 6594.5 19993.0 266390.5
2019 12 2 7715.1 1496.7 37808.9 8909.9 944.1 6615.1 0.0 139771.8 36642.7 6680.8 23472.1 270057.2
2019 12 3 8247.9 1665.0 39978.8 9498.8 1005.9 7051.8 0.0 139771.8 41052.5 8201.1 28858.8 285332.5
2019 12 4 8247.9 1669.9 39978.8 9888.4 988.7 7784.8 0.0 139771.8 39618.4 8937.7 16800.4 273686.9
2019 12 5 8367.1 1724.4 39978.8 11137.0 1034.5 9221.9 0.0 139771.8 47494.9 5013.3 17710.7 281454.6
2019 12 6 7992.1 1469.2 39380.0 9512.2 1053.4 7773.1 0.0 139771.8 42149.7 4675.2 21939.1 275715.7
2019 12 7 8150.5 1539.7 40036.8 10099.1 913.3 8316.5 0.0 141807.7 43658.1 5518.2 17954.8 277994.7
2019 12 8 8420.1 1578.5 40938.9 10197.7 913.3 8332.2 0.0 141807.7 45575.3 4259.3 23247.3 285270.4
2019 12 9 7529.3 1471.2 38947.7 9591.1 1011.8 7881.0 0.0 139771.8 43627.3 4498.4 23912.7 278242.4
2019 12 10 8266.9 1614.1 39978.8 10146.1 1038.1 8348.7 0.0 139771.8 48094.7 5028.7 27221.7 289509.4
2019 12 11 7992.1 1648.4 39834.2 10610.4 1064.8 8943.6 0.0 139771.8 48537.1 5262.3 19435.3 283100.1
2019 12 12 7992.1 1708.8 39834.2 11473.7 1064.8 9785.5 0.0 139771.8 52891.3 1648.0 19372.6 285542.8
2019 12 13 8266.9 1473.5 39524.6 10173.4 1035.7 8674.8 0.0 139771.8 47761.1 1453.2 19465.6 277600.6
2019 12 14 7189.0 1445.3 35972.6 9990.2 938.9 8538.9 0.0 139771.8 46823.2 1681.8 17848.9 270200.5
2019 12 15 7551.4 1497.3 38013.7 10233.5 938.9 8724.8 0.0 139771.8 48912.7 1436.8 22095.4 279176.4
2019 12 16 7975.3 1525.8 41083.7 10377.3 1162.6 8859.7 0.0 147208.7 50593.5 1753.7 25640.4 296180.8
2019 12 17 8943.5 1586.1 44702.6 10746.7 1162.6 9189.2 0.0 147208.7 51993.8 1536.0 24244.1 301313.3
2019 12 18 7992.1 1559.9 39834.2 10592.4 1064.8 9085.6 0.0 139771.8 51151.7 1662.7 21420.2 284135.3
2019 12 19 8367.1 1575.8 39978.8 10717.0 1022.2 9185.2 0.0 139771.8 51361.0 1612.1 20287.6 283878.6
2019 12 20 8247.9 1523.2 39524.6 10296.8 982.7 8827.6 0.0 139771.8 49535.6 1443.0 19486.0 279639.3
2019 12 21 7338.7 1360.8 36117.2 9170.3 938.2 7880.2 0.0 139771.8 45069.6 1643.6 20243.8 269534.2
2019 12 22 7566.9 1584.0 36612.4 10569.0 938.2 9069.5 0.0 139771.8 52109.3 1457.7 24220.9 283899.7
2019 12 23 7715.1 1473.6 37808.9 9774.6 954.9 8409.4 0.0 139771.8 48578.9 1645.2 22794.1 278926.5
2019 12 24 8182.8 1630.5 39978.8 10750.8 1080.4 9278.4 0.0 139771.8 53254.9 1636.2 23698.4 289263.0
2019 12 25 7658.0 1467.8 37493.6 10171.1 1049.8 8485.7 0.0 139771.8 45535.7 695.2 20624.8 272953.7
2019 12 26 7992.1 1588.5 39834.2 10507.7 1069.8 9071.8 0.0 139771.8 51822.2 1598.5 21428.6 284685.2
2019 12 27 9265.0 1527.3 44480.8 10048.6 1068.1 8676.4 0.0 147208.7 49444.2 960.8 18891.4 291571.5
2019 12 28 8687.9 1346.6 43016.2 8981.0 1033.2 7782.2 0.0 147208.7 44186.6 1042.4 18568.6 281853.4
2019 12 29 8650.0 1491.2 43270.9 10165.1 1038.1 8539.6 0.0 147208.7 46983.2 1001.8 22054.9 290403.4
2019 12 30 7975.3 1429.1 40161.5 9891.7 929.6 8261.2 0.0 141807.7 44883.2 1046.7 19417.9 275803.8
2019 12 31 8943.5 1511.8 43814.3 10466.5 980.9 8772.9 0.0 141807.7 48891.8 1046.8 25878.2 292114.6
2020 1 1 7873.6 1675.6 37891.8 11150.9 983.7 8789.9 0.0 154666.3 46899.1 12.2 20376.7 290319.8
2020 1 2 8194.1 1833.6 36767.8 12403.9 975.4 9752.2 0.0 151247.1 51799.7 14.0 20996.3 293984.1
2020 1 3 6859.8 1683.3 34895.5 11514.1 943.1 9030.3 0.0 138068.4 47816.1 15.4 30241.3 281067.4
2020 1 4 6335.9 1670.8 31090.3 11075.0 821.5 8725.0 0.0 126187.1 46669.7 12.5 27604.1 260192.0
2020 1 5 6882.8 1632.1 33031.7 10771.6 847.2 8477.4 0.0 134900.4 44672.2 13.2 24040.8 265269.4
2020 1 6 6641.2 1611.8 32106.4 10691.5 869.8 8415.2 0.0 125822.3 44692.5 13.0 22561.7 253425.5
2020 1 7 7110.9 1913.0 34974.8 12661.1 975.4 9967.6 0.0 147194.7 53100.4 15.0 21904.6 289817.6
2020 1 8 7237.9 1801.4 34985.0 11815.6 975.4 9301.6 0.0 146914.1 49521.4 13.4 18859.8 281425.9
2020 1 9 7995.8 1829.3 37910.3 12052.4 983.7 9533.2 0.0 156783.8 50896.8 13.9 23475.1 301474.3
2020 1 10 8148.8 1756.7 39508.1 11663.9 1086.6 9217.2 0.0 163590.3 49060.1 15.3 29755.4 313802.4
2020 1 11 8150.4 1737.2 38338.5 11258.5 979.3 8925.7 0.0 147740.0 47725.7 13.1 26540.6 291408.9
2020 1 12 8496.6 1760.6 39346.9 11516.8 979.3 9126.7 0.0 154172.4 48062.2 14.5 24969.2 298445.1
2020 1 13 7586.3 1819.7 36204.0 11613.6 978.6 9235.4 0.0 143667.6 49671.0 13.4 23547.9 284337.6
2020 1 14 8697.3 1909.4 40223.9 12245.3 947.1 9718.7 0.0 159547.4 51799.2 14.9 20902.1 306005.4
2020 1 15 7944.0 1931.6 39255.4 12350.9 933.9 9797.6 0.0 152546.4 51946.3 14.8 15832.6 292553.6
2020 1 16 7995.8 1894.2 37910.3 11928.4 983.7 9631.1 0.0 155925.4 51772.4 14.7 26967.9 305023.8
2020 1 17 7995.8 1847.1 37860.8 11710.2 937.7 9439.0 0.0 151653.1 50401.5 15.9 27985.3 299846.4
2020 1 18 7437.6 1834.4 36037.3 11494.4 805.8 9262.0 0.0 128511.0 49382.5 14.4 25230.4 270009.8
2020 1 19 8273.0 1874.0 37823.2 11844.2 962.0 9569.2 0.0 152069.2 50417.4 17.1 24364.0 297213.2
2020 1 20 7381.1 1919.8 35602.2 11914.2 973.8 9659.0 0.0 143285.3 52070.6 15.8 23025.8 285847.6
2020 1 21 8697.3 1990.5 39756.1 12424.6 947.1 10064.5 0.0 159547.4 53767.1 16.5 20204.6 307415.7
2020 1 22 7995.4 1973.4 39439.2 12263.4 947.1 9931.4 0.0 158781.8 52987.3 16.3 16064.7 300400.1
2020 1 23 9756.8 1976.0 42691.1 12158.3 1009.1 9982.6 0.0 169365.9 54062.3 21.9 30014.6 331038.5
2020 1 24 9504.9 1896.1 42662.4 11761.1 1009.1 9626.5 0.0 169454.2 51300.5 23.1 26870.7 324108.7
2020 1 25 9038.3 1834.8 40993.0 11266.8 992.3 9200.2 0.0 150457.4 49607.3 19.1 27740.0 301149.1
2020 1 26 8660.1 1841.2 39557.8 11365.7 979.3 9312.6 0.0 154341.2 49484.9 23.5 25874.5 301440.8
2020 1 27 7586.3 1934.7 36204.0 11842.6 978.6 9724.1 0.0 143667.6 52604.5 23.7 23625.5 288191.6
2020 1 28 8140.3 2075.9 39559.4 12732.3 1086.6 10398.8 0.0 164281.4 56114.3 24.8 21299.6 315713.3
2020 1 29 7925.3 1994.9 39559.4 12237.3 961.3 9949.0 0.0 159051.0 55610.0 24.0 17877.2 305189.5
2020 1 30 8839.6 1950.0 40365.5 11956.8 947.1 9734.8 0.0 163767.9 55175.3 28.5 31489.3 324254.8
2020 1 31 8435.0 1911.8 39714.3 11947.1 973.8 9693.6 0.0 158177.1 53948.2 29.7 26635.3 311465.8
2020 2 1 8271.3 1871.9 37700.8 11388.5 974.5 9298.0 0.0 150039.6 52472.0 31.3 29734.9 301782.8
2020 2 2 8666.7 1798.1 39748.4 10864.0 974.5 8885.1 0.0 150039.6 49651.8 34.7 26671.9 297335.0
2020 2 3 7903.2 1916.8 36979.3 11518.0 971.2 9416.0 0.0 146662.7 53829.9 33.0 27748.0 296978.2
2020 2 4 8778.8 2002.5 39719.5 12184.3 949.2 9924.2 0.0 154464.2 55592.4 30.9 23523.7 307169.7
2020 2 5 8924.9 1946.8 40218.5 11791.9 949.2 9557.9 0.0 154464.2 55637.2 44.2 19180.9 302715.7
2020 2 6 9171.9 1989.4 42574.0 11704.9 960.7 9468.8 0.0 154464.2 55620.0 45.2 30030.9 316029.9
2020 2 7 9071.2 1969.9 40797.2 11789.0 967.6 9507.0 0.0 154464.2 54967.4 47.1 25529.3 309110.0
2020 2 8 7487.8 1953.9 37262.5 11399.3 1034.8 9146.6 0.0 148711.1 54802.0 59.1 28618.1 300475.4
2020 2 9 8290.6 1815.1 38268.8 10468.0 859.4 8390.3 0.0 138257.6 49939.5 60.6 24450.9 280800.8
2020 2 10 7292.9 1889.7 36888.0 10911.2 1044.6 8718.6 0.0 146662.7 52970.4 54.6 27207.0 293639.8
2020 2 11 8680.0 1970.3 39072.1 11529.3 967.5 9209.6 0.0 145585.1 54500.7 52.7 23552.1 295119.3
2020 2 12 7003.1 1908.1 34385.5 11101.4 965.2 8809.6 0.0 143467.9 52590.7 50.5 18537.4 278819.3
2020 2 13 8679.6 1887.1 38513.3 10855.6 895.7 8591.4 0.0 143467.9 50746.9 49.9 28173.9 291861.4
2020 2 14 7161.8 1921.0 35074.7 11137.9 939.5 8758.8 0.0 143467.9 51327.0 55.3 25604.7 285448.8
2020 2 15 7818.0 1912.0 35729.8 11082.7 833.5 8675.0 0.0 138257.6 51298.9 57.3 26103.7 281768.4
2020 2 16 7534.4 1775.0 33107.8 10322.3 859.6 8034.2 0.0 137333.8 46796.8 59.5 21962.1 267785.4
2020 2 17 6952.7 1845.3 32954.6 10775.1 880.1 8356.6 0.0 134636.6 49452.0 53.0 22813.3 268719.4
2020 2 18 8785.6 2034.1 39072.1 11924.9 965.2 9208.1 0.0 145585.1 53984.6 58.8 21428.8 293047.3
2020 2 19 7986.1 1897.5 36966.1 11175.4 895.7 8547.8 0.0 143467.9 50253.7 56.7 16626.4 277873.3
2020 2 20 7614.9 1775.5 35400.4 10650.9 965.2 8124.1 0.0 143467.9 47431.9 52.8 26120.7 281604.3
2020 2 21 8360.6 1837.3 38399.6 11064.1 941.8 8399.6 0.0 145585.1 48816.9 61.2 25845.0 289311.2
2020 2 22 6557.7 1804.4 31080.1 10845.8 836.4 8205.2 0.0 137333.8 47568.5 52.8 23238.6 267523.2
2020 2 23 7233.8 1739.5 33049.1 10490.2 862.3 7895.7 0.0 137333.8 45077.1 53.8 21419.4 265154.6
2020 2 24 7030.6 1793.2 33500.4 10794.0 880.1 8100.3 0.0 138127.3 46960.0 46.2 20269.7 267501.7
2020 2 25 7950.8 1989.3 35687.9 12093.8 965.2 8987.2 0.0 143467.9 52052.3 52.3 19470.4 282717.3
2020 2 26 7460.9 1914.8 35489.4 11151.9 965.2 8150.7 0.0 143467.9 46911.8 45.7 23990.3 279548.5
2020 2 27 8013.4 1712.7 37352.4 10018.9 910.8 7377.0 0.0 143467.9 42726.6 36.7 24469.1 276085.5
2020 2 28 8215.0 1880.3 37053.4 11014.2 910.8 8081.6 0.0 143467.9 46003.5 42.8 24332.9 281002.6
2020 2 29 6753.7 1751.9 32452.2 10385.4 870.7 7720.7 0.0 137333.8 44515.9 36.4 24477.8 266298.4
2020 3 1 5690.5 1723.8 26055.8 10235.1 598.9 7428.2 0.0 137527.1 42702.1 38.3 23482.2 255482.1
2020 3 2 6517.2 1809.4 29556.9 10684.6 598.9 7719.4 0.0 140474.7 44808.1 35.0 20515.9 262720.1
2020 3 3 5572.4 1999.9 29495.9 11823.9 587.9 8503.9 0.0 140323.2 49047.9 39.3 19132.0 266526.2
2020 3 4 5004.8 1931.9 25591.7 10961.5 587.9 7780.6 0.0 141034.3 45110.2 45.8 22844.8 260893.6
2020 3 5 4914.1 1813.0 24774.0 10172.8 587.9 7248.0 0.0 139519.4 42163.0 39.6 23205.2 254437.0
2020 3 6 6146.8 1902.7 27628.4 10775.3 587.9 7662.4 0.0 140771.7 43772.2 43.1 24823.0 264113.5
2020 3 7 5579.7 1756.1 26364.7 10001.3 598.9 7079.0 0.0 137276.0 40747.0 38.1 25643.3 255084.1
2020 3 8 5690.5 1771.3 26055.8 10081.3 598.9 7137.8 0.0 137527.1 40000.3 39.7 24819.0 253721.8
2020 3 9 6517.2 1861.8 29556.9 10522.5 598.9 7390.8 0.0 140474.7 41614.6 38.4 21235.0 259810.9
2020 3 10 6928.6 2002.7 31185.8 11439.5 598.9 8039.1 0.0 152106.9 44324.7 42.4 19013.9 275682.5
2020 3 11 7021.9 1936.8 32400.2 10655.6 598.9 7401.1 0.0 155230.5 40918.9 48.4 24178.4 280390.7
2020 3 12 6227.2 1851.2 29583.7 10073.9 587.9 6974.5 0.0 141502.4 38608.1 42.8 21220.9 256672.5
2020 3 13 5647.9 1892.5 26375.0 10430.2 587.9 7213.0 0.0 140771.7 39457.2 43.9 24859.6 257279.0
2020 3 14 4888.6 1810.3 23199.9 10084.9 587.9 6902.3 0.0 132549.4 37956.0 42.2 27631.2 245652.7
2020 3 15 5114.7 1777.7 23199.9 9970.6 587.9 6773.8 0.0 134268.9 36459.2 42.8 26097.2 244292.8
2020 3 16 4993.9 1877.7 26573.8 10459.7 587.9 7053.2 0.0 130525.1 38174.7 43.5 24397.4 244687.0
2020 3 17 4965.4 2071.6 24686.2 11614.6 587.9 7870.4 0.0 138340.2 41685.5 48.7 20059.6 251930.1
2020 3 18 5004.8 1927.9 25591.7 10703.1 587.9 7220.5 0.0 141034.3 38771.2 44.7 21867.6 252753.6
2020 3 19 4294.8 2013.9 23816.1 11122.9 587.9 7461.7 0.0 135857.9 39989.3 46.1 19888.1 245078.6
2020 3 20 5647.9 1849.8 26375.0 10257.7 587.9 6871.4 0.0 140771.7 36658.8 42.6 25408.2 254471.0
2020 3 21 5312.9 1878.8 26364.7 10543.2 598.9 7022.9 0.0 137276.0 37111.5 43.9 26720.8 252873.6
2020 3 22 5598.7 1839.7 25032.1 10390.7 587.9 6846.6 0.0 134268.9 35858.2 43.7 25059.9 245526.5
2020 3 23 5228.3 1897.5 27867.0 10657.5 587.9 6964.4 0.0 130525.1 36906.9 44.3 26393.4 247072.2
2020 3 24 5661.2 2011.2 26287.2 11481.8 587.9 7540.9 0.0 140323.2 39115.4 47.4 19945.5 253001.7
2020 3 25 5444.6 1913.6 29108.1 10857.4 587.9 6991.2 0.0 143017.3 37059.3 50.2 21479.4 256508.9
2020 3 26 5384.1 1911.2 28290.5 10844.6 587.9 6874.5 0.0 141502.4 36985.3 48.7 20448.8 252878.0
2020 3 27 4996.2 1786.1 26375.0 10211.4 587.9 6400.7 0.0 140771.7 34150.3 43.5 21826.2 247149.0
2020 3 28 4353.2 1813.0 22668.7 9893.0 587.9 6054.8 0.0 132022.7 33230.4 46.5 25599.7 236269.8
2020 3 29 4218.0 1779.1 21804.2 9736.8 587.9 5867.3 0.0 134151.6 32213.0 45.7 23774.7 234178.4
2020 3 30 2741.6 1798.1 16203.6 9825.4 575.7 5882.4 0.0 127221.7 32633.5 46.4 26591.9 223520.5
2020 3 31 2976.2 1932.6 16751.4 10523.8 575.7 6250.2 0.0 130564.8 34901.7 49.6 19455.4 223981.7
2020 4 1 3005.1 1810.7 18011.9 9869.7 549.5 5557.2 0.0 132116.6 32536.2 51.9 21573.0 225081.9
2020 4 2 3151.8 1881.2 18268.7 10136.6 563.1 5568.5 0.0 130441.1 33406.9 52.9 20639.2 224110.0
2020 4 3 3109.7 1767.7 18268.7 9544.2 563.1 5172.1 0.0 129507.2 30585.5 46.8 19561.0 218126.0
2020 4 4 2954.8 1795.6 17494.5 9157.8 587.0 4794.9 0.0 122022.7 29545.6 49.9 23087.6 211490.3
2020 4 5 3485.0 1766.9 19922.0 9029.2 587.0 4709.1 0.0 132473.2 28949.7 50.4 22855.1 223827.7
2020 4 6 4174.8 1763.8 22617.5 9003.2 651.0 4663.1 0.0 124666.1 29015.1 50.2 25136.7 221741.5
2020 4 7 4484.0 1841.4 25264.9 9321.2 673.8 4741.8 0.0 135722.0 29804.8 52.0 18830.0 230736.0
2020 4 8 3628.3 1819.4 20145.4 9062.3 549.5 4445.4 0.0 136357.4 29015.0 57.3 20662.4 225742.4
2020 4 9 3162.5 1735.7 18268.7 8603.4 563.1 4069.4 0.0 131586.4 27445.8 53.4 20690.9 216179.2
2020 4 10 2970.7 1786.7 16461.2 8969.9 529.5 4195.3 0.0 130148.0 27463.5 51.7 17218.6 209795.2
2020 4 11 2954.8 1784.0 17494.5 8348.4 587.0 3660.3 0.0 125677.3 26053.3 54.6 24503.4 211117.4
2020 4 12 3236.9 1723.6 18334.7 8159.8 587.0 3564.6 0.0 132473.2 24800.9 52.6 22647.7 215581.0
2020 4 13 3050.7 1687.7 17131.0 8006.7 563.1 3471.2 0.0 126644.3 24482.3 52.6 26063.3 211152.9
2020 4 14 2954.6 1838.0 17144.2 8636.4 549.5 3689.2 0.0 133316.6 26509.4 56.8 21377.0 216071.7
2020 4 15 3242.1 1810.7 18559.4 8454.9 552.4 3520.9 0.0 132116.6 25654.8 56.1 23050.0 217017.9
2020 4 16 2755.6 1801.7 16461.2 8464.4 555.8 3515.2 0.0 131586.4 25807.3 56.9 23113.2 214117.9
2020 4 17 2986.4 1761.4 17721.2 8341.9 549.5 3441.9 0.0 133769.6 24421.5 52.9 19020.9 212067.2
2020 4 18 3124.7 1817.1 17494.5 8561.3 587.0 3540.4 0.0 129640.5 25639.4 57.4 27697.7 218160.0
2020 4 19 3299.7 1825.5 18882.2 8761.1 589.9 3613.7 0.0 128713.6 25417.8 56.3 24181.9 215341.7
2020 4 20 2501.5 1714.6 15178.8 8244.0 540.3 3361.6 0.0 127866.2 23936.0 53.7 26320.4 209717.1
2020 4 21 2545.5 1854.8 15258.5 8897.1 529.5 3615.4 0.0 131021.5 26161.7 59.4 24171.0 214114.2
2020 4 22 2883.0 1845.1 16126.2 8826.1 529.5 3569.1 0.0 135050.8 25728.0 57.5 25173.8 219789.1
2020 4 23 2755.6 1745.7 16461.2 8591.3 540.3 3385.4 0.0 132734.5 24531.1 54.5 25114.3 215914.0
2020 4 24 2691.6 1777.6 16461.2 8671.8 529.5 3310.4 46.0 129507.2 23870.1 51.7 18200.7 205117.7
2020 4 25 1804.6 1704.0 10872.6 8260.7 462.7 3177.7 47.0 109060.4 23599.7 54.7 31058.9 190102.9
2020 4 26 2938.9 1809.2 16767.8 8989.7 583.4 3443.3 54.7 130499.8 24593.4 54.1 25786.7 215520.9
2020 4 27 3050.7 1651.3 17131.0 7711.5 552.4 2776.8 91.6 126644.3 21358.5 50.7 27319.6 208338.5
2020 4 28 2545.5 1741.2 15258.5 8153.0 529.5 2925.5 98.4 130380.6 22966.5 55.4 25077.8 209731.8
2020 4 29 2129.4 1779.0 11838.4 8259.4 472.2 2905.3 123.3 132946.6 23146.2 55.4 25295.2 208950.4
2020 4 30 1748.2 1708.9 11406.2 8238.6 472.2 2860.0 105.4 132100.4 22709.8 53.7 27944.7 209347.9
2020 5 1 1728.8 1624.8 11458.2 7714.2 608.8 2544.4 146.3 135368.5 20457.7 47.1 20759.1 202458.0
2020 5 2 1752.8 1509.6 11309.2 7195.3 583.1 2396.2 134.0 118113.8 19475.3 47.7 30182.2 192699.3
2020 5 3 3270.7 1825.2 17213.3 8718.8 669.9 2872.0 172.6 132596.0 23143.6 54.6 27698.0 218234.8
2020 5 4 1992.5 1586.8 11895.9 7163.3 602.5 2168.5 221.9 128124.8 18954.7 47.3 25212.7 197971.0
2020 5 5 1832.2 1620.5 11395.9 7339.6 602.5 2212.5 228.6 130957.9 19720.5 50.1 24144.9 200105.2
2020 5 6 1862.6 1764.6 11239.2 7831.8 608.1 2224.5 293.0 130714.3 20837.0 53.6 22806.8 200235.5
2020 5 7 1795.3 1619.2 11758.2 7576.2 608.1 2145.6 255.2 130714.3 19377.2 48.2 26422.8 202320.2
2020 5 8 1795.3 1573.8 11838.2 7134.3 608.1 1829.8 295.1 129961.3 18058.4 45.2 21671.8 194811.3
2020 5 9 2740.7 1456.1 16469.6 6579.3 669.9 1658.3 290.3 117415.2 16793.0 44.0 27070.3 191186.7
2020 5 10 3110.5 1768.6 17213.3 8090.3 669.9 2039.7 350.9 132596.0 20135.4 51.9 29004.4 215031.0
2020 5 11 1787.5 1545.3 11654.7 6697.7 602.6 1453.7 388.1 129319.9 16454.4 44.6 23860.6 193809.1
2020 5 12 1832.2 1526.9 11822.9 6396.9 602.6 1366.7 379.7 130957.9 16272.7 44.8 21947.7 193151.1
2020 5 13 1862.6 1796.9 11822.9 7479.3 608.1 1549.3 465.5 131909.3 19127.3 53.0 20962.4 197636.7
2020 5 14 1795.3 1599.7 11766.5 6843.6 608.8 1449.1 410.9 136153.3 17101.5 47.6 26892.3 204668.6
2020 5 15 1728.8 1541.6 11449.2 6454.7 618.7 1227.3 438.2 134265.5 15843.8 44.1 21250.6 194862.5
2020 5 16 1752.8 1464.6 10970.9 6152.1 583.1 1164.0 424.3 122315.6 15209.2 43.2 24452.8 184532.6
2020 5 17 1593.7 1794.8 11937.3 7562.3 619.8 1475.3 500.1 143425.2 18616.8 52.8 29602.0 217180.1
2020 5 18 1334.1 1576.8 9495.2 6822.4 609.7 1328.0 445.0 138372.0 16309.9 44.9 21677.9 198016.0
2020 5 19 1468.9 1579.6 11103.0 6579.7 613.4 1284.4 432.9 133006.4 16325.7 45.6 19637.0 192076.5
2020 5 20 1372.2 1828.5 9566.0 7615.5 615.3 1463.2 513.1 139935.2 18971.5 53.1 20953.3 202886.9
2020 5 21 1294.3 1622.7 9570.6 6811.0 617.7 1322.9 454.7 139527.1 16772.8 47.7 25428.0 203469.4
2020 5 22 1205.9 1610.7 9634.3 6755.5 618.6 1288.5 455.9 147286.6 16102.5 44.8 18383.4 203386.8
2020 5 23 1211.5 1586.7 9016.0 6611.0 604.4 1246.8 467.4 128449.5 16363.8 46.3 23961.0 189564.3
2020 5 24 1998.5 1841.4 13855.3 7676.5 621.1 1447.8 563.0 141170.5 18633.5 53.0 28883.8 216744.3
2020 5 25 1440.0 1653.8 11032.2 7038.2 613.4 1320.3 524.9 130163.1 16756.5 46.4 20987.7 191576.5
2020 5 26 1468.9 1676.3 11103.0 6839.4 613.4 1258.9 550.0 133006.4 16899.9 46.8 17202.6 190665.6
2020 5 27 1372.2 1884.0 9646.7 7689.5 616.2 1387.2 727.2 141331.2 19347.1 53.2 21421.9 205476.4
2020 5 28 1246.3 1634.4 9651.4 6949.4 618.6 1255.0 747.7 147286.6 16622.6 45.2 25170.3 211227.5
2020 5 29 1205.9 1627.4 9815.8 6898.6 618.3 1262.4 705.9 146929.4 16015.4 41.7 16804.7 201925.7
2020 5 30 1163.4 1555.8 9197.6 6535.2 604.1 1179.4 693.7 139214.4 15819.6 42.4 25030.5 201035.9
2020 5 31 1544.1 1830.3 11937.3 7678.9 620.7 1378.9 868.3 143425.2 18267.9 49.3 26790.0 214390.9
2020 6 1 919.3 1645.4 7639.5 6943.4 432.2 1198.9 792.2 112986.4 16196.3 42.3 21393.6 170189.4
2020 6 2 953.2 1701.1 7659.1 7093.5 432.2 1195.0 882.1 119031.6 16717.3 43.0 21953.6 177661.6
2020 6 3 990.2 1836.1 7748.6 7574.2 432.2 1264.9 978.6 122538.1 17971.4 46.5 21546.1 182926.9
2020 6 4 1323.0 1671.5 8742.7 7218.2 485.3 1197.0 1036.6 124792.8 16069.4 41.3 24174.2 186752.0
2020 6 5 990.5 1570.1 7634.0 6749.4 459.5 1129.7 937.3 122606.7 14748.5 36.5 19476.5 176338.7
2020 6 6 1058.4 1598.1 8119.5 6669.3 461.2 1100.5 965.7 100875.7 15351.5 139.2 27078.5 163417.6
2020 6 7 1160.3 1887.2 8269.7 7990.2 461.2 1309.6 1198.0 124945.2 17643.6 156.1 24297.7 189318.9
2020 6 8 892.7 1707.5 7639.5 7011.6 459.2 1150.1 1097.4 114507.4 15628.4 135.8 22564.1 172793.7
2020 6 9 1061.3 1757.6 8345.2 7003.2 504.4 1115.9 1166.1 119031.6 16125.1 740.5 22802.3 179653.2
2020 6 10 1029.0 1857.5 8434.7 7341.5 504.4 1157.6 1266.0 122538.1 16892.4 799.7 22029.8 183850.8
2020 6 11 1087.3 1719.4 8434.7 7168.2 504.4 1124.7 1313.4 123519.9 15431.0 739.8 25106.8 186149.8
2020 6 12 958.2 1606.0 7603.3 6627.9 432.5 1044.3 1198.3 121333.9 14081.9 712.1 21778.7 177377.1
2020 6 13 742.6 1662.6 6703.3 6615.3 435.5 1031.3 1239.5 97776.0 14752.9 864.0 28597.9 160420.9
2020 6 14 856.1 1899.7 6959.8 7791.5 435.5 1210.6 1453.7 122279.7 16418.5 1051.6 22729.4 183086.1
2020 6 15 919.3 1743.9 7639.5 6905.6 432.2 1069.3 1328.0 112986.4 14747.2 915.2 23280.4 171966.8
2020 6 16 1071.8 1763.7 8345.2 6816.7 504.4 1047.9 1348.3 119031.6 15052.4 1518.5 23991.8 180492.3
2020 6 17 960.4 1820.2 8149.4 6939.2 489.0 1068.0 1347.3 122538.1 15239.5 1540.7 24620.5 184712.4
2020 6 18 846.5 1821.2 7171.6 7109.1 449.1 1090.3 1344.1 123519.9 15114.1 1721.5 24153.6 184340.9
2020 6 19 845.2 1711.8 6764.3 6600.8 482.1 1015.7 1244.2 121721.2 13946.8 1583.4 22070.0 177985.5
2020 6 20 742.6 1767.4 6703.3 6594.6 435.5 1007.8 1285.7 97776.0 14643.8 1681.4 28530.4 161168.5
2020 6 21 821.5 1942.8 6381.7 7426.4 433.0 1136.1 1426.1 123568.5 15741.8 1964.4 24945.4 185787.7
2020 6 22 940.9 1869.9 7807.3 6929.6 489.0 1058.3 1355.8 111477.5 14838.8 1832.8 23751.7 172351.7
2020 6 23 758.2 1848.1 6391.9 6715.2 444.1 1015.2 1334.8 116852.4 14689.6 2434.8 19375.4 171859.6
2020 6 24 985.1 2002.9 8043.9 7105.0 489.0 1062.3 1509.3 122538.1 16291.2 2691.7 26663.0 189381.5
2020 6 25 806.8 1873.3 6499.1 6793.8 444.1 1003.2 1467.8 123488.5 15077.9 2934.8 24594.8 184984.1
2020 6 26 958.0 1842.0 7604.5 6695.3 482.1 984.5 1525.5 121333.9 14565.9 2828.8 20334.4 179155.1
2020 6 27 699.6 1819.0 6100.6 6190.5 433.0 888.2 1490.7 97776.0 15777.7 4243.0 27576.6 162995.0
2020 6 28 813.1 1939.0 6392.9 6754.6 433.0 970.0 1621.4 122279.7 16741.9 4947.7 28774.8 191667.9
2020 6 29 836.0 1825.3 7600.9 6387.7 489.0 908.0 1533.7 111477.5 15791.9 4584.7 24316.2 175750.9
2020 6 30 1025.9 1809.8 7936.6 6334.4 489.0 886.2 1564.3 118579.9 15655.2 4637.1 18949.5 177868.0
2020 7 1 829.6 1986.7 6692.7 6890.0 452.3 954.1 1871.1 120945.2 17959.1 5588.6 28495.0 192664.4
2020 7 2 832.2 1880.6 6683.3 6715.9 443.8 917.2 1840.0 121491.2 16721.0 6953.0 23060.7 187538.9
2020 7 3 799.9 1871.4 6330.7 6734.1 443.8 917.3 1914.5 117872.7 16342.0 6833.3 18157.0 178216.6
2020 7 4 612.3 1755.6 4758.9 5912.5 434.3 781.7 1789.0 99303.9 16764.3 7213.8 27071.3 166397.6
2020 7 5 745.5 1849.3 5860.8 6349.3 445.8 838.1 1929.4 116918.0 17639.4 8008.3 33851.8 194435.5
2020 7 6 767.6 1815.1 6186.9 6260.3 436.8 817.9 1931.3 111742.5 17334.7 8472.1 25562.7 181327.9
2020 7 7 769.4 1810.5 6104.5 6219.2 464.5 801.2 1966.7 114624.1 17156.4 8224.2 18121.9 176262.6
2020 7 8 820.7 2050.7 6621.5 6740.9 468.8 848.9 2326.9 120945.2 20547.2 9099.4 28212.1 198682.4
2020 7 9 708.2 1883.1 5879.3 6278.4 460.3 774.9 2247.9 112087.2 18794.7 10341.2 24502.8 183957.8
2020 7 10 650.6 1786.8 5325.8 6086.0 419.0 753.5 2181.7 113502.4 17356.9 9514.5 18391.9 175969.2
2020 7 11 554.8 1719.2 4554.7 5477.7 412.4 649.7 2106.2 97019.4 18262.6 9563.4 28181.3 168501.3
2020 7 12 653.8 1852.8 5218.9 6064.0 423.9 719.6 2328.2 110705.3 19563.9 11494.5 33505.3 192530.1
2020 7 13 628.0 1766.6 5247.8 5812.6 431.1 683.7 2258.0 109734.8 18708.1 11631.0 27825.8 184727.7
2020 7 14 625.7 1827.3 4934.4 5987.2 402.6 700.0 2360.2 112603.4 19250.5 11456.5 17753.6 177901.3
2020 7 15 649.7 1908.3 5156.2 6068.4 406.9 709.1 2501.9 113445.0 20826.1 11510.4 26643.1 189825.2
2020 7 16 652.3 1935.2 5146.8 6253.9 419.0 730.9 2587.9 113559.2 21057.9 13673.7 24059.2 190076.0
2020 7 17 662.4 1766.8 5268.4 5798.0 419.0 684.7 2327.2 111435.8 18745.0 12914.3 17815.7 177837.2
2020 7 18 574.1 1670.8 4689.2 5404.0 412.4 634.3 2213.0 97019.4 18193.6 10168.3 29095.8 170075.1
2020 7 19 657.2 1862.3 5618.8 6103.8 471.3 720.8 2496.6 110705.3 19963.1 12729.4 29966.0 191294.3
2020 7 20 590.2 1869.9 4880.2 6141.0 444.5 721.1 2536.6 108693.2 20090.3 13462.7 29628.8 189058.6
2020 7 21 591.1 1842.2 4983.2 6021.6 455.9 704.3 2489.8 111310.0 19789.7 12035.2 17720.4 177943.5
2020 7 22 611.0 1823.0 5390.0 5871.8 458.1 690.3 2490.2 116205.2 19782.6 11867.9 25124.1 190314.1
2020 7 23 614.3 2031.9 5505.6 6554.1 469.7 771.7 2821.4 116319.3 22110.8 14722.2 24845.8 196766.8
2020 7 24 578.1 1708.4 5048.3 5573.9 408.4 658.0 2328.9 115809.2 18094.7 12766.3 18382.1 181356.3
2020 7 25 455.3 1763.3 4202.8 5668.9 394.7 655.6 2428.5 97019.4 19109.9 12330.4 29960.2 173989.0
2020 7 26 539.1 1973.0 4713.4 6446.9 399.8 753.6 2742.3 110705.3 21082.8 15625.0 22363.9 187345.1
2020 7 27 590.8 1942.3 4880.2 6327.3 446.7 739.3 2714.6 108693.2 20888.1 15379.9 30190.0 192792.5
2020 7 28 591.1 1945.7 4983.2 6026.7 455.9 691.4 2648.4 111310.0 20720.0 17399.4 16355.6 183127.4
2020 7 29 548.1 1759.2 4709.7 5506.4 400.6 639.9 2460.5 115809.2 18918.8 16559.3 20884.3 188196.0
2020 7 30 624.3 2026.5 5234.5 6319.0 455.9 730.9 2851.4 116319.3 21984.4 19386.4 24023.5 199956.2
2020 7 31 622.7 1781.8 5262.6 5631.1 458.1 654.9 2479.1 116203.3 18804.4 17742.9 16814.5 186455.4
2020 8 1 418.5 1675.4 4762.3 5288.7 522.3 612.7 2371.7 96584.7 18166.8 15911.2 31373.9 177688.1
2020 8 2 544.0 1865.9 4928.0 5969.3 522.3 700.8 2661.7 110639.3 20067.1 19020.9 19581.7 186500.9
2020 8 3 644.8 1925.4 5406.7 6121.9 581.4 716.7 2748.4 108043.5 20827.0 19622.8 29737.3 196375.8
2020 8 4 525.1 1958.2 4853.3 5886.1 522.3 674.2 2727.0 110462.8 20925.5 22718.8 13255.9 184509.0
2020 8 5 503.1 1787.4 4209.8 5476.1 482.7 627.9 2544.4 117392.9 19350.6 21772.9 17344.3 191492.1
2020 8 6 521.0 1925.9 4209.8 5845.2 482.7 665.3 2735.1 115019.0 20996.2 22731.5 25306.2 200437.9
2020 8 7 645.6 1703.2 5278.7 5232.3 562.9 599.8 2396.9 115831.4 18036.1 20654.3 16885.0 187826.3
2020 8 8 507.1 1592.9 5187.6 4831.9 562.9 540.7 2265.5 96584.7 17171.2 19459.8 31556.7 180261.0
2020 8 9 672.4 1829.5 5315.6 5600.3 587.4 630.0 2623.3 110639.3 19749.3 23197.7 20015.6 190860.5
2020 8 10 580.3 1777.7 5406.7 5419.2 556.9 609.9 2546.1 108043.5 19203.8 22279.1 29747.2 196170.4
2020 8 11 576.2 1874.7 5406.7 5389.3 556.9 595.8 2611.9 110866.2 19895.4 26553.0 14190.1 188516.4
2020 8 12 604.2 1745.1 5406.7 5139.3 581.4 569.8 2490.8 118205.3 18836.2 24532.8 13646.3 191757.9
2020 8 13 692.1 1804.2 5406.7 5196.7 581.4 565.2 2557.2 115831.4 19705.3 24752.3 26220.1 203312.6
2020 8 14 689.8 1744.8 5406.7 5147.4 587.4 572.3 2460.9 115831.4 18511.8 24087.4 16310.3 191350.2
2020 8 15 559.2 1417.3 5315.6 4107.8 587.4 450.7 2009.5 96584.7 15218.1 20124.7 31769.8 178144.7
2020 8 16 672.4 1694.8 5315.6 4923.7 587.4 541.1 2417.8 110639.3 18301.9 24148.8 23039.7 192282.3
2020 8 17 617.0 1666.2 5406.7 4834.2 533.2 532.6 2373.5 108825.2 17929.9 23328.4 28347.9 194394.7
2020 8 18 616.3 1805.9 5406.7 5201.0 522.1 570.1 2568.9 112255.5 19561.3 25587.2 17298.4 191393.5
2020 8 19 677.5 1688.2 5406.7 4904.9 550.9 539.8 2404.0 118205.3 18221.4 23169.5 13740.1 189508.3
2020 8 20 700.9 1677.1 5406.7 4786.9 550.9 518.4 2376.9 115524.3 18301.8 22537.4 27131.6 199512.8
2020 8 21 698.6 1687.5 5406.7 4893.7 550.9 539.1 2367.4 115524.3 17885.4 22828.7 17279.9 189662.3
2020 8 22 489.2 1516.0 5315.6 4324.7 587.4 473.1 2143.4 96584.7 16349.0 20757.9 30638.9 179179.9
2020 8 23 681.1 1723.6 5315.6 4934.6 550.9 541.5 2417.2 110639.3 18571.8 23705.7 25471.1 194552.6
2020 8 24 653.6 1671.8 5406.7 4817.4 550.9 531.0 2327.4 108825.2 17963.3 22306.0 27445.7 192498.9
2020 8 25 636.8 1735.8 5406.7 4951.2 522.1 543.9 2398.4 110551.7 18678.7 23417.8 20703.0 189546.1
2020 8 26 1031.7 1737.6 7851.1 5054.1 607.5 569.9 2274.4 119248.1 18715.4 22084.0 17661.0 196834.6
2020 8 27 1140.5 1750.2 7851.1 5104.3 607.5 572.5 2215.4 124574.1 18918.5 22847.5 25397.6 210979.3
2020 8 28 910.3 1630.0 7104.5 4880.5 592.9 566.7 2060.1 118118.6 16358.8 18918.8 19326.5 190467.6
2020 8 29 790.6 1583.7 6810.5 4736.5 543.8 554.3 2001.9 102575.0 16333.0 17179.1 31859.2 184967.6
2020 8 30 1042.9 1690.3 7171.1 5091.0 569.1 599.2 2088.8 120566.3 17110.4 19109.1 28555.8 203594.0
2020 8 31 976.4 1701.7 7851.1 5159.7 607.5 607.9 2069.2 112146.3 17277.9 18759.3 26042.5 193199.3
2020 9 1 875.9 1756.4 6199.4 5386.0 544.7 643.5 2139.2 122338.5 17818.3 19689.9 19323.8 196715.7
2020 9 2 981.4 1857.0 7445.9 5757.8 638.4 705.6 2090.9 123777.1 18882.2 19729.8 22740.3 204606.5
2020 9 3 873.6 1715.6 6014.0 5340.8 514.9 651.5 1858.6 122540.6 17296.9 19648.7 24754.8 201210.0
2020 9 4 772.3 1585.1 5486.4 5086.6 526.4 640.7 1704.6 121589.4 14709.7 15694.9 20428.1 188224.4
2020 9 5 760.0 1683.2 4770.6 5282.2 487.8 664.4 1821.0 102879.8 16393.1 15103.8 31111.4 180957.4
2020 9 6 1007.4 1782.8 7168.7 5654.4 640.5 717.6 1827.7 121524.1 16681.1 17002.1 31870.1 205876.5
2020 9 7 1036.6 1712.5 7080.4 5408.3 859.6 684.9 1716.7 121410.3 16181.1 16044.9 27661.6 199796.9
2020 9 8 1039.1 1684.3 7488.8 5286.1 878.4 673.0 1641.5 123575.0 15434.0 15490.8 20845.5 194036.5
2020 9 9 981.4 1881.2 7445.9 5819.9 641.2 753.0 1675.0 123777.1 17637.2 15772.1 27527.4 203911.4
2020 9 10 1011.5 1738.4 7260.5 5433.6 640.1 701.5 1482.8 123777.1 16000.5 16603.4 24940.9 199590.6
2020 9 11 967.1 1615.6 6675.9 5275.1 580.9 705.9 1330.6 122826.0 13381.0 12681.1 21019.8 187059.1
2020 9 12 897.2 1650.4 5925.1 5260.4 553.9 703.9 1359.1 102879.8 14373.8 11345.8 29184.1 174133.7
2020 9 13 1007.4 1828.6 7168.7 5825.7 641.8 779.8 1454.0 121524.1 15455.9 13839.6 33934.8 203460.4
2020 9 14 1013.8 1739.3 7037.5 5473.4 665.5 732.4 1330.2 121410.3 14720.8 13129.0 26586.1 193838.4
2020 9 15 1013.8 1727.1 7445.9 5410.0 669.9 729.9 1277.6 123575.0 14137.7 13123.2 20174.0 189284.2
2020 9 16 1039.1 1927.3 7469.4 5821.1 911.7 785.6 1388.4 123777.1 16253.3 12717.3 27856.6 199946.9
2020 9 17 1069.2 1692.4 7303.4 5181.9 874.3 699.4 1227.3 123777.1 13864.3 12874.5 24469.8 193033.6
2020 9 18 967.1 1728.2 6675.9 5447.2 580.9 735.7 1274.1 122826.0 13850.3 13380.2 18886.9 186352.5
2020 9 19 954.8 1676.5 5948.6 5084.5 792.3 685.6 1207.1 102879.8 13939.3 11222.6 26088.4 170479.3
2020 9 20 1082.4 1832.0 7155.4 5622.9 583.5 760.8 1310.1 121524.1 14828.9 13879.3 31978.2 200557.4
2020 9 21 1036.6 1732.8 7024.2 5224.7 618.4 710.5 1206.7 121175.2 14045.6 13067.9 25501.3 191343.8
2020 9 22 1039.1 1696.9 7432.6 5060.0 639.9 693.3 1151.9 123575.0 13570.3 12767.8 20902.4 188529.2
2020 9 23 1039.1 1856.2 7432.6 5314.0 598.9 754.1 1207.7 123542.0 15242.1 12044.2 25950.4 194981.2
2020 9 24 1069.2 1731.4 7247.2 5110.9 598.0 814.4 1063.4 123777.1 14104.0 12085.4 23742.5 191343.6
2020 9 25 967.1 1752.3 6712.7 5473.0 898.1 878.9 1068.9 122826.0 13778.7 13171.1 17215.5 184742.4
2020 9 26 897.2 1655.0 5925.1 5121.5 553.9 836.9 981.0 102879.8 13461.6 10514.0 25559.2 168385.2
2020 9 27 1082.4 1727.1 7155.4 6087.9 598.3 1263.5 900.2 121524.1 14109.2 10138.3 29278.7 193865.0
2020 9 28 1036.6 1735.1 7024.2 5947.3 622.7 1249.2 856.9 121410.3 14003.4 10012.6 24084.9 187983.1
2020 9 29 1047.1 1779.9 7683.7 6415.8 634.6 1477.4 766.0 123339.9 14629.2 9520.4 21177.2 188471.2
2020 9 30 1723.5 1782.9 10366.3 5932.4 720.4 1245.3 874.9 123542.0 14698.9 9311.8 23765.6 193964.1
2020 10 1 1974.3 1695.5 12045.2 6101.9 630.3 1426.5 729.2 127380.6 14279.9 10419.2 21323.6 198006.3
2020 10 2 980.3 1672.1 6064.5 6287.1 530.7 1470.7 689.5 127380.6 13741.1 11161.6 16764.2 186742.2
2020 10 3 976.0 1629.1 6151.4 6172.3 492.5 1479.0 632.6 112723.7 13897.5 8757.7 25053.6 177965.4
2020 10 4 1097.1 1644.5 6630.6 6933.6 534.6 1872.2 513.6 124646.4 14006.0 7715.4 25065.4 190659.5
2020 10 5 1941.3 1749.6 13091.5 7241.1 655.6 2025.9 444.0 127380.6 14657.7 7282.4 23743.0 200212.7
2020 10 6 1943.8 1770.1 13003.9 7512.1 655.9 2191.1 360.7 127380.6 14908.1 6606.3 19094.5 195427.3
2020 10 7 1943.8 1710.1 13013.3 6923.7 640.9 1937.8 441.3 127380.6 14560.6 6380.5 21847.3 196779.8
2020 10 8 1974.3 1731.8 12045.2 7225.4 630.3 2163.4 324.9 127380.6 14783.4 6206.3 19698.1 194163.9
2020 10 9 2144.9 1695.5 11729.7 7244.8 648.2 2154.2 283.7 127380.6 14111.4 7056.0 16051.7 190500.7
2020 10 10 2307.4 1704.5 11651.1 7333.8 609.3 2192.2 265.7 112723.7 14715.0 5730.3 23940.9 183173.9
2020 10 11 2859.0 1773.3 18008.3 8185.4 693.7 2638.2 381.3 131317.0 15268.8 3880.9 22173.1 207179.1
2020 10 12 3853.6 1881.1 16681.6 8356.8 681.9 2722.8 240.3 131864.9 15988.1 3651.8 20771.3 206694.4
2020 10 13 3505.2 1883.6 17031.4 8467.6 681.2 2814.0 78.5 131864.9 16052.7 3454.7 17251.9 203085.7
2020 10 14 2668.0 1891.1 15660.0 8172.3 698.8 2648.0 292.7 127380.6 16459.9 3597.5 21320.0 200788.9
2020 10 15 2662.2 1780.1 14659.9 7892.5 696.3 2613.6 117.7 127380.6 15148.9 3401.9 18629.2 194983.0
2020 10 16 2613.8 1816.7 14588.0 8018.6 656.9 2642.2 114.1 127380.6 15134.7 3595.8 15138.0 191699.3
2020 10 17 2565.0 1818.7 14231.8 7935.1 643.9 2628.0 103.8 112723.7 16041.4 3064.8 23046.3 184802.4
2020 10 18 2835.9 1963.1 16721.3 8396.1 693.7 2779.6 110.5 131317.0 16711.1 3650.1 21863.8 207042.2
2020 10 19 2629.1 1953.3 15285.8 8246.4 680.5 2761.0 0.0 127380.6 16874.8 3182.1 19735.8 198729.3
2020 10 20 2631.7 1860.0 15567.1 7685.6 689.6 2567.7 78.5 127380.6 15901.1 3517.8 13997.9 191877.6
2020 10 21 2631.7 2072.5 15802.8 8445.3 701.9 2818.7 75.1 127380.6 18413.8 3358.6 22513.4 204214.4
2020 10 22 2662.2 1868.1 14659.9 7670.2 728.7 2587.0 0.0 127380.6 16044.5 3177.9 20275.0 197054.3
2020 10 23 2636.9 1843.2 15629.9 7545.7 656.9 2527.4 0.0 127380.6 15430.9 3210.6 16142.6 193004.6
2020 10 24 3149.4 1835.5 18328.6 7350.8 642.6 2517.0 0.0 119758.3 16473.2 2612.6 24132.0 196800.0
2020 10 25 3228.3 2101.4 21153.4 8413.1 717.2 2997.0 0.0 138351.7 18178.1 3835.2 24277.6 223252.9
2020 10 26 3502.7 1901.6 16666.0 7517.0 672.1 2689.7 0.0 131864.9 17139.9 3101.0 19910.3 204965.1
2020 10 27 3505.2 1783.8 17031.4 7036.5 681.2 2592.9 0.0 131864.9 16079.5 2937.7 14777.0 198290.1
2020 10 28 3216.0 2170.1 18443.4 8686.6 692.4 3483.9 0.0 130886.4 22424.4 4618.9 25069.1 219691.1
2020 10 29 3958.8 1753.3 21266.7 7452.2 788.8 2961.0 0.0 131864.9 18236.5 4308.7 21828.3 214419.2
2020 10 30 4633.5 1716.3 23266.7 7307.3 750.3 2859.3 0.0 143430.1 17424.3 4203.9 18783.5 224375.2
2020 10 31 4604.2 1721.5 19950.7 7209.2 676.2 2923.5 0.0 141114.0 19292.8 3348.1 26786.9 227627.0
2020 11 1 4741.0 1882.4 22735.2 8296.3 680.1 3489.1 0.0 150498.6 20669.0 4986.9 28949.6 246928.2
2020 11 2 4247.7 1700.7 21758.6 7721.1 661.7 3323.7 0.0 128214.3 19919.4 4710.7 23554.6 215812.5
2020 11 3 4285.0 1674.2 21334.7 7785.9 667.9 3470.4 0.0 128321.1 20379.1 4460.2 15296.0 207674.6
2020 11 4 4308.0 1944.3 22659.4 9089.7 691.4 4262.4 0.0 131376.3 25144.9 6659.5 24919.5 231055.3
2020 11 5 4154.2 1724.7 21763.3 8667.7 712.4 4096.1 0.0 141012.4 23320.3 7240.8 21271.0 233962.8
2020 11 6 3869.2 1529.3 19950.5 7740.2 641.0 3636.8 0.0 137276.4 20347.1 6424.2 20815.6 222230.3
2020 11 7 3437.7 1587.4 18288.6 7795.1 549.1 3745.8 0.0 114833.7 22691.4 5544.4 27980.7 206454.0
2020 11 8 4031.6 1760.5 20636.7 8778.0 662.7 4378.5 0.0 148957.2 24242.6 7995.8 27538.3 248982.1
2020 11 9 4859.2 1707.6 23546.4 8891.0 664.3 4547.3 0.0 146654.6 24805.8 8943.2 22109.5 246728.8
2020 11 10 4232.5 1688.9 21334.7 8793.4 667.9 4572.0 0.0 128321.1 25554.3 7420.0 13247.2 215832.0
2020 11 11 5169.4 1819.0 25813.6 9479.9 704.0 5122.1 0.0 161630.5 28527.9 9517.7 23444.1 271228.2
2020 11 12 4500.0 1739.0 23083.4 9555.4 712.0 5183.9 0.0 141163.5 28647.0 10735.7 20081.6 245401.4
2020 11 13 4096.7 1522.1 20557.3 8463.8 640.6 4632.8 0.0 132269.7 24498.3 9859.0 19001.1 225541.3
2020 11 14 3381.5 1655.5 18113.2 8737.8 591.0 4853.2 0.0 118898.9 28361.3 8878.8 28888.2 222359.5
2020 11 15 4817.1 1712.5 23785.6 9248.5 677.3 5284.1 0.0 164180.8 28475.9 11816.7 24839.0 274837.6
2020 11 16 5520.7 1700.4 23403.0 9414.2 656.3 5364.6 0.0 134701.4 28909.2 12146.3 23374.0 245190.2
2020 11 17 4318.3 1741.6 21758.6 9508.4 667.9 5431.4 0.0 133478.8 30713.8 10395.6 13649.2 231663.7
2020 11 18 5887.4 1792.5 26445.1 9616.3 699.7 5570.9 0.0 159645.6 31140.4 11736.8 23195.9 275730.6
2020 11 19 5049.5 1889.0 24506.1 10104.1 720.2 5894.5 0.0 155486.9 31989.2 14083.0 18369.9 268092.5
2020 11 20 4729.4 1670.4 22942.7 9030.2 665.3 5327.5 0.0 155909.8 27913.6 12792.1 18447.4 259428.2
2020 11 21 4296.6 1800.4 20712.1 9218.6 618.5 5477.5 0.0 124641.7 31383.1 11755.0 27771.5 237675.0
2020 11 22 6826.0 1870.4 29529.6 9755.7 752.2 5907.3 0.0 164411.3 31521.8 14898.2 22575.0 288047.4
2020 11 23 6757.8 1893.8 27715.1 9893.0 656.3 5976.1 0.0 156324.6 32703.5 14101.5 22867.7 278889.5
2020 11 24 6816.3 1813.7 27715.1 9498.5 659.1 5848.3 0.0 163133.4 32283.4 11890.5 13479.5 273137.8
2020 11 25 6579.9 1949.6 29457.7 9702.6 699.7 6061.7 0.0 161827.9 35734.0 13189.0 24129.9 289331.9
2020 11 26 6985.0 1909.7 30305.0 9653.2 764.7 6224.2 0.0 168933.4 33803.8 15092.3 16937.7 290608.9
2020 11 27 6655.6 1829.5 29122.9 9923.7 726.5 6716.9 0.0 156924.4 35246.4 10710.3 18539.6 276395.8
2020 11 28 5754.9 1772.9 24807.1 9626.9 695.6 6467.0 0.0 136645.5 35970.6 9993.3 27025.6 258759.5
2020 11 29 6219.0 1842.9 26830.2 10082.2 752.2 6886.9 0.0 162502.4 36670.9 12324.0 25649.5 289760.2
2020 11 30 6757.8 1793.4 27715.1 9760.5 656.3 6671.5 0.0 156324.6 36283.0 10626.0 22640.8 279229.1
