year month date avgTemp maxTemp minTemp
2016 01 01 3.20 8.10 -1.50
2016 01 02 6.50 12.70 1.30
2016 01 03 7.30 13.70 3.70
2016 01 04 6.40 11.40 2.30
2016 01 05 2.40 5.80 -0.70
2016 01 06 3.30 7.50 -1.00
2016 01 07 2.70 5.20 1.20
2016 01 08 1.20 4.80 -0.20
2016 01 09 2.50 7.70 -0.30
2016 01 10 3.70 8.50 -0.10
2016 01 11 1.50 5.30 -0.90
2016 01 12 -0.30 4.10 -4.20
2016 01 13 1.00 4.50 -1.30
2016 01 14 1.40 5.80 -0.60
2016 01 15 2.60 8.40 -2.20
2016 01 16 4.60 10.00 0.60
2016 01 17 3.70 6.60 2.40
2016 01 18 -0.80 3.20 -4.40
2016 01 19 -4.50 -2.00 -5.80
2016 01 20 -4.50 -0.80 -6.80
2016 01 21 -3.00 0.80 -5.30
2016 01 22 -2.80 1.10 -6.50
2016 01 23 -5.80 -3.20 -8.40
2016 01 24 -9.50 -7.70 -11.70
2016 01 25 -5.50 -1.50 -11.20
2016 01 26 -0.20 4.00 -3.80
2016 01 27 2.00 6.70 -1.40
2016 01 28 2.60 4.80 0.40
2016 01 29 3.90 5.10 3.00
2016 01 30 3.70 9.80 0.50
2016 01 31 -0.20 2.20 -1.90
2016 02 01 -2.20 0.70 -4.00
2016 02 02 -2.10 2.30 -5.70
2016 02 03 -0.10 5.70 -5.90
2016 02 04 0.70 6.50 -3.80
2016 02 05 1.20 5.70 -2.20
2016 02 06 -0.40 2.80 -2.40
2016 02 07 -0.40 5.30 -5.60
2016 02 08 2.80 9.20 -3.50
2016 02 09 4.00 8.60 -0.20
2016 02 10 5.00 14.00 -2.70
2016 02 11 10.90 17.10 4.00
2016 02 12 13.70 15.60 11.30
2016 02 13 14.20 19.80 6.50
2016 02 14 0.70 6.50 -2.20
2016 02 15 -2.10 0.80 -4.20
2016 02 16 1.30 5.70 -2.70
2016 02 17 2.90 7.20 -0.90
2016 02 18 4.70 11.60 -1.50
2016 02 19 7.00 11.80 1.90
2016 02 20 4.70 9.40 1.10
2016 02 21 2.40 7.30 -0.30
2016 02 22 3.50 6.00 0.30
2016 02 23 4.00 9.60 -0.30
2016 02 24 -0.60 3.20 -3.10
2016 02 25 1.50 7.70 -3.30
2016 02 26 3.50 7.90 -1.30
2016 02 27 8.90 13.70 5.20
2016 02 28 6.70 14.70 1.10
2016 02 29 -1.10 1.50 -3.50
2016 03 01 -0.20 5.80 -4.30
2016 03 02 4.50 13.20 -3.20
2016 03 03 10.00 18.30 1.50
2016 03 04 11.80 14.00 10.10
2016 03 05 15.10 18.00 11.60
2016 03 06 12.20 18.50 8.50
2016 03 07 11.90 18.60 6.90
2016 03 08 6.50 11.40 1.60
2016 03 09 3.00 8.10 1.00
2016 03 10 1.30 5.80 -0.80
2016 03 11 1.40 6.10 -2.10
2016 03 12 4.10 10.60 -2.50
2016 03 13 5.20 8.70 3.00
2016 03 14 4.90 9.90 1.50
2016 03 15 7.20 15.50 -0.50
2016 03 16 9.60 17.40 4.30
2016 03 17 12.40 19.40 3.80
2016 03 18 12.00 14.40 9.70
2016 03 19 11.60 18.50 6.40
2016 03 20 9.20 17.70 3.50
2016 03 21 10.10 18.00 4.30
2016 03 22 9.60 18.40 3.80
2016 03 23 8.40 15.10 4.90
2016 03 24 7.30 14.40 2.20
2016 03 25 6.70 14.10 1.90
2016 03 26 5.20 11.10 1.00
2016 03 27 7.10 15.30 1.10
2016 03 28 9.80 18.80 1.00
2016 03 29 12.00 16.40 6.80
2016 03 30 15.40 22.90 9.30
2016 03 31 15.00 22.30 9.10
2016 04 01 15.70 25.50 7.80
2016 04 02 16.60 24.10 9.30
2016 04 03 14.10 17.70 12.20
2016 04 04 13.40 17.80 10.70
2016 04 05 12.90 21.20 7.10
2016 04 06 12.50 20.70 8.60
2016 04 07 13.00 17.30 9.40
2016 04 08 15.40 23.50 9.30
2016 04 09 17.00 25.20 10.10
2016 04 10 16.90 25.10 10.50
2016 04 11 14.50 22.40 10.40
2016 04 12 15.10 22.20 8.60
2016 04 13 16.90 20.40 15.20
2016 04 14 17.20 24.00 13.10
2016 04 15 15.90 25.20 7.20
2016 04 16 15.80 18.90 10.80
2016 04 17 12.60 17.10 10.20
2016 04 18 13.30 17.50 9.70
2016 04 19 14.30 21.20 8.50
2016 04 20 16.00 22.40 9.80
2016 04 21 15.10 16.80 12.90
2016 04 22 17.90 25.20 12.60
2016 04 23 17.10 21.10 13.80
2016 04 24 17.30 24.90 10.90
2016 04 25 18.60 27.40 11.20
2016 04 26 18.70 27.20 11.60
2016 04 27 13.10 16.10 11.90
2016 04 28 14.50 20.50 11.50
2016 04 29 15.50 23.00 10.10
2016 04 30 17.00 25.20 9.80
2016 05 01 19.30 27.40 11.30
2016 05 02 19.20 25.20 14.70
2016 05 03 15.50 19.70 12.80
2016 05 04 16.60 22.60 10.90
2016 05 05 18.50 26.90 10.40
2016 05 06 19.90 25.20 14.90
2016 05 07 17.30 23.30 11.50
2016 05 08 18.90 25.40 10.90
2016 05 09 17.10 19.40 15.60
2016 05 10 14.60 16.10 13.70
2016 05 11 17.10 24.00 13.00
2016 05 12 19.00 26.20 12.60
2016 05 13 18.30 23.30 14.50
2016 05 14 20.10 26.40 14.00
2016 05 15 19.30 25.00 12.90
2016 05 16 15.60 21.90 10.00
2016 05 17 19.20 27.90 10.50
2016 05 18 22.60 31.10 13.60
2016 05 19 22.10 29.30 16.50
2016 05 20 22.90 30.00 14.80
2016 05 21 23.70 30.50 17.00
2016 05 22 23.50 30.30 16.90
2016 05 23 23.20 29.50 16.90
2016 05 24 18.80 21.40 16.10
2016 05 25 20.40 26.90 13.90
2016 05 26 21.90 28.40 16.90
2016 05 27 23.30 29.60 19.10
2016 05 28 21.50 26.90 17.40
2016 05 29 20.70 26.70 17.30
2016 05 30 22.30 29.90 15.30
2016 05 31 22.10 28.60 16.70
2016 06 01 22.50 28.80 18.40
2016 06 02 22.00 28.40 18.20
2016 06 03 22.70 28.60 16.60
2016 06 04 18.40 22.20 15.30
2016 06 05 21.00 26.20 14.70
2016 06 06 20.10 22.40 18.90
2016 06 07 21.40 25.20 18.70
2016 06 08 22.50 26.40 19.40
2016 06 09 23.40 29.60 19.30
2016 06 10 23.70 29.70 19.00
2016 06 11 24.30 29.50 20.00
2016 06 12 24.10 26.50 22.40
2016 06 13 24.10 30.40 20.60
2016 06 14 23.60 29.90 19.10
2016 06 15 22.30 25.30 20.60
2016 06 16 21.80 24.60 19.00
2016 06 17 23.60 30.40 17.70
2016 06 18 23.90 30.30 19.30
2016 06 19 25.80 31.50 21.60
2016 06 20 22.90 24.40 21.40
2016 06 21 25.40 30.90 21.80
2016 06 22 22.80 24.90 21.60
2016 06 23 25.20 30.30 21.40
2016 06 24 22.20 25.60 20.40
2016 06 25 23.20 28.00 20.00
2016 06 26 24.10 29.70 19.20
2016 06 27 22.30 25.70 19.30
2016 06 28 22.90 26.00 19.50
2016 06 29 23.00 25.80 20.60
2016 06 30 24.80 29.60 22.30
2016 07 01 24.70 27.00 23.30
2016 07 02 23.00 25.00 22.40
2016 07 03 21.90 23.10 20.30
2016 07 04 25.70 28.20 22.10
2016 07 05 26.90 30.90 24.90
2016 07 06 26.50 29.40 24.50
2016 07 07 26.60 31.80 22.80
2016 07 08 26.60 31.50 21.90
2016 07 09 27.80 33.80 24.30
2016 07 10 27.40 31.20 23.40
2016 07 11 26.50 30.10 24.40
2016 07 12 24.50 27.20 23.00
2016 07 13 26.60 31.20 23.00
2016 07 14 25.80 30.20 22.70
2016 07 15 26.00 30.90 22.60
2016 07 16 23.50 25.00 22.00
2016 07 17 24.40 28.80 21.70
2016 07 18 25.20 30.00 20.10
2016 07 19 26.90 31.70 22.10
2016 07 20 27.30 32.70 22.80
2016 07 21 27.40 33.10 23.00
2016 07 22 27.30 32.20 23.60
2016 07 23 27.90 32.80 23.10
2016 07 24 29.30 34.20 25.40
2016 07 25 29.60 33.90 26.00
2016 07 26 29.80 34.30 26.00
2016 07 27 28.80 32.80 26.30
2016 07 28 29.70 33.90 26.50
2016 07 29 30.50 35.30 27.60
2016 07 30 30.40 34.50 27.00
2016 07 31 30.20 36.00 26.40
2016 08 01 30.00 35.70 25.60
2016 08 02 28.10 31.10 25.50
2016 08 03 26.60 31.90 24.10
2016 08 04 28.60 33.90 23.80
2016 08 05 29.70 35.10 25.10
2016 08 06 29.70 34.50 26.10
2016 08 07 27.50 33.10 24.40
2016 08 08 27.90 34.80 24.20
2016 08 09 27.50 32.40 24.80
2016 08 10 29.50 34.50 25.20
2016 08 11 30.60 36.70 25.20
2016 08 12 30.60 37.20 25.90
2016 08 13 30.10 35.70 25.40
2016 08 14 29.50 34.90 25.60
2016 08 15 28.80 32.60 26.20
2016 08 16 28.70 34.90 25.00
2016 08 17 28.40 34.10 24.80
2016 08 18 28.90 34.70 24.10
2016 08 19 29.60 34.80 25.10
2016 08 20 29.90 35.90 26.00
2016 08 21 29.90 35.90 25.70
2016 08 22 29.80 35.70 25.70
2016 08 23 27.90 34.10 24.40
2016 08 24 29.10 34.90 24.50
2016 08 25 28.80 35.00 24.20
2016 08 26 23.90 28.50 19.50
2016 08 27 22.20 26.20 18.70
2016 08 28 20.40 25.50 16.70
2016 08 29 21.90 27.10 16.60
2016 08 30 22.70 26.10 19.20
2016 08 31 24.60 28.50 20.50
2016 09 01 26.50 32.20 22.60
2016 09 02 21.60 24.80 19.70
2016 09 03 25.80 31.70 20.70
2016 09 04 26.90 33.00 23.20
2016 09 05 26.20 30.70 23.10
2016 09 06 24.30 27.60 21.00
2016 09 07 23.40 26.20 20.80
2016 09 08 23.90 30.60 18.80
2016 09 09 24.20 30.20 21.10
2016 09 10 23.00 31.10 19.00
2016 09 11 23.00 26.90 19.00
2016 09 12 23.10 27.90 20.30
2016 09 13 24.80 30.50 19.30
2016 09 14 24.30 28.60 21.80
2016 09 15 24.60 30.00 20.30
2016 09 16 21.70 23.60 20.40
2016 09 17 20.50 23.60 18.80
2016 09 18 20.20 22.70 18.10
2016 09 19 21.30 26.20 18.20
2016 09 20 21.20 26.60 16.30
2016 09 21 20.40 25.10 15.60
2016 09 22 21.50 27.50 17.80
2016 09 23 21.70 27.80 17.20
2016 09 24 22.60 27.80 17.40
2016 09 25 23.00 27.90 18.70
2016 09 26 23.70 28.60 21.00
2016 09 27 25.70 31.50 21.50
2016 09 28 21.90 24.20 20.60
2016 09 29 21.20 23.90 19.50
2016 09 30 18.50 19.80 16.90
2016 10 01 20.40 23.30 18.20
2016 10 02 23.50 27.30 20.30
2016 10 03 24.00 27.30 20.90
2016 10 04 23.50 31.10 18.60
2016 10 05 21.10 25.10 18.40
2016 10 06 20.10 25.90 15.90
2016 10 07 18.40 22.00 15.70
2016 10 08 17.80 20.30 15.70
2016 10 09 13.90 18.40 10.70
2016 10 10 14.80 19.50 10.10
2016 10 11 15.80 20.60 12.60
2016 10 12 16.70 23.10 12.50
2016 10 13 15.80 19.40 13.10
2016 10 14 17.50 25.40 10.90
2016 10 15 18.70 24.90 12.50
2016 10 16 16.40 17.80 14.70
2016 10 17 18.80 23.10 16.00
2016 10 18 18.10 23.90 13.60
2016 10 19 18.50 24.00 14.40
2016 10 20 17.40 21.50 12.70
2016 10 21 17.90 19.60 16.30
2016 10 22 18.40 22.40 14.90
2016 10 23 16.80 21.10 12.90
2016 10 24 16.00 19.70 12.40
2016 10 25 16.60 20.10 12.50
2016 10 26 15.20 19.70 10.50
2016 10 27 15.70 19.20 11.30
2016 10 28 14.60 17.10 12.90
2016 10 29 11.30 14.60 7.70
2016 10 30 10.10 16.90 5.90
2016 10 31 9.80 13.10 7.40
2016 11 01 6.60 10.10 3.00
2016 11 02 7.50 12.70 2.30
2016 11 03 9.80 16.40 4.40
2016 11 04 11.40 18.00 5.00
2016 11 05 14.50 21.20 9.70
2016 11 06 14.10 21.90 8.70
2016 11 07 15.00 20.60 9.80
2016 11 08 9.20 14.70 5.20
2016 11 09 5.80 11.50 0.50
2016 11 10 8.50 12.80 5.60
2016 11 11 10.40 16.40 6.80
2016 11 12 12.30 21.20 4.90
2016 11 13 14.70 20.00 10.00
2016 11 14 15.80 17.30 14.40
2016 11 15 10.70 15.40 5.20
2016 11 16 9.20 16.80 2.50
2016 11 17 13.60 20.00 8.10
2016 11 18 11.90 15.60 7.80
2016 11 19 14.70 16.40 12.50
2016 11 20 14.10 18.60 10.90
2016 11 21 13.80 17.30 9.80
2016 11 22 7.50 13.20 3.70
2016 11 23 3.60 7.60 0.50
2016 11 24 2.70 6.80 -0.50
2016 11 25 4.80 10.20 0.90
2016 11 26 3.40 6.20 1.00
2016 11 27 5.90 10.80 1.50
2016 11 28 6.00 9.50 2.40
2016 11 29 5.30 11.60 0.90
2016 11 30 5.80 8.60 2.60
2016 12 01 7.10 12.10 2.90
2016 12 02 4.50 10.60 -0.40
2016 12 03 5.10 12.20 -1.10
2016 12 04 6.50 10.50 3.10
2016 12 05 9.30 15.00 5.80
2016 12 06 3.90 7.80 0.20
2016 12 07 2.40 7.10 -1.70
2016 12 08 5.50 11.10 -0.90
2016 12 09 6.10 10.20 0.60
2016 12 10 2.60 8.90 -1.40
2016 12 11 3.20 9.90 -2.20
2016 12 12 6.90 12.20 1.70
2016 12 13 7.20 10.20 4.30
2016 12 14 2.60 4.50 -0.50
2016 12 15 0.60 3.60 -0.90
2016 12 16 0.50 4.10 -3.30
2016 12 17 4.50 11.00 0.00
2016 12 18 6.40 13.00 0.00
2016 12 19 10.20 13.30 6.80
2016 12 20 10.30 15.10 7.50
2016 12 21 12.80 16.90 7.10
2016 12 22 8.60 17.30 5.50
2016 12 23 2.80 5.50 1.70
2016 12 24 2.30 5.60 0.20
2016 12 25 4.90 10.80 -1.50
2016 12 26 6.10 7.90 4.00
2016 12 27 2.30 4.70 -1.80
2016 12 28 -0.10 6.40 -4.60
2016 12 29 -0.40 2.90 -2.30
2016 12 30 0.30 5.80 -3.70
2016 12 31 1.90 5.90 -2.80
