year month date avgTemp maxTemp minTemp
2017 01 01 4.50 11.20 -0.60
2017 01 02 7.20 13.30 2.70
2017 01 03 5.70 11.50 1.40
2017 01 04 5.00 11.60 -0.50
2017 01 05 6.80 10.50 2.70
2017 01 06 8.20 13.30 5.40
2017 01 07 6.60 9.90 1.90
2017 01 08 8.70 14.80 5.50
2017 01 09 5.10 8.70 1.60
2017 01 10 2.80 6.60 0.60
2017 01 11 0.10 4.00 -3.50
2017 01 12 2.30 7.50 -1.20
2017 01 13 -0.10 4.80 -2.20
2017 01 14 -3.00 -0.80 -4.90
2017 01 15 -3.00 2.30 -7.90
2017 01 16 -0.60 5.30 -4.90
2017 01 17 0.30 5.40 -4.20
2017 01 18 2.30 8.40 -1.90
2017 01 19 2.20 8.40 -1.30
2017 01 20 -0.30 1.30 -1.60
2017 01 21 -0.50 2.60 -3.50
2017 01 22 -1.70 1.10 -4.70
2017 01 23 -3.60 0.00 -7.30
2017 01 24 -2.00 2.70 -5.90
2017 01 25 -1.30 3.50 -5.50
2017 01 26 0.80 7.80 -6.00
2017 01 27 2.00 5.70 -2.40
2017 01 28 3.40 11.00 -4.40
2017 01 29 5.30 7.10 3.70
2017 01 30 -0.20 3.70 -4.30
2017 01 31 -1.40 5.50 -6.10
2017 02 01 -0.10 5.20 -3.20
2017 02 02 0.20 7.20 -5.30
2017 02 03 3.00 9.70 -3.90
2017 02 04 6.70 11.60 2.50
2017 02 05 5.20 6.30 3.90
2017 02 06 1.70 4.80 -0.90
2017 02 07 1.70 8.00 -1.90
2017 02 08 1.90 5.30 0.40
2017 02 09 -1.40 1.90 -3.50
2017 02 10 -3.50 -1.00 -4.70
2017 02 11 -1.70 1.90 -5.20
2017 02 12 1.10 6.20 -1.40
2017 02 13 2.70 8.60 -3.70
2017 02 14 3.50 8.40 0.00
2017 02 15 4.40 13.20 -2.80
2017 02 16 8.20 15.70 -0.70
2017 02 17 5.50 11.90 -0.70
2017 02 18 0.70 5.40 -2.40
2017 02 19 5.60 12.70 -3.40
2017 02 20 3.40 12.80 -2.40
2017 02 21 3.00 10.80 -4.80
2017 02 22 6.00 7.90 3.00
2017 02 23 1.70 4.90 -1.00
2017 02 24 1.70 6.90 -2.70
2017 02 25 4.50 10.90 -0.60
2017 02 26 4.30 11.00 -0.60
2017 02 27 5.10 12.80 -0.70
2017 02 28 6.30 14.70 -1.10
2017 03 01 7.70 14.60 2.30
2017 03 02 2.80 6.70 0.10
2017 03 03 5.20 13.00 -2.00
2017 03 04 7.40 15.70 1.10
2017 03 05 7.30 15.70 2.10
2017 03 06 3.30 6.60 0.00
2017 03 07 0.50 3.90 -2.40
2017 03 08 2.30 7.10 -1.20
2017 03 09 6.60 12.70 1.10
2017 03 10 7.60 14.60 1.30
2017 03 11 8.70 18.70 -0.20
2017 03 12 9.90 19.10 2.40
2017 03 13 8.60 15.20 4.60
2017 03 14 6.00 10.80 2.20
2017 03 15 6.00 14.30 0.30
2017 03 16 6.60 13.90 1.30
2017 03 17 7.80 17.50 -0.20
2017 03 18 9.90 17.70 4.10
2017 03 19 11.40 20.60 3.40
2017 03 20 8.70 13.10 5.70
2017 03 21 7.20 11.40 3.90
2017 03 22 7.70 15.30 1.30
2017 03 23 9.90 16.50 6.00
2017 03 24 9.30 14.50 3.70
2017 03 25 7.00 9.90 5.70
2017 03 26 7.00 12.10 3.10
2017 03 27 7.50 12.20 4.40
2017 03 28 8.20 15.50 3.50
2017 03 29 8.00 10.60 5.10
2017 03 30 11.80 20.40 4.70
2017 03 31 10.90 16.60 7.40
2017 04 01 9.30 15.10 6.30
2017 04 02 9.40 16.40 3.50
2017 04 03 11.80 21.30 3.60
2017 04 04 14.80 23.90 6.40
2017 04 05 15.00 16.20 12.50
2017 04 06 14.30 16.20 11.10
2017 04 07 15.30 23.90 8.90
2017 04 08 16.80 25.80 10.70
2017 04 09 15.90 24.90 10.10
2017 04 10 16.60 23.70 11.20
2017 04 11 12.50 18.60 8.70
2017 04 12 13.20 18.70 8.40
2017 04 13 13.70 21.10 6.80
2017 04 14 15.60 21.20 8.90
2017 04 15 18.80 27.00 12.30
2017 04 16 20.30 30.40 12.20
2017 04 17 16.00 19.00 12.00
2017 04 18 14.00 22.20 10.30
2017 04 19 14.10 19.80 9.40
2017 04 20 12.60 18.10 10.20
2017 04 21 14.60 20.90 8.80
2017 04 22 14.50 21.00 8.90
2017 04 23 15.40 24.00 8.30
2017 04 24 16.70 24.30 8.70
2017 04 25 18.40 23.30 13.40
2017 04 26 15.60 21.40 11.20
2017 04 27 14.00 19.30 8.80
2017 04 28 15.80 24.50 8.00
2017 04 29 18.60 27.50 10.40
2017 04 30 20.10 27.50 14.30
2017 05 01 19.70 28.60 13.40
2017 05 02 20.10 28.00 14.10
2017 05 03 21.20 28.40 13.40
2017 05 04 20.20 27.40 15.00
2017 05 05 18.90 22.90 16.70
2017 05 06 17.10 23.90 11.00
2017 05 07 17.60 25.20 10.70
2017 05 08 18.20 23.10 12.30
2017 05 09 14.40 17.30 12.80
2017 05 10 15.70 19.60 14.10
2017 05 11 21.30 29.30 13.80
2017 05 12 19.90 22.40 16.70
2017 05 13 19.20 26.90 14.60
2017 05 14 16.80 23.20 12.10
2017 05 15 16.70 23.30 11.00
2017 05 16 17.60 24.90 11.50
2017 05 17 19.00 26.00 11.50
2017 05 18 20.80 28.20 13.20
2017 05 19 21.90 31.10 14.20
2017 05 20 21.20 28.50 14.70
2017 05 21 21.20 28.50 15.40
2017 05 22 22.90 30.10 15.40
2017 05 23 22.20 26.90 16.80
2017 05 24 21.90 27.50 18.50
2017 05 25 20.00 29.00 13.90
2017 05 26 17.00 21.80 12.70
2017 05 27 19.10 27.70 10.70
2017 05 28 22.10 30.30 15.00
2017 05 29 24.30 33.00 16.70
2017 05 30 24.10 30.50 16.90
2017 05 31 22.50 25.50 19.50
2017 06 01 22.00 28.10 17.00
2017 06 02 20.50 27.30 14.10
2017 06 03 20.30 25.60 16.10
2017 06 04 21.50 28.90 13.70
2017 06 05 23.10 30.80 16.30
2017 06 06 19.50 23.20 16.30
2017 06 07 18.30 19.80 16.80
2017 06 08 20.60 27.70 16.10
2017 06 09 22.50 30.30 16.10
2017 06 10 23.20 27.60 19.70
2017 06 11 24.00 30.90 20.00
2017 06 12 21.60 27.10 17.70
2017 06 13 21.60 28.00 17.10
2017 06 14 21.60 28.60 15.60
2017 06 15 23.30 30.70 16.20
2017 06 16 25.20 33.90 18.20
2017 06 17 24.60 33.20 18.90
2017 06 18 25.20 34.10 18.80
2017 06 19 25.90 34.10 19.00
2017 06 20 22.70 26.90 19.50
2017 06 21 24.20 29.70 19.90
2017 06 22 25.50 32.80 20.30
2017 06 23 25.50 33.80 20.90
2017 06 24 24.60 32.00 21.50
2017 06 25 25.10 30.50 20.40
2017 06 26 23.50 28.70 21.50
2017 06 27 23.90 29.10 20.30
2017 06 28 25.10 31.60 21.30
2017 06 29 24.50 28.40 22.00
2017 06 30 24.60 29.20 22.50
2017 07 01 26.30 30.00 23.60
2017 07 02 26.70 29.90 25.10
2017 07 03 26.80 29.90 24.50
2017 07 04 27.10 31.00 24.80
2017 07 05 27.70 33.80 24.70
2017 07 06 26.20 29.00 23.90
2017 07 07 27.50 30.50 25.00
2017 07 08 26.50 30.40 23.30
2017 07 09 27.50 32.30 23.90
2017 07 10 27.30 29.30 25.00
2017 07 11 26.50 31.30 23.70
2017 07 12 28.00 34.20 23.50
2017 07 13 28.50 34.30 24.40
2017 07 14 26.80 32.70 23.70
2017 07 15 25.70 27.30 22.50
2017 07 16 28.50 32.40 26.10
2017 07 17 26.80 30.70 23.60
2017 07 18 26.00 28.50 23.60
2017 07 19 28.70 33.70 24.80
2017 07 20 29.60 34.50 25.30
2017 07 21 30.70 35.40 27.40
2017 07 22 29.70 33.50 26.50
2017 07 23 29.10 32.00 26.50
2017 07 24 30.00 34.40 27.30
2017 07 25 29.40 33.70 26.90
2017 07 26 28.90 33.00 25.80
2017 07 27 28.70 35.40 23.50
2017 07 28 28.80 33.30 24.40
2017 07 29 29.10 33.60 27.00
2017 07 30 27.20 31.20 24.10
2017 07 31 26.10 29.50 24.00
2017 08 01 27.80 34.00 23.80
2017 08 02 28.80 34.00 25.40
2017 08 03 28.90 33.50 24.80
2017 08 04 30.70 35.10 25.40
2017 08 05 31.50 36.90 26.70
2017 08 06 30.50 37.30 25.70
2017 08 07 30.10 35.00 26.10
2017 08 08 29.10 32.70 26.40
2017 08 09 27.80 32.00 25.50
2017 08 10 28.20 33.90 24.60
2017 08 11 28.10 33.90 23.90
2017 08 12 27.20 31.50 24.60
2017 08 13 24.10 26.40 21.60
2017 08 14 24.10 27.20 21.90
2017 08 15 24.90 27.30 23.10
2017 08 16 26.60 30.80 24.20
2017 08 17 26.40 30.60 24.00
2017 08 18 25.90 31.00 22.50
2017 08 19 26.90 29.60 23.30
2017 08 20 26.50 31.10 23.60
2017 08 21 25.40 29.70 23.80
2017 08 22 26.90 31.80 23.30
2017 08 23 29.30 33.60 25.20
2017 08 24 29.30 32.50 27.10
2017 08 25 27.60 32.90 23.80
2017 08 26 25.40 30.60 20.80
2017 08 27 25.30 31.20 19.50
2017 08 28 26.10 29.80 21.00
2017 08 29 23.60 28.80 19.10
2017 08 30 21.10 25.30 18.20
2017 08 31 23.20 28.80 17.70
2017 09 01 24.10 29.70 19.10
2017 09 02 23.00 26.90 19.20
2017 09 03 23.70 28.80 18.10
2017 09 04 23.40 27.60 20.80
2017 09 05 21.20 22.60 20.40
2017 09 06 22.00 25.30 19.50
2017 09 07 22.20 27.30 18.40
2017 09 08 23.00 29.00 18.00
2017 09 09 24.00 29.80 19.00
2017 09 10 24.60 29.50 19.70
2017 09 11 21.60 24.10 18.90
2017 09 12 22.90 28.90 18.40
2017 09 13 22.20 28.90 16.30
2017 09 14 22.80 29.00 16.40
2017 09 15 21.40 26.70 17.90
2017 09 16 21.40 26.80 16.80
2017 09 17 23.70 29.50 18.80
2017 09 18 22.50 28.60 17.90
2017 09 19 23.70 28.50 21.00
2017 09 20 21.20 24.80 16.30
2017 09 21 20.30 26.90 14.00
2017 09 22 21.70 27.80 16.90
2017 09 23 21.90 27.30 17.50
2017 09 24 23.30 29.40 18.90
2017 09 25 24.40 31.10 18.70
2017 09 26 25.30 30.60 20.90
2017 09 27 20.30 24.30 18.40
2017 09 28 21.30 26.00 17.60
2017 09 29 17.90 22.70 13.70
2017 09 30 19.70 28.80 11.50
2017 10 01 18.20 19.70 15.70
2017 10 02 21.10 24.10 19.50
2017 10 03 19.50 25.70 16.30
2017 10 04 19.30 24.90 14.20
2017 10 05 17.40 21.30 15.00
2017 10 06 16.50 18.10 14.50
2017 10 07 20.80 25.20 17.30
2017 10 08 22.30 28.20 17.40
2017 10 09 23.00 29.50 18.20
2017 10 10 23.20 28.40 18.50
2017 10 11 18.50 22.40 15.00
2017 10 12 13.00 15.20 10.90
2017 10 13 14.20 20.50 8.10
2017 10 14 16.80 23.00 12.00
2017 10 15 15.10 19.00 11.40
2017 10 16 16.90 20.60 14.80
2017 10 17 16.80 22.90 12.90
2017 10 18 16.80 19.90 14.80
2017 10 19 17.10 22.40 13.10
2017 10 20 17.50 24.10 11.60
2017 10 21 18.00 24.40 12.50
2017 10 22 17.90 24.20 12.30
2017 10 23 15.30 20.90 10.80
2017 10 24 14.40 20.90 10.70
2017 10 25 13.70 21.00 8.90
2017 10 26 14.70 21.80 9.50
2017 10 27 16.50 22.00 11.20
2017 10 28 17.30 24.90 10.90
2017 10 29 13.80 18.70 10.40
2017 10 30 9.70 14.50 5.70
2017 10 31 10.60 18.10 3.40
2017 11 01 12.40 19.50 5.90
2017 11 02 13.40 19.00 8.50
2017 11 03 11.40 16.50 8.80
2017 11 04 9.50 14.40 7.00
2017 11 05 9.50 16.70 2.90
2017 11 06 10.70 19.20 3.20
2017 11 07 16.30 21.30 10.20
2017 11 08 14.70 19.90 8.70
2017 11 09 12.30 20.00 5.80
2017 11 10 13.40 21.20 7.80
2017 11 11 9.00 12.80 5.60
2017 11 12 8.50 15.70 2.90
2017 11 13 10.10 15.20 4.00
2017 11 14 10.80 16.00 6.80
2017 11 15 7.60 12.30 4.30
2017 11 16 6.40 12.10 2.70
2017 11 17 8.80 14.50 1.90
2017 11 18 3.20 10.80 0.30
2017 11 19 3.30 8.00 -0.80
2017 11 20 6.00 10.80 1.90
2017 11 21 6.30 11.40 2.00
2017 11 22 7.30 13.00 3.50
2017 11 23 4.60 8.50 2.30
2017 11 24 5.00 10.60 1.70
2017 11 25 6.60 13.70 -0.30
2017 11 26 8.20 16.30 4.00
2017 11 27 6.00 12.50 0.30
2017 11 28 9.30 15.30 2.70
2017 11 29 8.80 11.90 4.80
2017 11 30 3.10 8.10 -0.20
2017 12 01 1.90 6.80 -0.80
2017 12 02 2.60 8.10 -2.10
2017 12 03 6.30 13.60 -0.30
2017 12 04 3.20 6.70 -1.50
2017 12 05 -0.30 4.00 -3.60
2017 12 06 3.30 9.50 -3.30
2017 12 07 3.70 8.50 0.40
2017 12 08 0.20 4.00 -1.80
2017 12 09 1.90 5.40 -1.70
2017 12 10 4.80 9.60 1.60
2017 12 11 0.00 4.20 -2.20
2017 12 12 -3.30 1.10 -5.50
2017 12 13 -2.50 1.60 -5.00
2017 12 14 -0.90 4.70 -7.20
2017 12 15 1.50 7.10 -3.70
2017 12 16 -0.40 3.20 -3.80
2017 12 17 -2.20 2.20 -6.00
2017 12 18 1.60 7.40 -4.50
2017 12 19 0.70 3.90 -2.10
2017 12 20 1.60 7.00 -3.00
2017 12 21 2.20 7.00 -0.50
2017 12 22 3.20 9.40 -2.30
2017 12 23 5.80 13.00 -0.50
2017 12 24 6.80 12.20 4.10
2017 12 25 2.10 4.60 0.00
2017 12 26 1.10 6.40 -1.20
2017 12 27 -1.40 2.70 -5.00
2017 12 28 0.80 5.70 -4.40
2017 12 29 4.40 8.30 0.40
2017 12 30 5.90 8.00 3.20
2017 12 31 4.10 7.70 1.80
