year month date avgTemp maxTemp minTemp humid cloud
2019 01 01 0.00 2.40 -2.30 65.30 7.90
2019 01 02 -0.10 4.20 -2.80 62.40 3.90
2019 01 03 0.50 6.50 -3.50 53.00 0.00
2019 01 04 0.70 3.90 -4.10 56.40 6.60
2019 01 05 2.00 6.90 -2.10 54.40 2.90
2019 01 06 0.60 6.30 -2.80 44.30 3.60
2019 01 07 1.20 6.30 -3.20 64.10 3.90
2019 01 08 0.80 5.10 -1.30 60.60 6.30
2019 01 09 -0.90 3.80 -5.10 33.10 7.90
2019 01 10 2.00 6.80 -0.60 57.00 6.80
2019 01 11 4.20 9.30 -1.10 61.00 6.50
2019 01 12 4.60 9.70 1.80 77.60 4.60
2019 01 13 3.30 8.80 -0.10 66.10 0.00
2019 01 14 2.30 9.30 -2.20 71.80 3.00
2019 01 15 2.00 7.20 -1.90 70.80 8.30
2019 01 16 -2.10 2.40 -5.90 50.90 2.30
2019 01 17 1.10 6.60 -2.90 64.40 4.60
2019 01 18 2.40 9.20 -3.00 70.50 1.40
2019 01 19 3.60 8.50 -0.80 71.30 8.00
2019 01 20 2.20 4.90 -0.70 64.10 3.00
2019 01 21 2.10 8.00 -2.10 59.50 2.00
2019 01 22 3.40 10.00 -2.20 64.40 1.30
2019 01 23 4.40 10.00 0.60 62.10 1.40
2019 01 24 2.80 9.90 -1.70 36.50 0.00
2019 01 25 0.90 5.80 -1.90 55.10 6.50
2019 01 26 -0.50 3.80 -3.10 46.40 1.40
2019 01 27 0.90 7.70 -5.30 61.00 1.30
2019 01 28 3.40 8.50 -0.10 56.60 4.40
2019 01 29 2.10 9.70 -3.30 42.30 0.00
2019 01 30 4.10 10.50 -0.50 46.00 8.80
2019 01 31 0.40 4.60 -1.70 81.90 7.00
2019 02 01 -0.20 4.80 -3.90 67.90 4.50
2019 02 02 3.80 9.60 -2.90 71.80 5.80
2019 02 03 7.30 11.10 5.40 97.50 10.00
2019 02 04 4.00 8.30 0.00 37.50 3.40
2019 02 05 5.40 12.60 -1.40 45.50 3.50
2019 02 06 7.30 13.60 1.60 61.90 7.30
2019 02 07 2.50 6.60 -3.60 59.10 7.40
2019 02 08 -0.90 4.70 -4.40 35.00 8.10
2019 02 09 -1.10 2.00 -2.70 47.40 6.30
2019 02 10 -1.20 3.80 -4.90 35.50 8.60
2019 02 11 -0.10 3.90 -2.10 51.40 4.30
2019 02 12 1.50 8.10 -4.30 55.50 3.90
2019 02 13 1.90 6.80 -1.90 45.60 4.50
2019 02 14 2.30 9.20 -1.50 36.10 5.90
2019 02 15 2.50 6.30 -0.20 56.80 9.60
2019 02 16 0.30 2.90 -1.60 59.80 7.80
2019 02 17 1.10 6.70 -2.80 48.40 1.80
2019 02 18 2.60 6.30 -1.60 50.60 9.50
2019 02 19 3.90 7.00 0.90 95.60 7.50
2019 02 20 3.40 8.20 0.50 73.00 6.00
2019 02 21 4.20 10.90 -1.20 62.80 3.10
2019 02 22 5.40 11.40 0.90 60.60 6.30
2019 02 23 7.20 15.60 0.20 55.80 5.10
2019 02 24 8.00 15.40 1.70 61.00 1.40
2019 02 25 6.60 13.90 1.50 56.80 3.10
2019 02 26 6.80 13.80 0.00 44.00 3.10
2019 02 27 8.00 13.30 4.60 73.60 9.80
2019 02 28 8.10 14.40 4.10 58.90 5.90
2019 03 01 6.70 14.30 1.00 56.30 3.60
2019 03 02 9.60 17.10 2.10 52.00 7.00
2019 03 03 11.20 14.40 7.90 54.90 9.80
2019 03 04 9.30 15.00 6.10 55.40 3.90
2019 03 05 9.00 14.20 2.60 60.60 5.10
2019 03 06 10.00 15.70 5.70 61.80 6.50
2019 03 07 6.50 12.20 3.20 71.50 1.10
2019 03 08 7.00 16.60 -0.10 58.10 0.00
2019 03 09 9.20 17.20 0.90 58.40 5.60
2019 03 10 8.30 11.20 5.40 92.90 7.40
2019 03 11 6.10 10.90 2.40 91.30 8.30
2019 03 12 5.90 12.40 1.50 75.50 6.60
2019 03 13 5.00 10.00 0.50 41.30 0.80
2019 03 14 6.90 14.10 0.00 50.00 1.00
2019 03 15 7.50 13.30 3.90 70.30 7.90
2019 03 16 7.30 13.90 3.80 61.50 3.00
2019 03 17 8.10 14.30 3.10 49.40 2.00
2019 03 18 8.70 14.90 1.50 46.10 6.30
2019 03 19 11.10 19.40 3.40 61.60 1.30
2019 03 20 12.50 16.70 7.70 80.40 9.60
2019 03 21 8.10 15.40 4.10 86.90 10.00
2019 03 22 5.10 10.30 2.60 55.80 5.50
2019 03 23 4.80 11.10 1.20 51.00 3.50
2019 03 24 5.30 12.50 -0.60 49.10 0.30
2019 03 25 7.40 14.40 1.30 64.40 5.00
2019 03 26 12.10 20.60 5.00 59.00 2.80
2019 03 27 14.00 19.60 7.70 62.10 5.00
2019 03 28 12.90 20.70 8.70 56.60 6.90
2019 03 29 12.20 20.00 5.90 43.30 4.50
2019 03 30 7.50 13.00 4.00 66.60 6.50
2019 03 31 5.90 9.70 3.40 38.50 2.90
2019 04 01 7.50 12.80 2.30 49.80 1.60
2019 04 02 8.20 14.30 3.30 41.10 0.60
2019 04 03 7.70 15.40 2.00 43.50 0.00
2019 04 04 9.60 19.20 0.90 47.60 2.90
2019 04 05 11.80 19.60 7.10 54.30 4.10
2019 04 06 13.40 22.30 4.10 43.80 0.50
2019 04 07 12.60 14.50 11.50 95.30 8.00
2019 04 08 13.60 20.40 7.60 54.30 4.80
2019 04 09 10.70 17.20 7.50 71.80 9.40
2019 04 10 7.90 10.00 6.20 92.80 9.80
2019 04 11 10.10 15.30 5.50 68.40 7.90
2019 04 12 11.50 18.10 5.60 53.30 2.00
2019 04 13 12.40 19.80 6.10 45.10 7.30
2019 04 14 10.90 14.60 7.50 68.60 6.60
2019 04 15 11.90 20.70 4.40 42.80 0.40
2019 04 16 15.20 23.90 6.00 35.00 6.10
2019 04 17 15.70 20.90 12.40 61.30 6.00
2019 04 18 16.30 23.50 9.40 67.60 2.30
2019 04 19 15.90 21.10 14.00 78.40 10.00
2019 04 20 17.10 24.60 11.60 67.50 3.90
2019 04 21 17.80 23.20 12.40 69.60 7.40
2019 04 22 20.30 27.90 13.40 63.80 3.90
2019 04 23 17.10 19.70 15.80 82.50 9.30
2019 04 24 18.00 20.90 16.10 92.60 9.40
2019 04 25 14.80 19.00 11.30 96.40 9.80
2019 04 26 9.50 11.30 8.10 90.90 9.90
2019 04 27 13.00 19.90 7.30 69.00 6.40
2019 04 28 13.40 20.00 10.10 64.00 7.40
2019 04 29 12.00 13.30 10.50 90.40 9.00
2019 04 30 15.00 20.40 11.50 92.40 7.50
2019 05 01 14.40 21.50 10.20 75.50 4.80
2019 05 02 15.40 24.10 8.10 56.00 0.00
2019 05 03 18.00 28.90 8.50 45.80 0.00
2019 05 04 19.60 28.20 10.70 43.90 4.30
2019 05 05 19.60 28.30 12.40 46.30 3.40
2019 05 06 14.00 20.00 9.60 49.40 1.10
2019 05 07 14.50 22.00 6.80 36.30 0.00
2019 05 08 15.30 22.30 7.40 36.90 6.90
2019 05 09 17.30 25.30 10.80 32.30 4.10
2019 05 10 18.60 27.90 10.30 34.90 4.80
2019 05 11 19.60 28.20 11.80 41.30 2.60
2019 05 12 21.10 29.20 14.50 44.50 3.80
2019 05 13 20.40 27.90 13.80 51.90 6.40
2019 05 14 22.30 29.00 16.20 64.80 6.00
2019 05 15 23.20 30.30 17.30 60.40 6.80
2019 05 16 23.30 30.70 17.60 51.00 4.90
2019 05 17 21.20 28.50 16.70 67.80 7.30
2019 05 18 18.70 20.50 15.90 89.40 9.30
2019 05 19 20.90 22.70 19.40 87.00 9.40
2019 05 20 16.30 20.90 12.50 64.40 4.50
2019 05 21 17.10 24.70 9.50 55.00 0.00
2019 05 22 20.20 28.50 12.40 53.60 0.00
2019 05 23 22.20 30.50 15.20 62.40 0.50
2019 05 24 23.60 29.90 17.00 57.00 1.90
2019 05 25 23.00 29.80 17.30 61.50 6.80
2019 05 26 22.60 28.70 18.30 64.10 8.30
2019 05 27 17.70 20.30 13.50 98.00 9.30
2019 05 28 17.30 23.00 12.00 59.10 5.50
2019 05 29 19.80 27.60 11.80 63.00 0.00
2019 05 30 20.40 28.10 14.50 57.90 7.10
2019 05 31 17.70 24.40 13.20 76.40 6.50
2019 06 01 19.60 27.00 13.50 68.00 6.30
2019 06 02 21.80 28.80 15.20 57.60 2.90
2019 06 03 23.10 31.00 15.40 52.10 0.00
2019 06 04 23.90 31.70 17.60 59.00 0.50
2019 06 05 24.30 31.30 18.20 65.90 2.60
2019 06 06 21.80 27.40 17.00 85.30 8.40
2019 06 07 19.30 20.80 17.70 97.30 9.60
2019 06 08 20.80 25.00 17.90 85.90 7.80
2019 06 09 21.40 27.50 17.70 79.50 7.30
2019 06 10 19.10 22.70 16.70 86.40 9.30
2019 06 11 18.40 22.80 15.70 89.30 7.40
2019 06 12 20.30 26.70 15.40 80.00 4.30
2019 06 13 21.80 28.00 16.80 74.90 5.00
2019 06 14 19.90 23.00 17.90 85.30 10.00
2019 06 15 20.40 25.40 16.70 78.30 1.80
2019 06 16 20.70 26.60 16.10 78.90 4.00
2019 06 17 22.00 28.00 17.30 74.60 5.80
2019 06 18 22.30 26.90 19.20 75.50 8.10
2019 06 19 23.50 28.80 19.90 76.80 5.00
2019 06 20 23.50 29.60 18.50 75.10 5.40
2019 06 21 23.70 29.80 19.00 75.00 2.90
2019 06 22 22.10 28.20 18.60 84.40 7.00
2019 06 23 22.80 29.40 19.90 80.00 6.40
2019 06 24 23.70 30.10 19.10 74.80 4.10
2019 06 25 24.80 31.00 19.00 70.40 4.00
2019 06 26 20.80 23.40 17.60 93.90 9.90
2019 06 27 24.50 29.90 21.50 88.00 8.10
2019 06 28 24.30 29.50 20.60 81.30 7.00
2019 06 29 21.80 23.30 20.50 97.90 10.00
2019 06 30 23.80 28.50 20.50 88.50 9.10
2019 07 01 22.60 25.90 21.40 96.10 9.00
2019 07 02 23.90 29.60 20.60 78.00 6.30
2019 07 03 23.30 29.00 19.10 79.30 8.00
2019 07 04 25.20 31.30 20.20 75.00 5.30
2019 07 05 26.50 32.10 21.60 67.30 5.00
2019 07 06 26.90 32.80 21.60 64.60 0.40
2019 07 07 23.90 29.90 20.70 72.60 7.40
2019 07 08 23.40 28.80 20.20 75.60 7.50
2019 07 09 23.90 28.10 20.30 76.30 8.80
2019 07 10 20.90 23.80 20.00 92.80 10.00
2019 07 11 23.30 25.10 21.20 80.40 8.60
2019 07 12 24.40 28.60 20.70 73.90 7.40
2019 07 13 23.60 27.90 21.10 82.80 9.00
2019 07 14 25.10 30.40 21.20 80.40 5.30
2019 07 15 25.20 29.50 21.50 80.90 6.50
2019 07 16 24.60 29.80 21.20 83.90 6.40
2019 07 17 25.30 30.40 21.40 77.40 8.40
2019 07 18 23.60 26.60 20.40 92.80 9.60
2019 07 19 24.80 27.30 22.70 93.90 9.40
2019 07 20 24.20 26.50 22.40 96.60 10.00
2019 07 21 24.70 27.60 22.40 96.90 8.90
2019 07 22 27.00 31.80 23.50 90.90 7.10
2019 07 23 27.70 31.40 25.20 84.40 7.30
2019 07 24 26.90 28.60 25.70 89.50 9.00
2019 07 25 27.60 31.10 25.90 92.50 8.00
2019 07 26 27.40 30.10 25.70 90.80 9.40
2019 07 27 26.40 28.50 25.00 97.50 9.30
2019 07 28 27.10 30.30 24.70 93.30 8.10
2019 07 29 28.30 31.80 25.10 80.60 5.10
2019 07 30 28.40 32.40 25.90 85.10 5.50
2019 07 31 29.00 32.90 26.40 83.00 3.60
