year month house_pred houseCooking_pred houseJHeating_pred salesOne_pred salesTwo_pred bizHeating_pred bizCooling_pred industry_pred heatFacility_pred heatCombined_pred CNG_pred pred_sum
2019 10 74422.6 49339.7 482224.5 215686.6 19974.0 71937.5 3596.1 3668127.7 493133.6 78462.9 597878.8 5754784.1
2019 11 126990.1 47125.2 672747.1 257932.9 19540.1 152571.9 0.0 4001474.8 850979.0 228231.6 605857.8 6963450.4
2019 12 250061.3 47749.1 1225595.0 314027.8 31437.7 262250.5 0.0 4450978.7 1455381.1 92671.8 668228.3 8798381.1
2020 1 237665.3 57314.9 1144509.3 365632.4 29177.7 293192.1 0.0 4587072.0 1573038.8 537.7 746877.7 9035018.1
2020 2 227146.8 54503.4 1060676.8 322432.9 26988.8 251545.8 0.0 4174098.5 1464498.4 1415.3 701132.0 8284438.7
2020 3 160886.8 58143.1 807923.8 327036.7 19446.2 220426.6 0.0 4267079.3 1213134.5 1355.6 717618.3 7793050.9
2020 4 89249.7 53350.2 517252.9 261275.5 16686.6 115264.7 566.3 3908822.8 789155.9 1613.5 703372.5 6456610.6
2020 5 58913.0 51127.5 363402.4 221430.4 17480.9 50200.6 13544.6 4167795.2 554787.0 1480.3 736273.4 6236435.4
2020 6 28070.5 53520.4 225893.5 208095.9 14602.0 32441.0 38251.7 3490859.1 467943.9 47608.9 711457.6 5318744.5
2020 7 20075.2 57466.5 168509.0 189244.8 13591.9 23048.7 72169.4 3454657.2 592562.9 364667.3 756566.3 5712559.2
2020 8 21017.6 53588.1 175326.6 159249.6 17209.5 17932.9 74255.1 3436568.7 573138.8 678104.4 716879.5 5923270.9
2020 9 29422.3 52263.6 208723.9 164545.4 20196.1 24078.4 41194.1 3596386.3 453482.4 411606.4 748560.3 5750459.1
2020 10 84341.4 56391.4 465948.2 234966.2 20662.7 76685.5 6277.6 3951947.6 498380.0 151026.4 641005.4 6187632.5
2020 11 154054.5 52918.3 726573.3 273831.9 20269.9 154424.6 0.0 4307862.1 857851.2 300927.4 660589.1 7509302.4
2020 12 316345.3 53019.2 1399390.5 353711.6 32729.7 283622.2 0.0 4573164.2 1521262.7 131854.3 691663.5 9356763.3
2021 1 292388.5 66258.8 1270475.7 414338.8 32890.0 321033.7 0.0 4906425.5 1587844.5 541.3 844753.7 9736950.6
2021 2 262027.6 60994.2 1125688.6 361746.9 29652.0 276907.4 0.0 4331224.2 1465777.1 1479.5 769211.4 8684709.0
2021 3 188163.1 65677.3 862258.5 364271.1 24251.8 232912.6 0.0 4612121.0 1214141.8 1714.4 807449.7 8372961.3
2021 4 104462.0 60282.5 553633.8 292124.0 18934.5 122896.6 763.0 4259280.4 799939.1 2436.1 786504.9 7001256.9
2021 5 64423.6 57922.0 377060.8 252045.7 21220.9 55513.1 15216.1 4511040.1 576439.4 2118.5 831938.8 6764939.0
2021 6 33598.7 60097.5 243538.7 223892.6 19411.7 34159.7 40967.0 3712599.6 476058.2 35664.0 797429.7 5677417.4
2021 7 23498.2 63827.8 185642.5 206717.5 17628.3 24485.2 76499.3 3628981.4 596515.8 312480.8 838963.5 5975240.4
2021 8 24959.4 58913.8 193814.2 177327.4 21783.9 19154.2 81301.7 3653409.3 575942.0 745653.2 769574.4 6321833.6
2021 9 34913.1 59089.6 228047.9 180281.8 24946.9 25900.1 44817.7 3798615.5 480933.6 356633.3 838512.8 6072692.3
