year month date house_pred house_true houseCooking_pred houseCooking_true houseJHeating_pred houseJHeating_true salesOne_pred salesOne_true salesTwo_pred salesTwo_true bizHeating_pred bizHeating_true bizCooling_pred bizCooling_true industry_pred industry_true heatFacility_pred heatFacility_true heatCombined_pred heatCombined_true CNG_pred CNG_true pred_sum true_sum
2018 10 1 1004.8 1507.0 1379.8 1183.0 10766.9 8697.0 7661.4 6080.0 584.1 523.0 1637.8 2175.0 785.7 0.0 112627.5 100873.0 12032.8 17912.0 5680.2 45.0 15401.0 14629.0 169562.0 153624.0
2018 10 2 730.1 1642.0 1463.8 1253.0 7528.8 9506.0 8106.2 6626.0 380.7 570.0 1714.6 2371.0 842.8 0.0 112627.5 109891.0 12458.4 19513.0 6332.4 49.0 18843.2 15937.0 171028.5 167358.0
2018 10 3 735.0 2092.0 1286.8 1590.0 9092.1 12129.0 6651.1 8446.0 555.7 726.0 1401.2 3021.0 750.6 0.0 83688.5 140094.0 11781.9 24876.0 5294.8 62.0 15301.0 20317.0 136538.8 213353.0
2018 10 4 1002.2 1580.0 1382.6 1197.0 10603.9 9215.0 8928.7 6289.0 584.1 541.0 2303.1 2250.0 557.4 0.0 112627.5 105411.0 11561.0 18717.0 3855.7 47.0 18441.5 15287.0 171847.8 160534.0
2018 10 5 1408.9 1687.0 1378.7 1280.0 11355.9 10092.0 8279.0 6705.0 584.1 576.0 2198.8 2399.0 462.4 0.0 111758.1 113752.0 13022.1 20199.0 3768.0 50.0 17665.7 16497.0 171881.7 173237.0
2018 10 6 1301.3 1503.0 1212.6 1053.0 10287.4 9161.0 6999.2 5978.0 476.5 513.0 1910.7 2133.0 363.7 0.0 96302.1 101752.0 12013.2 18068.0 3336.6 45.0 19300.0 14757.0 153503.3 154963.0
2018 10 7 1301.3 1773.0 1160.4 1243.0 10331.9 10837.0 6556.6 7052.0 531.4 605.0 1804.5 2517.0 339.0 0.0 96302.1 120198.0 11985.5 21343.0 3187.1 53.0 15253.0 17432.0 148752.8 183053.0
2018 10 8 1482.4 1593.0 1419.6 1134.0 12332.8 10257.0 8428.5 6291.0 584.1 540.0 2301.8 2246.0 350.8 0.0 112627.5 110358.0 13328.5 19596.0 3319.4 49.0 15527.8 16005.0 171703.2 168069.0
2018 10 9 1225.6 1714.0 1334.8 1298.0 10776.6 11608.0 7882.0 6768.0 500.7 581.0 2103.8 2416.0 429.0 0.0 83688.5 121983.0 12672.5 21660.0 3907.3 54.0 18748.3 17690.0 143269.2 185772.0
2018 10 10 1474.6 1514.0 1395.8 1153.0 12133.7 10471.0 8559.7 5984.0 529.2 513.0 2266.3 2135.0 436.8 0.0 112627.5 108904.0 11914.3 19338.0 3031.6 48.0 15061.0 15794.0 169430.5 165854.0
2018 10 11 1485.0 1777.0 1444.5 1351.0 12133.7 12249.0 9080.2 7027.0 463.2 602.0 2674.8 2506.0 0.0 0.0 112627.5 127628.0 11990.0 22662.0 1679.9 56.0 21899.0 18509.0 175477.9 194367.0
2018 10 12 1591.9 1481.0 1589.7 1138.0 12373.3 10406.0 9236.0 5857.0 463.2 502.0 2750.0 2088.0 0.0 0.0 111758.1 107414.0 14962.1 19073.0 1721.9 47.0 17358.5 15578.0 173804.7 163584.0
2018 10 13 1527.8 1235.0 1355.4 887.0 11908.6 8268.0 7572.4 4389.0 396.4 381.0 2298.1 1579.0 0.0 0.0 96302.1 83740.0 13030.4 14869.0 1744.2 37.0 21629.7 12144.0 157765.2 127529.0
2018 10 14 1472.1 1650.0 1286.5 1188.0 11017.9 11101.0 6880.1 5863.0 396.4 509.0 2107.8 2110.0 0.0 0.0 96302.1 112163.0 13151.1 19916.0 1649.3 50.0 18879.2 16266.0 153142.5 170816.0
2018 10 15 1618.1 1494.0 1553.7 1108.0 12610.9 10704.0 8955.2 5262.0 463.2 457.0 2653.7 1894.0 0.0 0.0 112627.5 104649.0 13764.2 18582.0 1690.7 46.0 18805.5 15177.0 174742.7 159373.0
2018 10 16 1646.4 1530.0 1552.5 1200.0 13239.6 12662.0 8770.4 5029.0 463.2 437.0 2616.2 1819.0 0.0 0.0 112627.5 113447.0 13445.8 20144.0 1861.8 50.0 23965.3 16453.0 180188.7 172771.0
2018 10 17 1610.4 1772.0 1460.8 1165.0 12456.2 12167.0 8410.9 4753.0 463.2 415.0 2489.7 1729.0 0.0 0.0 112627.5 110062.0 12259.0 19543.0 1506.2 49.0 16763.7 15962.0 170047.6 167617.0
2018 10 18 1485.0 2779.0 1572.5 1659.0 12133.7 17155.0 8796.5 6675.0 463.2 584.0 2625.3 2457.0 0.0 0.0 112627.5 156618.0 12855.8 27810.0 1966.8 69.0 27886.2 22714.0 182412.6 238520.0
2018 10 19 1408.9 2095.0 1671.8 1119.0 11311.4 11592.0 8971.5 4281.0 463.2 375.0 2708.9 1655.0 0.0 0.0 111758.1 105642.0 15605.7 18758.0 1809.0 47.0 18457.5 15321.0 174166.0 160885.0
2018 10 20 1301.3 1636.0 1376.3 874.0 10287.4 9063.0 7166.7 3342.0 476.5 293.0 2197.8 1292.0 0.0 0.0 96302.1 82542.0 12921.9 14657.0 1760.0 36.0 22250.5 11971.0 156040.5 125706.0
2018 10 21 1301.3 2823.0 1399.9 1507.0 10331.9 15648.0 6877.6 5765.0 531.4 505.0 2145.3 2229.0 0.0 0.0 96302.1 142448.0 14403.1 25294.0 1824.1 63.0 21143.2 20658.0 156259.8 216940.0
2018 10 22 1482.4 2326.0 1531.2 1246.0 12288.4 12940.0 8282.6 4772.0 463.2 416.0 2485.1 1839.0 0.0 0.0 112627.5 117749.0 13092.8 20908.0 1710.9 52.0 20622.2 17077.0 174586.3 179325.0
2018 10 23 1618.1 2727.0 1570.4 1461.0 12610.9 15205.0 8429.8 5578.0 463.2 488.0 2537.2 2155.0 0.0 0.0 112627.5 138140.0 13406.6 24529.0 1808.4 61.0 22624.0 20034.0 177696.2 210378.0
2018 10 24 1656.2 2764.0 1433.4 1484.0 13084.9 15447.0 7796.8 5660.0 463.2 495.0 2356.9 2185.0 0.0 0.0 112627.5 140243.0 12019.2 24902.0 1369.8 62.0 13523.0 20339.0 166331.0 213581.0
2018 10 25 1666.6 3400.0 1717.4 1825.0 13084.9 19010.0 8363.3 6944.0 463.2 608.0 2613.5 2684.0 0.0 0.0 112627.5 172439.0 10463.6 30619.0 2137.1 76.0 28402.8 25008.0 181539.9 262613.0
2018 10 26 1591.9 2697.0 1702.4 1452.0 12373.3 15165.0 8355.4 5510.0 463.2 482.0 2613.8 2129.0 0.0 0.0 111758.1 137247.0 10957.3 24370.0 1641.9 61.0 13708.5 19904.0 165165.9 209017.0
2018 10 27 1527.8 2020.0 1395.3 1087.0 11908.6 11369.0 7022.9 4101.0 396.4 360.0 2304.5 1590.0 0.0 0.0 98136.7 102686.0 9022.8 18234.0 1494.5 45.0 15070.3 14892.0 148280.0 156384.0
2018 10 28 2081.7 2950.0 1459.6 1590.0 13322.2 16658.0 7493.8 6004.0 396.4 527.0 3109.1 2328.0 0.0 0.0 101796.0 150363.0 11998.2 26699.0 2899.6 66.0 19436.7 21806.0 163993.3 228991.0
2018 10 29 2846.2 2266.0 1381.4 1223.0 19426.0 12812.0 8408.6 4605.0 494.0 404.0 3298.5 1785.0 0.0 0.0 116335.3 115529.0 10705.3 20514.0 2469.3 51.0 16282.3 16754.0 181646.8 175943.0
2018 10 30 2769.7 2763.0 1528.8 1501.0 18571.5 15647.0 9379.9 5641.0 494.0 493.0 3815.2 2334.0 0.0 0.0 117530.7 141964.0 12751.4 25208.0 2485.8 63.0 15500.0 20588.0 184826.9 216202.0
2018 10 31 2783.5 2301.0 1323.4 1271.0 19016.6 13061.0 8335.8 4726.0 494.0 410.0 3341.2 2299.0 0.0 0.0 122188.1 120268.0 10407.7 21355.0 1866.9 27.0 8006.5 17442.0 177763.8 183160.0
2018 11 1 3084.3 3865.0 1581.5 1846.0 20373.9 22364.0 9064.3 8023.0 465.1 695.0 3865.3 4620.0 0.0 0.0 126561.0 155770.0 13028.0 47079.0 2503.1 39.0 18554.7 22105.0 199081.2 266406.0
2018 11 2 2821.0 2547.0 1504.6 968.0 18979.6 14822.0 8704.6 5292.0 465.1 459.0 3744.1 3047.0 0.0 0.0 121308.1 102066.0 12909.6 30848.0 2335.0 25.0 9387.2 14484.0 182158.7 174558.0
2018 11 3 2326.0 2239.0 1274.3 850.0 16135.0 13039.0 7642.6 4645.0 435.5 402.0 3407.4 2675.0 0.0 0.0 105416.2 89709.0 11329.6 27113.0 2247.8 22.0 10795.2 12730.0 161009.5 153424.0
2018 11 4 2352.9 3351.0 1370.5 1274.0 16557.3 19606.0 8459.1 6930.0 435.5 600.0 4467.5 3991.0 0.0 0.0 105416.2 134474.0 14856.7 40643.0 8174.7 33.0 17176.7 19083.0 179266.9 229985.0
2018 11 5 3229.0 2816.0 1381.7 1080.0 24011.0 16760.0 9981.7 5799.0 465.1 502.0 5088.6 3339.0 0.0 0.0 115285.2 113955.0 15298.5 34441.0 8428.0 28.0 16076.2 16171.0 199245.0 194891.0
2018 11 6 2494.1 2821.0 1476.6 1085.0 17813.8 17124.0 10927.8 5819.0 465.1 503.0 5646.3 3344.0 0.0 0.0 115285.2 115462.0 17196.9 34897.0 7139.1 29.0 7936.8 16385.0 186381.7 197469.0
2018 11 7 2238.6 3698.0 1360.4 1424.0 15281.7 22758.0 10201.5 7633.0 465.1 660.0 5277.2 4386.0 0.0 0.0 114747.1 152555.0 15460.0 46107.0 6164.4 38.0 5147.2 21648.0 176343.3 260907.0
2018 11 8 2522.4 2835.0 1393.2 1093.0 17590.4 17563.0 9258.7 5866.0 465.1 506.0 4858.3 3364.0 0.0 0.0 116810.9 117452.0 15422.3 35498.0 8072.4 29.0 18718.8 16667.0 195112.7 200873.0
2018 11 9 2821.0 3397.0 1466.9 1413.0 18979.6 21222.0 9807.9 7021.0 465.1 605.0 5350.7 4025.0 0.0 0.0 121308.1 141743.0 17699.2 42840.0 9388.0 35.0 16702.7 20114.0 203989.0 242415.0
2018 11 10 2326.0 2224.0 1193.2 927.0 16135.0 13953.0 8122.6 4589.0 435.5 396.0 4429.9 2631.0 0.0 0.0 105416.2 92977.0 14283.9 28101.0 7570.2 23.0 14964.2 13194.0 174876.7 159015.0
2018 11 11 2352.9 2913.0 1286.9 1237.0 16557.3 18849.0 8552.7 6020.0 435.5 519.0 4930.5 3451.0 0.0 0.0 114343.4 124082.0 16638.3 37502.0 11153.3 31.0 17192.8 17608.0 193443.7 212212.0
2018 11 12 2671.6 2571.0 1398.7 1094.0 17635.6 16684.0 10416.5 5310.0 465.1 458.0 5897.1 3043.0 0.0 0.0 116699.5 109687.0 18223.5 33151.0 12100.0 27.0 19150.2 15565.0 204657.9 187590.0
2018 11 13 2722.8 2548.0 1469.9 1092.0 18846.8 16768.0 11056.8 5260.0 465.1 454.0 6285.7 3018.0 0.0 0.0 119862.5 109606.0 19417.8 33127.0 10623.6 27.0 12139.3 15554.0 202890.3 187454.0
2018 11 14 3231.2 3681.0 1386.3 1513.0 21392.6 23287.0 10397.6 7126.0 465.1 619.0 5950.0 4141.0 0.0 0.0 121308.1 151842.0 17751.3 45892.0 9776.4 38.0 11646.3 21547.0 203304.9 259686.0
2018 11 15 3056.6 3407.0 1332.1 1193.0 19226.2 18061.0 9637.0 5465.0 477.7 477.0 5590.6 3201.0 0.0 0.0 126561.0 119629.0 16869.7 36156.0 12323.1 30.0 22147.7 16976.0 217221.6 204595.0
2018 11 16 2718.7 4591.0 1541.4 1525.0 17831.9 23082.0 11191.3 6772.0 477.7 642.0 6482.9 4053.0 0.0 0.0 124272.9 152963.0 19505.8 46231.0 12247.6 38.0 18346.8 21706.0 214617.0 261603.0
2018 11 17 2409.7 3055.0 1165.9 965.0 17153.6 14515.0 8210.0 4200.0 435.5 402.0 4826.1 2549.0 0.0 0.0 105416.2 96614.0 15522.2 29200.0 10379.1 24.0 16468.7 13710.0 181986.9 165234.0
2018 11 18 3442.2 4881.0 1224.7 1543.0 20003.7 23226.0 8235.6 6711.0 534.3 642.0 4956.1 4072.0 0.0 0.0 121225.5 154502.0 17248.9 46696.0 12800.9 38.0 22389.7 21925.0 212061.6 264236.0
2018 11 19 3619.3 3672.0 1514.3 1148.0 20327.5 17319.0 10533.6 4904.0 509.4 482.0 6221.4 3040.0 0.0 0.0 124369.8 114972.0 20010.3 34749.0 15024.0 29.0 27326.2 16315.0 229455.9 196630.0
2018 11 20 2722.8 3902.0 1590.5 1214.0 18846.8 18402.0 11067.2 5204.0 465.1 512.0 6554.6 3226.0 0.0 0.0 119862.5 122091.0 21207.5 36900.0 13217.8 30.0 19035.8 17325.0 214570.5 208806.0
2018 11 21 3147.9 4863.0 1480.8 1516.0 20463.1 22978.0 10445.2 6498.0 477.7 639.0 6152.7 4025.0 0.0 0.0 126561.0 152408.0 17893.9 46063.0 12568.9 38.0 22183.5 21627.0 221374.6 260655.0
2018 11 22 3056.6 5457.0 1622.7 1703.0 19226.2 25817.0 10958.5 7290.0 477.7 716.0 6621.2 4516.0 0.0 0.0 126561.0 171139.0 20817.5 51724.0 15911.6 43.0 29767.2 24285.0 235020.2 292690.0
2018 11 23 3797.4 3670.0 1622.2 1145.0 23233.7 17377.0 11115.4 4903.0 534.3 481.0 6648.7 3040.0 0.0 0.0 128780.2 115161.0 20396.9 34806.0 13936.9 29.0 23376.8 16342.0 233442.6 196954.0
2018 11 24 3290.7 3486.0 1283.7 1087.0 20568.5 16514.0 8467.3 4653.0 540.4 457.0 5174.7 2885.0 0.0 0.0 121225.5 109387.0 17007.3 33061.0 12114.7 27.0 20778.8 15523.0 210451.7 187080.0
2018 11 25 3396.7 4564.0 1351.9 1422.0 21051.4 21607.0 8607.0 6085.0 540.4 598.0 5391.7 3772.0 0.0 0.0 121225.5 143121.0 18560.6 43256.0 14385.8 36.0 26612.2 20309.0 221123.1 244770.0
2018 11 26 4284.2 3704.0 1656.0 1153.0 22438.1 17518.0 10682.9 4932.0 515.5 484.0 6893.8 3054.0 0.0 0.0 131986.6 116017.0 22162.3 35064.0 15843.6 29.0 27216.2 16463.0 243679.2 198418.0
2018 11 27 3471.5 5373.0 1761.4 1672.0 21047.6 25424.0 11888.3 7146.0 515.5 701.0 8625.0 4425.0 0.0 0.0 124369.8 168297.0 29793.4 50865.0 10168.0 42.0 21371.8 23882.0 233012.4 287827.0
2018 11 28 3833.3 3836.0 1478.6 1194.0 22919.9 18171.0 10326.1 5105.0 515.5 500.0 7256.8 3157.0 0.0 0.0 131068.3 120225.0 23923.7 36336.0 9684.9 30.0 23106.7 17060.0 234113.7 205614.0
2018 11 29 3974.3 4261.0 1657.7 1650.0 24628.0 20177.0 11224.4 5642.0 534.3 556.0 8045.8 3559.0 0.0 0.0 131068.3 166092.0 28071.3 58511.0 12069.8 41.0 29137.0 23569.0 250411.0 284058.0
2018 11 30 3751.8 2984.0 1603.8 1163.0 23233.7 14053.0 11253.3 3793.0 540.4 392.0 7977.5 2786.0 0.0 0.0 128780.2 116977.0 26174.8 41212.0 8732.0 112.0 16915.2 16601.0 228962.7 200073.0
2018 12 1 4936.3 6078.0 1327.4 1358.0 29335.0 29195.0 9053.7 7601.0 709.6 805.0 6442.7 6439.0 0.0 0.0 127585.3 117411.0 23391.8 48119.0 8836.0 122.0 21942.5 16477.0 233560.3 233605.0
2018 12 2 4740.8 5217.0 1418.2 880.0 29395.4 25059.0 9583.7 6524.0 709.6 692.0 6909.3 5526.0 0.0 0.0 127585.3 100125.0 24422.2 41034.0 10852.4 104.0 25011.0 14051.0 240628.0 199212.0
2018 12 3 5597.0 4752.0 1663.3 799.0 32847.6 22777.0 11122.5 5927.0 749.5 628.0 8255.5 5020.0 0.0 0.0 141417.9 91016.0 28873.1 37301.0 11830.2 94.0 22739.7 12773.0 265096.3 181087.0
2018 12 4 5272.7 5513.0 1746.5 925.0 32847.6 26587.0 12083.8 6864.0 749.5 728.0 9867.5 5814.0 0.0 0.0 146599.5 105900.0 36929.8 43401.0 6588.4 110.0 22267.3 14862.0 274952.9 210704.0
2018 12 5 5326.4 7271.0 1464.3 1233.0 32908.1 35958.0 10380.9 9049.0 749.5 959.0 8195.9 7665.0 0.0 0.0 150755.4 141726.0 30013.0 58084.0 6135.6 147.0 22512.0 19889.0 268441.1 281981.0
2018 12 6 5666.9 8112.0 1604.6 1367.0 33381.5 40129.0 11150.7 10018.0 749.5 1063.0 8891.1 8489.0 0.0 0.0 150755.4 157785.0 34122.8 64666.0 7275.6 163.0 27814.7 22143.0 281412.8 313935.0
2018 12 7 5636.7 5900.0 1474.2 990.0 33381.5 29201.0 10444.0 7267.0 734.1 768.0 8388.1 6139.0 0.0 0.0 145391.7 114648.0 31326.8 46987.0 5569.8 119.0 17507.5 16089.0 259854.5 228108.0
2018 12 8 4568.3 6897.0 1317.0 1160.0 29395.4 34329.0 9123.6 8491.0 709.6 898.0 7363.0 7174.0 0.0 0.0 127585.3 134454.0 29690.8 55104.0 5890.2 139.0 26698.7 18869.0 242341.9 267515.0
2018 12 9 5413.3 7336.0 1453.6 1273.0 29335.0 38862.0 10142.2 9032.0 709.6 955.0 8166.7 7632.0 0.0 0.0 127585.3 148465.0 31341.6 60846.0 6584.9 154.0 24688.8 20835.0 245421.0 295390.0
2018 12 10 5466.3 5854.0 1657.4 1015.0 32847.6 31302.0 11512.0 7213.0 741.3 762.0 9376.9 6085.0 0.0 0.0 141417.9 119128.0 36109.1 48823.0 6887.1 123.0 23063.7 16718.0 269079.4 237023.0
2018 12 11 5272.7 8261.0 1694.3 1451.0 32847.6 45174.0 11714.3 10149.0 749.5 1067.0 10141.5 8543.0 0.0 0.0 146599.5 170253.0 40504.1 69775.0 2062.7 176.0 21110.0 23893.0 272696.3 338742.0
2018 12 12 5326.4 6805.0 1421.5 1205.0 32908.1 37707.0 9901.6 8315.0 749.5 875.0 8628.2 7001.0 0.0 0.0 150755.4 141203.0 35076.3 57870.0 1806.7 146.0 18747.0 19816.0 265320.8 280943.0
2018 12 13 5163.2 7325.0 1570.5 1284.0 32847.6 40246.0 10927.4 8742.0 749.5 930.0 9534.2 7454.0 0.0 0.0 150755.4 150494.0 37806.0 61678.0 2131.1 156.0 26071.0 21120.0 277555.9 299429.0
2018 12 14 5296.2 7762.0 1436.3 1295.0 32908.1 40416.0 10076.5 8638.0 734.1 919.0 8741.0 7383.0 0.0 0.0 145391.7 151481.0 34743.0 62082.0 1771.1 157.0 18450.2 21258.0 259548.1 301391.0
2018 12 15 4568.3 7351.0 1339.1 1184.0 29395.4 36788.0 9154.4 7804.0 709.6 833.0 8016.8 6722.0 0.0 0.0 127585.3 138407.0 34843.2 56724.0 2190.7 143.0 28754.8 19424.0 246557.6 275380.0
2018 12 16 5786.5 6933.0 1511.6 1116.0 32096.6 34694.0 10441.9 7344.0 762.1 786.0 9151.1 6338.0 0.0 0.0 135008.9 130488.0 36551.9 53478.0 1892.0 135.0 20212.5 18312.0 253415.2 259624.0
2018 12 17 5921.3 6004.0 1545.8 969.0 35525.7 30020.0 10681.0 6329.0 797.1 676.0 9341.2 5453.0 0.0 0.0 149710.8 112792.0 38160.1 46226.0 2079.6 117.0 23713.3 15829.0 277475.8 224415.0
2018 12 18 6129.9 7829.0 1504.3 1229.0 34999.7 38001.0 10242.2 7844.0 881.3 875.0 9020.0 6912.0 0.0 0.0 149622.3 142986.0 37926.3 58600.0 2013.8 148.0 21477.5 20066.0 273817.3 284490.0
2018 12 19 5194.0 8085.0 1528.2 1247.0 32908.1 38457.0 10352.6 7934.0 749.5 885.0 9174.0 6991.0 0.0 0.0 150755.4 145056.0 36794.7 59449.0 1788.0 150.0 17121.2 20357.0 266365.6 288611.0
2018 12 20 5688.6 8103.0 1461.4 1242.0 32847.6 38246.0 9925.2 7892.0 749.5 879.0 8777.1 6953.0 0.0 0.0 150755.4 144413.0 35018.3 59185.0 2073.8 149.0 27139.0 20266.0 274435.9 287328.0
2018 12 21 5664.2 7416.0 1412.3 1134.0 32847.6 34849.0 9523.4 7185.0 734.1 801.0 8412.4 6350.0 0.0 0.0 145391.7 131683.0 35219.4 53968.0 1783.6 136.0 17609.2 18480.0 258597.8 262002.0
2018 12 22 4936.3 6800.0 1417.0 1041.0 29335.0 32008.0 9472.6 6589.0 709.6 734.0 8414.4 5823.0 0.0 0.0 127585.3 120875.0 35084.2 49539.0 2056.9 125.0 25618.3 16963.0 244629.6 240497.0
2018 12 23 5413.3 6472.0 1885.5 992.0 29335.0 30480.0 12777.9 6277.0 709.6 699.0 11410.7 5547.0 0.0 0.0 127585.3 115112.0 41264.1 47177.0 2028.9 119.0 22234.5 16154.0 254644.7 229029.0
2018 12 24 5597.0 6180.0 1665.8 944.0 32847.6 28947.0 11190.8 5951.0 749.5 663.0 9914.3 5323.0 0.0 0.0 141417.9 109498.0 40602.9 44876.0 2236.4 113.0 26004.7 15367.0 272227.1 217862.0
2018 12 25 4985.0 8508.0 1292.1 1299.0 29302.9 39868.0 9017.2 8192.0 749.5 913.0 7808.6 7327.0 0.0 0.0 127049.9 150778.0 29249.2 61794.0 847.0 156.0 20485.0 21160.0 230786.4 299995.0
2018 12 26 5666.9 6187.0 1607.6 950.0 33381.5 29039.0 10723.5 5958.0 749.5 664.0 9555.8 5328.0 0.0 0.0 150755.4 109765.0 37573.0 44985.0 894.0 114.0 16792.8 15404.0 267700.1 218394.0
2018 12 27 6430.8 8346.0 1472.5 1278.0 35879.5 39056.0 9989.1 8009.0 796.9 892.0 8889.2 7164.0 0.0 0.0 153778.1 147676.0 34767.6 60522.0 985.9 153.0 24486.0 20724.0 277475.6 293820.0
2018 12 28 6168.2 8521.0 1348.3 1291.0 35879.5 39430.0 9304.8 8079.0 796.9 900.0 8083.5 7225.0 0.0 0.0 148414.4 149278.0 31212.1 61179.0 1233.1 155.0 23216.8 20949.0 265657.6 297007.0
2018 12 29 4819.3 8704.0 1413.2 1320.0 29391.4 40268.0 9856.7 8252.0 709.6 919.0 8561.3 7380.0 0.0 0.0 127585.3 152460.0 31534.4 62483.0 1306.2 158.0 22493.2 21396.0 237670.7 303340.0
2018 12 30 4624.7 8095.0 1730.7 1227.0 29335.0 37459.0 12180.7 7679.0 709.6 856.0 10708.3 6868.0 0.0 0.0 127585.3 141835.0 35053.7 58128.0 1293.3 147.0 24427.3 19905.0 247648.6 282199.0
2018 12 31 5418.2 6090.0 1466.7 909.0 33381.5 27694.0 10110.8 5676.0 749.5 632.0 8837.4 5074.0 0.0 0.0 141417.9 105093.0 33930.7 43071.0 1414.7 109.0 25125.0 14748.0 261852.5 209096.0
2019 1 1 6386.3 5576.0 1278.2 967.0 34965.7 32590.0 8522.4 6837.0 895.0 513.0 6972.0 6575.0 0.0 0.0 143863.1 115978.0 38745.7 47589.0 9.0 3.0 19221.0 14636.0 260858.2 231264.0
2019 1 2 6042.0 5454.0 1401.0 880.0 32710.3 31471.0 9779.5 6723.0 875.5 501.0 7949.0 6415.0 0.0 0.0 136595.2 112446.0 43626.3 46140.0 10.0 3.0 17549.3 14191.0 256538.2 224224.0
2019 1 3 6249.1 7728.0 1342.4 1254.0 34778.2 44912.0 9122.5 9530.0 875.5 710.0 7455.6 9122.0 0.0 0.0 136595.2 160120.0 41741.3 65702.0 8.0 4.0 19894.0 20207.0 258061.9 319289.0
2019 1 4 5998.3 7131.0 1400.0 1194.0 32099.2 41152.0 9367.8 8701.0 875.5 650.0 7632.8 8323.0 0.0 0.0 136595.2 146776.0 41796.3 60227.0 8.5 3.0 16343.8 18523.0 252117.6 292680.0
2019 1 5 5305.7 7423.0 1347.9 1238.0 26702.9 41903.0 9058.9 8921.0 864.0 666.0 7393.9 8531.0 0.0 0.0 136595.2 150120.0 41091.0 61599.0 8.0 3.0 18769.0 18945.0 247136.6 299349.0
2019 1 6 5799.3 5609.0 1454.3 937.0 31243.8 31735.0 9882.2 6751.0 864.0 504.0 8082.3 6456.0 0.0 0.0 136595.2 113645.0 46308.3 46632.0 10.8 3.0 26529.5 14342.0 266769.8 226614.0
2019 1 7 5780.6 6687.0 1590.5 1119.0 32192.1 37973.0 10607.2 8047.0 875.5 601.0 8649.4 7696.0 0.0 0.0 136595.2 135788.0 48301.2 55718.0 9.0 3.0 21715.8 17137.0 266316.4 270769.0
2019 1 8 6058.9 5583.0 1672.9 925.0 32995.7 31328.0 11243.5 6656.0 875.5 497.0 9197.7 6363.0 0.0 0.0 136595.2 112246.0 50968.7 46058.0 9.8 3.0 22102.2 14166.0 271720.1 223825.0
2019 1 9 6674.0 7197.0 1454.3 1272.0 35248.7 39852.0 9799.1 8593.0 875.5 640.0 8020.0 8200.0 0.0 0.0 136595.2 143724.0 44656.0 58975.0 10.0 3.0 19214.0 18138.0 262546.8 286594.0
2019 1 10 6779.3 7218.0 1478.5 1289.0 38683.9 40293.0 9689.8 8686.0 895.0 647.0 7973.1 8289.0 0.0 0.0 143863.1 145185.0 44558.3 59574.0 8.5 3.0 19083.2 18322.0 273012.6 289506.0
2019 1 11 7192.9 7459.0 1499.0 1332.0 37987.4 41637.0 9875.0 8985.0 880.3 669.0 8097.0 8564.0 0.0 0.0 143863.1 150046.0 44383.3 61569.0 9.3 3.0 15702.7 18936.0 269490.1 299200.0
2019 1 12 6586.4 7609.0 1383.1 1348.0 33624.4 42129.0 9096.7 9087.0 880.3 676.0 7493.3 8663.0 0.0 0.0 143863.1 151938.0 42371.6 62345.0 8.2 4.0 21334.2 19175.0 266641.4 302974.0
2019 1 13 6733.3 6519.0 1446.3 1157.0 35062.8 36213.0 9645.1 7777.0 880.3 578.0 7945.6 7412.0 0.0 0.0 143863.1 130394.0 45610.1 53505.0 10.6 3.0 25462.1 16456.0 276659.3 260014.0
2019 1 14 5939.6 6814.0 1634.0 1208.0 33802.9 37824.0 10690.1 8108.0 895.0 603.0 8792.3 7728.0 0.0 0.0 143863.1 136142.0 49133.8 55864.0 9.3 3.0 20898.1 17181.0 275658.3 271475.0
2019 1 15 6796.2 5422.0 1667.4 963.0 37332.1 30149.0 10932.9 6455.0 875.5 480.0 9079.8 6150.0 0.0 0.0 138584.8 108457.0 50723.3 44503.0 10.2 3.0 22535.8 13687.0 278538.0 216269.0
2019 1 16 6249.1 8360.0 1562.2 1471.0 34751.0 46035.0 10190.3 9836.0 875.5 747.0 8474.7 9402.0 0.0 0.0 136595.2 165795.0 46971.8 68031.0 10.3 4.0 18028.1 20923.0 263708.2 330604.0
2019 1 17 6674.0 6890.0 1476.4 1211.0 35418.3 37914.0 9505.4 8110.0 875.5 615.0 7924.5 7743.0 0.0 0.0 136595.2 136576.0 44418.2 56042.0 9.0 3.0 19012.0 17236.0 261908.5 272340.0
2019 1 18 6735.6 6986.0 1659.0 1219.0 36070.2 38119.0 10660.4 8149.0 875.5 618.0 8872.2 7780.0 0.0 0.0 138584.8 137422.0 48390.8 56389.0 10.0 3.0 13834.0 17343.0 265692.4 274028.0
2019 1 19 6425.1 7567.0 1454.0 1298.0 37253.4 40684.0 9237.0 8488.0 895.0 668.0 7745.1 8273.0 0.0 0.0 143863.1 146400.0 44666.8 60073.0 9.1 3.0 24596.9 18476.0 276145.4 291930.0
2019 1 20 6733.3 6281.0 1582.0 1077.0 35062.8 33777.0 10129.3 7046.0 880.3 554.0 8483.0 6867.0 0.0 0.0 143863.1 121533.0 48428.1 49869.0 11.2 3.0 24022.1 15337.0 279195.1 242344.0
2019 1 21 5939.6 6385.0 1734.9 1094.0 33802.9 34340.0 11029.0 7164.0 895.0 564.0 9174.3 6982.0 0.0 0.0 143863.1 123562.0 51619.2 50702.0 10.2 3.0 21849.8 15594.0 279918.0 246390.0
2019 1 22 6796.2 5666.0 1696.3 957.0 38007.6 30033.0 10674.5 6259.0 895.0 492.0 9012.2 6099.0 0.0 0.0 143863.1 108211.0 51029.9 44403.0 14.1 3.0 23636.4 13656.0 285625.1 215779.0
2019 1 23 7450.9 8070.0 1605.0 1356.0 39449.7 42533.0 10110.8 8867.0 880.3 697.0 8538.5 8637.0 0.0 0.0 143863.1 153356.0 47820.0 62927.0 14.3 4.0 19198.9 19354.0 278931.4 305801.0
2019 1 24 7797.9 8097.0 1583.8 1358.0 40991.7 42594.0 9872.2 8872.0 880.3 698.0 8328.4 8642.0 0.0 0.0 143863.1 153574.0 46696.4 63016.0 11.7 4.0 18688.6 19381.0 278714.1 306236.0
2019 1 25 7205.4 8726.0 1619.2 1464.0 38129.7 45927.0 10168.3 9556.0 880.3 751.0 8588.6 9301.0 0.0 0.0 143863.1 165521.0 47373.0 67919.0 14.0 4.0 15107.6 20889.0 272949.1 330058.0
2019 1 26 6494.2 9071.0 1486.9 1518.0 34445.0 47644.0 9349.8 9937.0 880.3 777.0 7907.3 9624.0 0.0 0.0 143863.1 171737.0 45748.0 70469.0 13.3 4.0 25609.2 21673.0 275797.1 342454.0
2019 1 27 6812.7 7099.0 1696.6 1188.0 37461.2 37294.0 10762.2 7777.0 880.3 608.0 9035.1 7532.0 0.0 0.0 143863.1 134419.0 51176.1 55156.0 15.4 3.0 23394.7 16964.0 285097.4 268040.0
2019 1 28 6090.3 7821.0 1669.5 1308.0 37053.0 41103.0 10460.3 8566.0 895.0 670.0 8762.7 8298.0 0.0 0.0 143863.1 148122.0 51119.9 60779.0 14.2 3.0 23467.4 18693.0 283395.4 295363.0
2019 1 29 6796.2 6122.0 1781.3 1021.0 38007.6 32065.0 11068.2 6674.0 895.0 522.0 9330.3 6465.0 0.0 0.0 143863.1 115557.0 53869.6 47417.0 17.9 3.0 22862.1 14583.0 288491.0 230429.0
2019 1 30 6919.5 8571.0 1595.4 1409.0 36938.4 44236.0 10014.8 9197.0 880.3 719.0 8462.9 8908.0 0.0 0.0 143863.1 159651.0 48740.0 65510.0 17.7 4.0 19703.3 20148.0 277135.4 318353.0
2019 1 31 7236.6 8617.0 1650.6 1412.0 39003.3 44458.0 10172.7 9264.0 880.3 721.0 8546.0 8759.0 0.0 0.0 143863.1 160007.0 49352.3 65664.0 14.7 4.0 19844.8 20195.0 280564.3 319101.0
2019 2 1 7402.6 8470.0 1554.0 1357.0 36825.2 43854.0 9542.2 9167.0 905.9 737.0 8096.8 8621.0 0.0 0.0 143201.3 144703.0 45741.3 69235.0 16.7 0.0 16673.2 20537.0 269959.3 306681.0
2019 2 2 6873.3 8209.0 1524.6 1328.0 34488.3 43115.0 9408.1 8873.0 882.4 714.0 7946.4 8343.0 0.0 0.0 138847.3 141448.0 46895.0 67677.0 15.4 0.0 26042.8 20075.0 272923.4 299782.0
2019 2 3 6995.0 7565.0 1804.2 1213.0 36807.5 40197.0 11240.2 8150.0 890.3 655.0 9423.8 7664.0 0.0 0.0 139084.8 131154.0 53785.3 62752.0 19.4 0.0 22597.2 18614.0 282647.8 277964.0
2019 2 4 6009.8 8749.0 1630.8 1398.0 32283.1 46379.0 9551.5 9366.0 897.2 753.0 7888.0 8805.0 0.0 0.0 139018.8 151202.0 49407.2 72344.0 43.0 0.0 23130.0 21459.0 269859.4 320455.0
2019 2 5 6845.5 6613.0 1630.8 1060.0 35360.8 35152.0 9551.5 7086.0 897.2 570.0 7888.0 6661.0 0.0 0.0 141993.1 114512.0 49407.2 54789.0 43.0 0.0 23130.0 16252.0 276747.1 242695.0
2019 2 6 7080.3 9328.0 1630.8 1509.0 35508.0 50369.0 9551.5 10002.0 889.3 802.0 7888.0 9372.0 0.0 0.0 142351.4 163092.0 49407.2 78033.0 43.0 0.0 23130.0 23147.0 277479.4 345654.0
2019 2 7 7438.7 7507.0 1706.9 1174.0 38042.1 40582.0 10219.4 8059.0 913.9 646.0 8512.5 7552.0 0.0 0.0 143521.0 131302.0 50223.2 62823.0 17.7 0.0 21359.8 18635.0 281955.2 278280.0
2019 2 8 7167.8 8393.0 1496.1 1321.0 36678.0 45449.0 8947.5 8990.0 913.9 720.0 7461.1 8424.0 0.0 0.0 143438.8 146889.0 43984.9 70280.0 19.3 0.0 17338.6 20847.0 267445.9 311313.0
2019 2 9 6801.1 7558.0 1474.0 1287.0 35206.7 40680.0 8894.2 8093.0 1007.0 648.0 7395.5 7576.0 0.0 0.0 141546.5 131949.0 45398.0 63132.0 17.2 0.0 25789.0 18727.0 273529.3 279650.0
2019 2 10 6686.1 6865.0 1678.6 1173.0 35678.1 37254.0 10254.7 7358.0 780.8 588.0 8460.1 6876.0 0.0 0.0 128915.3 120471.0 50257.2 57640.0 22.2 0.0 22472.8 17098.0 265205.9 255323.0
2019 2 11 5985.5 7640.0 1644.7 1313.0 31853.7 41698.0 9907.4 8242.0 856.7 658.0 8145.8 7694.0 0.0 0.0 131298.5 134758.0 50121.9 64476.0 40.7 0.0 23431.7 19125.0 263286.6 285604.0
2019 2 12 6313.4 5897.0 1661.8 1018.0 34023.8 32385.0 9932.0 6399.0 922.1 503.0 8140.5 5955.0 0.0 0.0 134347.8 104523.0 48948.7 50010.0 42.7 0.0 20154.4 14834.0 264487.1 221524.0
2019 2 13 6473.4 7541.0 1627.4 1291.0 33741.2 40807.0 9830.8 8208.0 897.7 645.0 8011.3 7641.0 0.0 0.0 138235.5 132532.0 47988.1 63411.0 40.7 0.0 18962.7 18810.0 265808.8 280886.0
2019 2 14 6313.4 6869.0 1633.4 1192.0 33776.5 37582.0 9779.3 7724.0 913.0 602.0 7943.2 7141.0 0.0 0.0 134060.2 122465.0 48137.1 58595.0 36.7 0.0 20944.8 17381.0 263537.5 259551.0
2019 2 15 6277.3 6599.0 1529.6 1176.0 33499.2 37165.0 9205.0 7708.0 895.6 597.0 7383.8 7050.0 0.0 0.0 134060.2 120832.0 44104.2 57813.0 37.3 0.0 15777.0 17149.0 252769.2 256089.0
2019 2 16 5825.3 5029.0 1432.7 899.0 30751.8 28411.0 8595.0 5919.0 799.2 457.0 6924.0 5396.0 0.0 0.0 133529.1 92409.0 43883.2 44214.0 30.0 0.0 24585.4 13115.0 256355.8 195849.0
2019 2 17 5862.7 5627.0 1582.6 1006.0 31681.3 31777.0 9564.7 6628.0 811.3 512.0 7700.4 6042.0 0.0 0.0 128915.3 103392.0 47856.1 49469.0 43.3 0.0 23303.3 14674.0 257321.3 219127.0
2019 2 18 6055.7 5828.0 1698.6 1048.0 32352.8 33104.0 10260.9 6924.0 856.7 534.0 8165.1 6305.0 0.0 0.0 131298.5 107701.0 49599.7 51531.0 38.0 0.0 20842.3 15285.0 261168.4 228260.0
2019 2 19 6480.6 4782.0 1584.6 895.0 34360.0 28185.0 9472.3 6144.0 897.7 470.0 7558.2 5393.0 0.0 0.0 138235.5 91922.0 45740.9 43981.0 42.0 0.0 19545.2 13046.0 263917.0 194818.0
2019 2 20 6473.4 6712.0 1634.1 1256.0 33741.2 39586.0 9786.1 8619.0 897.7 659.0 7769.6 7567.0 0.0 0.0 138235.5 129055.0 46351.0 61748.0 40.7 0.0 17483.2 18316.0 262412.5 273518.0
2019 2 21 6313.4 6991.0 1585.2 1307.0 32993.1 41233.0 9538.5 8949.0 915.0 684.0 7509.4 7851.0 0.0 0.0 134060.2 134298.0 45035.7 64256.0 34.0 0.0 18166.6 19060.0 256151.1 284629.0
2019 2 22 6437.3 6648.0 1538.0 1244.0 33169.4 39285.0 9347.3 8608.0 884.2 650.0 7306.9 7468.0 0.0 0.0 137948.0 128063.0 43032.2 61273.0 38.0 0.0 14534.6 18175.0 254235.9 271414.0
2019 2 23 5658.1 6018.0 1376.0 1125.0 29161.6 35508.0 8347.1 7754.0 804.0 586.0 6549.2 6739.0 0.0 0.0 128915.3 115692.0 40933.1 55354.0 30.7 0.0 22146.4 16420.0 243921.6 245196.0
2019 2 24 6053.2 5446.0 1576.7 1020.0 32124.1 32274.0 9640.8 7010.0 811.3 530.0 7506.9 6092.0 0.0 0.0 128915.3 104955.0 46294.3 50217.0 42.0 0.0 22836.2 14896.0 255801.0 222440.0
2019 2 25 6038.9 5821.0 1770.9 1092.0 30903.0 34599.0 10842.0 7503.0 809.3 567.0 8371.5 6524.0 0.0 0.0 131298.5 112437.0 49676.2 53796.0 38.7 0.0 18248.6 15957.0 257997.5 238296.0
2019 2 26 6473.4 4764.0 1566.9 894.0 33741.2 28368.0 9477.4 6147.0 897.7 464.0 7298.6 5339.0 0.0 0.0 138235.5 92135.0 42601.9 44083.0 25.4 0.0 20071.4 13076.0 260389.6 195270.0
2019 2 27 6480.6 5979.0 1608.0 1121.0 34360.0 35633.0 9745.5 7703.0 897.7 581.0 7473.8 6687.0 0.0 0.0 138235.5 115640.0 41956.9 55329.0 22.4 0.0 15621.9 16412.0 256402.4 245085.0
2019 2 28 6480.6 6171.0 1562.6 1173.0 33783.8 36722.0 9463.0 8440.0 824.5 603.0 7217.0 7226.0 0.0 0.0 137948.0 121028.0 41346.4 57889.0 21.6 0.0 17449.3 17171.0 256096.8 256423.0
2019 3 1 5476.5 4904.0 1551.0 1207.0 25623.8 27872.0 9090.9 6957.0 778.0 480.0 6587.2 5215.0 0.0 0.0 139354.9 147911.0 38478.3 48305.0 36.3 23.0 26949.3 20967.0 253926.4 263841.0
2019 3 2 4625.3 3715.0 1326.7 911.0 23373.8 21023.0 8132.0 5235.0 665.1 361.0 6032.2 3922.0 0.0 0.0 122618.5 111540.0 36615.3 36427.0 19.4 17.0 20926.0 15811.0 224334.4 198962.0
2019 3 3 4609.7 4101.0 1668.7 994.0 23703.2 22758.0 10288.2 5780.0 600.3 399.0 7565.6 4330.0 0.0 0.0 121110.2 121672.0 44561.4 39736.0 23.9 19.0 21571.2 17248.0 235702.5 217037.0
2019 3 4 4343.7 4224.0 1618.2 1002.0 22957.7 23397.0 9895.9 5954.0 682.2 411.0 7274.0 4461.0 0.0 0.0 127582.9 125115.0 43164.2 40860.0 24.4 19.0 21668.2 17736.0 239211.5 223179.0
2019 3 5 4335.0 3820.0 1576.4 888.0 23541.5 20615.0 9321.6 5286.0 708.2 364.0 6830.6 3950.0 0.0 0.0 135622.2 110768.0 39614.8 36175.0 30.0 17.0 23958.9 15702.0 245539.2 197585.0
2019 3 6 5389.1 5081.0 1744.2 1162.0 27495.8 26620.0 10155.8 7025.0 730.9 483.0 7440.9 5262.0 0.0 0.0 138286.8 144734.0 40225.6 47267.0 27.3 22.0 17042.0 20517.0 248538.3 258173.0
2019 3 7 5589.5 4632.0 1620.0 1215.0 28324.5 24169.0 9419.7 6391.0 795.7 439.0 6893.8 4788.0 0.0 0.0 143259.1 132054.0 37675.6 43126.0 25.8 20.0 18272.6 18719.0 251876.1 235553.0
2019 3 8 5200.2 5040.0 1447.2 1373.0 25716.3 26239.0 8478.6 6945.0 778.0 476.0 6193.8 5193.0 0.0 0.0 139921.5 143571.0 34532.2 46887.0 24.7 22.0 18455.4 20352.0 240748.0 256098.0
2019 3 9 4349.0 4960.0 1417.9 1364.0 23373.8 25589.0 8423.2 6828.0 665.1 467.0 6125.2 5092.0 0.0 0.0 122618.5 140505.0 34160.3 45886.0 23.6 22.0 18648.7 19917.0 219805.1 250630.0
2019 3 10 4625.3 4438.0 1536.7 1203.0 23373.8 22315.0 9169.1 6121.0 665.1 419.0 6607.1 4564.0 0.0 0.0 121110.2 123888.0 37438.9 40459.0 26.2 19.0 22510.4 17562.0 227062.8 220988.0
2019 3 11 5134.7 4630.0 1627.5 1238.0 28216.1 22745.0 9805.1 6386.0 841.3 437.0 7047.1 4762.0 0.0 0.0 136227.5 127492.0 39131.2 41637.0 29.3 20.0 21989.6 18073.0 250049.4 227420.0
2019 3 12 5163.4 4068.0 1711.4 1099.0 28270.9 20191.0 10067.8 5697.0 730.9 388.0 7155.2 4226.0 0.0 0.0 142776.8 113129.0 38284.4 36946.0 33.7 17.0 21680.7 16037.0 255875.1 201798.0
2019 3 13 4458.3 4465.0 1725.7 1351.0 26582.0 25042.0 9985.7 7288.0 730.9 433.0 7068.3 5297.0 0.0 0.0 138286.8 139159.0 37048.8 45446.0 31.1 21.0 19587.6 19726.0 245505.2 248228.0
2019 3 14 4609.8 3954.0 1697.2 1203.0 26524.4 21553.0 9792.0 6948.0 730.9 410.0 6999.9 5007.0 0.0 0.0 137687.2 123932.0 36365.4 40474.0 30.9 19.0 18536.9 17568.0 242974.7 221068.0
2019 3 15 4492.0 3204.0 1480.8 979.0 24187.9 17570.0 8614.3 5658.0 708.2 334.0 6062.2 4077.0 0.0 0.0 133651.8 100931.0 32470.6 32962.0 27.6 15.0 20479.1 14307.0 232174.4 180037.0
2019 3 16 3617.7 4078.0 1476.4 1245.0 20398.4 22363.0 8811.9 7164.0 608.5 422.0 6136.8 5160.0 0.0 0.0 122391.8 128240.0 31981.3 41881.0 27.0 20.0 17423.1 18179.0 212873.0 228752.0
2019 3 17 3665.1 3420.0 1442.1 1083.0 21059.2 19473.0 8535.9 6315.0 622.5 371.0 5902.0 4537.0 0.0 0.0 123908.2 111642.0 32215.9 36460.0 28.2 17.0 22622.1 15826.0 220001.3 199144.0
2019 3 18 3692.0 3652.0 1721.7 1228.0 21997.9 22117.0 10327.2 7326.0 682.2 427.0 7131.3 5187.0 0.0 0.0 121803.5 126669.0 37780.8 41368.0 34.4 19.0 23487.6 17956.0 228658.5 225949.0
2019 3 19 3487.7 3014.0 1725.9 1053.0 21152.6 18987.0 10348.4 6421.0 708.2 373.0 7109.6 4407.0 0.0 0.0 129842.8 108644.0 36936.4 35481.0 31.3 17.0 21037.1 15401.0 232380.1 193798.0
2019 3 20 4274.1 3177.0 1797.4 1107.0 24936.5 19971.0 10668.4 6745.0 708.2 392.0 7308.4 4629.0 0.0 0.0 138286.8 114250.0 38225.3 37312.0 33.2 18.0 22644.3 16196.0 248882.6 203797.0
2019 3 21 4477.5 4099.0 1555.4 1427.0 26524.4 25734.0 9182.0 8691.0 730.9 505.0 6329.7 5965.0 0.0 0.0 137687.2 147234.0 32988.4 48084.0 28.9 23.0 19767.7 20871.0 239272.2 262633.0
2019 3 22 4411.7 4192.0 1575.0 1459.0 25053.6 26312.0 9447.1 8878.0 700.0 516.0 6423.9 6093.0 0.0 0.0 133651.8 150501.0 33056.9 49151.0 27.9 23.0 18875.9 21334.0 233223.9 268459.0
2019 3 23 4506.4 3985.0 1490.8 1388.0 21615.5 25031.0 8957.0 8432.0 600.3 490.0 6049.0 5787.0 0.0 0.0 122391.8 143084.0 31317.9 46728.0 26.9 22.0 18209.6 20283.0 215165.2 255230.0
2019 3 24 4130.8 3389.0 1564.7 1180.0 21615.5 21297.0 9388.2 7164.0 600.3 416.0 6302.0 4914.0 0.0 0.0 120883.6 121669.0 32855.7 39735.0 27.8 19.0 20264.2 17247.0 217632.7 217030.0
2019 3 25 4382.6 2897.0 1679.3 1012.0 25215.0 18293.0 10181.4 6139.0 704.9 357.0 6872.1 4211.0 0.0 0.0 127582.9 104378.0 35698.5 34088.0 32.6 16.0 21606.4 14796.0 233955.7 186187.0
2019 3 26 4254.8 3192.0 1635.7 1116.0 25798.8 20163.0 9917.9 6758.0 730.9 393.0 6625.4 4635.0 0.0 0.0 135622.2 114999.0 34588.3 37556.0 36.0 18.0 21142.4 16302.0 240352.4 205132.0
2019 3 27 4274.1 3565.0 1664.3 1246.0 24936.5 22523.0 10107.7 7545.0 708.2 438.0 6663.4 5172.0 0.0 0.0 138286.8 128422.0 35175.6 41940.0 35.0 20.0 21916.8 18204.0 243768.3 229075.0
2019 3 28 3651.8 2859.0 1447.7 988.0 23466.5 17874.0 8893.8 6001.0 708.2 348.0 5795.3 4037.0 0.0 0.0 133381.0 101829.0 30621.7 33255.0 29.3 16.0 17916.2 14435.0 225911.5 181642.0
2019 3 29 2845.4 3661.0 1475.9 1249.0 19437.0 22912.0 8635.0 7459.0 708.2 445.0 5211.5 4696.0 0.0 0.0 126768.3 128880.0 28628.8 42044.0 29.6 46.0 17228.6 18249.0 210968.2 229641.0
2019 3 30 2601.5 3561.0 1408.0 1215.0 16531.3 22320.0 7932.8 7268.0 529.3 433.0 4726.3 4514.0 0.0 0.0 110569.4 125334.0 26620.7 40887.0 28.3 45.0 17719.3 17747.0 188667.0 223324.0
2019 3 31 2378.7 2284.0 1590.6 794.0 14766.2 13965.0 8978.9 4735.0 529.3 279.0 5233.3 2658.0 0.0 0.0 117633.9 82922.0 28639.5 26730.0 28.7 30.0 15932.4 11602.0 195711.6 145999.0
2019 4 1 2519.2 2023.0 1673.1 947.0 16494.8 12267.0 9497.1 4218.0 580.1 247.0 5461.5 1925.0 0.0 0.0 118871.1 112205.0 31250.3 24642.0 34.6 35.0 20594.4 15596.0 206976.0 174105.0
2019 4 2 2783.1 1807.0 1588.8 842.0 17605.5 10915.0 9021.4 3751.0 580.1 220.0 5136.4 1711.0 0.0 0.0 119795.0 99856.0 29636.6 21930.0 36.9 31.0 20386.3 13880.0 206570.1 154943.0
2019 4 3 2460.3 1944.0 1697.1 900.0 17728.1 11719.0 9634.0 4035.0 535.8 237.0 5403.8 1841.0 0.0 0.0 120130.3 107266.0 31507.8 23557.0 38.4 34.0 21632.7 14910.0 210768.2 166443.0
2019 4 4 2372.7 2324.0 1466.2 1094.0 15453.5 13781.0 8310.4 4767.0 509.2 280.0 4533.8 2175.0 0.0 0.0 120130.3 126704.0 26812.6 27826.0 32.1 40.0 17700.6 17611.0 197321.4 196602.0
2019 4 5 2999.4 2174.0 1419.0 991.0 20137.9 12570.0 7529.0 4474.0 747.7 261.0 3666.7 2034.0 0.0 0.0 130490.3 116760.0 23826.1 25642.0 32.8 37.0 17896.3 16229.0 208745.3 181172.0
2019 4 6 3272.9 2790.0 1437.4 1251.0 20340.6 15720.0 7412.3 5710.0 647.4 335.0 3619.9 2604.0 0.0 0.0 123549.2 147397.0 23341.2 32371.0 31.4 46.0 17613.3 20488.0 201265.8 228712.0
2019 4 7 3713.4 2583.0 1615.2 1157.0 21791.8 14517.0 8279.2 5284.0 635.1 310.0 3975.1 2410.0 0.0 0.0 123212.1 136245.0 24818.0 29922.0 31.7 43.0 15766.0 18938.0 203837.5 211409.0
2019 4 8 2632.8 2479.0 1619.6 1109.0 17086.8 13918.0 8205.8 5071.0 643.8 297.0 3975.3 2312.0 0.0 0.0 121201.6 130677.0 25631.4 28699.0 35.8 41.0 19209.7 18164.0 200242.4 202767.0
2019 4 9 2392.2 2415.0 1686.2 1081.0 15932.5 13493.0 8622.1 4938.0 540.6 289.0 4110.3 2252.0 0.0 0.0 118888.9 126954.0 26295.8 27881.0 40.9 40.0 18739.3 17646.0 197248.8 196989.0
2019 4 10 2308.6 2370.0 1533.9 1062.0 15531.0 13263.0 7891.4 4841.0 591.1 284.0 3635.9 2208.0 0.0 0.0 129433.0 124666.0 24352.1 27379.0 37.9 39.0 19935.1 17328.0 205250.1 193440.0
2019 4 11 2372.7 2728.0 1570.0 1220.0 15453.5 15231.0 8171.4 5563.0 509.2 326.0 3727.4 2536.0 0.0 0.0 120130.3 143217.0 24284.7 31453.0 36.1 45.0 17320.4 19907.0 193575.8 222226.0
2019 4 12 2297.2 2431.0 1481.0 1203.0 15239.9 15065.0 7218.8 5614.0 502.5 329.0 3055.3 2560.0 0.0 0.0 121956.2 141129.0 21674.8 30994.0 36.3 44.0 20107.6 19616.0 193569.6 218985.0
2019 4 13 2150.2 1831.0 1383.5 986.0 14743.4 12351.0 6797.6 4724.0 502.5 269.0 2885.7 2153.0 0.0 0.0 119368.7 115770.0 20162.6 25425.0 33.2 36.0 17970.1 16092.0 185997.5 179637.0
2019 4 14 3058.6 2101.0 1521.4 1169.0 20089.6 14456.0 7500.5 5790.0 646.6 328.0 3153.8 2603.0 0.0 0.0 120206.2 137208.0 21050.0 30133.0 33.2 43.0 15996.8 19071.0 193256.7 212902.0
2019 4 15 2128.2 2130.0 1532.3 1184.0 14536.2 14640.0 7363.1 5870.0 540.6 332.0 3116.2 2639.0 0.0 0.0 117965.0 139021.0 22491.8 30531.0 39.3 44.0 23500.7 19323.0 193213.5 215714.0
2019 4 16 2783.1 1785.0 1577.9 947.0 17605.5 11238.0 7751.7 4935.0 580.1 279.0 3266.5 2218.0 0.0 0.0 119795.0 111037.0 22680.9 24385.0 38.2 35.0 21283.7 15434.0 197362.6 172293.0
2019 4 17 3094.4 1711.0 1485.1 964.0 19396.7 11482.0 7350.9 5068.0 509.2 287.0 3074.7 2276.0 0.0 0.0 133052.6 113046.0 22302.1 24827.0 40.0 36.0 25079.9 15713.0 215385.7 175410.0
2019 4 18 2372.7 2144.0 1450.8 1280.0 15453.5 15430.0 7250.5 6652.0 509.2 391.0 3014.8 3069.0 0.0 0.0 121304.9 150287.0 21011.6 33005.0 36.3 47.0 20808.9 20889.0 193213.3 233194.0
2019 4 19 2688.1 1947.0 1432.2 1162.0 18012.4 14011.0 7128.6 6037.0 554.1 355.0 2971.4 2786.0 0.0 0.0 123247.0 136434.0 21282.4 29963.0 38.0 43.0 23489.3 18964.0 200843.6 211702.0
2019 4 20 2626.6 2414.0 1305.0 1445.0 17072.7 17371.0 6536.0 7574.0 554.1 440.0 2736.0 3449.0 0.0 0.0 106541.2 169620.0 19966.1 37251.0 36.6 53.0 23582.6 23577.0 180956.8 263194.0
2019 4 21 2384.1 1538.0 1471.7 923.0 15568.2 11096.0 7529.1 4832.0 503.5 280.0 3104.2 2201.0 0.0 0.0 120491.4 108280.0 20731.9 23780.0 34.6 34.0 18648.4 15050.0 190467.2 168014.0
2019 4 22 2343.9 1972.0 1496.8 1182.0 14224.3 14215.0 7532.9 6190.0 521.4 359.0 3121.0 2819.0 0.0 0.0 124785.3 138719.0 22385.1 30465.0 41.4 44.0 26654.9 19281.0 203107.0 215246.0
2019 4 23 2321.9 1948.0 1518.1 1168.0 15408.4 14060.0 7734.6 6115.0 631.6 355.0 3204.0 2785.0 0.0 0.0 129097.7 137139.0 22411.9 30118.0 39.3 43.0 23924.3 19062.0 206292.0 212793.0
2019 4 24 2308.6 1806.0 1575.4 1083.0 15531.0 13035.0 8281.1 5670.0 519.9 329.0 3337.6 2579.0 0.0 0.0 129433.0 127112.0 22467.7 27916.0 37.1 40.0 21450.6 17668.0 204942.0 197238.0
2019 4 25 1624.6 2452.0 1430.7 1471.0 11728.7 17700.0 7559.5 7697.0 504.7 445.0 3008.6 3493.0 0.0 0.0 122397.5 172557.0 20769.2 37896.0 35.1 54.0 20239.7 23985.0 189298.3 267750.0
2019 4 26 1549.1 1918.0 1335.3 1147.0 11515.0 13802.0 6989.3 6006.0 492.6 347.0 2810.4 2723.0 0.0 0.0 117848.5 134601.0 19725.9 29561.0 34.9 42.0 22307.3 18709.0 184608.3 208856.0
2019 4 27 2180.3 1792.0 1329.8 1057.0 14750.1 12866.0 7287.0 5518.0 557.9 324.0 2870.8 2345.0 0.0 0.0 106541.2 123960.0 19971.2 27224.0 34.8 30.0 22036.2 17230.0 177559.2 192346.0
2019 4 28 2384.1 1586.0 1530.4 933.0 14987.9 11373.0 6745.6 4873.0 501.4 286.0 2265.0 2071.0 130.5 0.0 120491.4 109542.0 18984.8 24057.0 31.9 27.0 16876.1 15226.0 184929.2 169974.0
2019 4 29 1550.0 1768.0 1544.1 1040.0 10557.2 12677.0 7145.4 5430.0 477.8 319.0 2437.5 2308.0 133.4 0.0 120541.1 122095.0 20701.7 26814.0 38.2 30.0 23596.1 16971.0 188722.5 189452.0
2019 4 30 1386.2 1556.0 1594.3 915.0 10262.4 11144.0 7399.2 4765.0 426.3 279.0 2489.1 2025.0 155.2 0.0 121478.7 107277.0 21108.7 23560.0 38.3 26.0 23661.8 14911.0 190000.3 166458.0
2019 5 1 1527.7 1299.0 1636.4 959.0 10993.1 9023.0 7980.1 3941.0 446.2 228.0 2765.7 865.0 135.1 419.0 125869.7 122064.0 21393.1 19173.0 35.9 27.0 20637.6 16601.0 193420.5 174599.0
2019 5 2 1527.7 1383.0 1379.1 1017.0 10993.1 9533.0 6786.4 4202.0 456.6 243.0 2295.1 923.0 123.5 447.0 125869.7 129449.0 18422.6 20333.0 31.4 29.0 18485.7 17605.0 186370.9 185164.0
2019 5 3 2422.1 1837.0 1262.7 1339.0 15190.2 12539.0 6196.2 5566.0 477.3 321.0 2119.1 1221.0 108.1 591.0 122926.8 170783.0 16963.8 26825.0 29.4 38.0 17869.6 23227.0 185565.3 244287.0
2019 5 4 2422.1 1444.0 1426.3 995.0 15190.2 9510.0 7260.3 4379.0 428.9 252.0 2408.5 960.0 142.4 465.0 109981.9 131325.0 19560.6 20627.0 35.3 29.0 22828.0 17860.0 181684.5 187846.0
2019 5 5 1704.5 1419.0 1177.9 1001.0 11545.4 9068.0 4997.5 4304.0 416.9 248.0 983.3 943.0 333.6 457.0 123806.3 127213.0 13676.2 19981.0 27.7 28.0 20271.3 17301.0 178940.6 181963.0
2019 5 6 1704.5 1038.0 1282.5 731.0 11545.4 6609.0 5665.7 3149.0 433.8 181.0 1117.6 690.0 379.1 334.0 123333.6 92875.0 14592.7 14588.0 30.2 21.0 21043.3 12631.0 181128.5 132847.0
2019 5 7 1704.5 1670.0 1630.1 1175.0 11545.4 10611.0 6921.7 5066.0 439.6 292.0 1709.1 1110.0 334.1 538.0 123512.1 149244.0 19650.8 23442.0 38.2 33.0 24416.9 20297.0 191902.4 213478.0
2019 5 8 1527.7 1317.0 1440.9 926.0 10993.1 8354.0 6460.7 4000.0 451.8 230.0 1594.2 873.0 290.5 423.0 125869.7 117593.0 17424.8 18470.0 31.1 26.0 19326.3 15993.0 185410.8 168205.0
2019 5 9 2422.1 1405.0 1351.0 985.0 15190.2 8696.0 6278.2 4263.0 485.6 245.0 1551.9 931.0 273.8 451.0 126867.1 123814.0 16623.3 19447.0 30.2 28.0 18381.9 16839.0 189455.2 177104.0
2019 5 10 2422.1 1748.0 1224.1 1286.0 15190.2 10866.0 5669.7 5363.0 477.3 308.0 1363.5 1170.0 264.7 566.0 122926.8 155414.0 14996.7 24411.0 27.7 35.0 18124.8 21136.0 182687.5 222303.0
2019 5 11 1527.7 1240.0 1343.0 1010.0 10993.1 8472.0 6338.6 4361.0 400.0 248.0 1548.0 939.0 299.8 457.0 109901.2 122005.0 16784.9 19163.0 32.7 27.0 22135.8 16593.0 171304.6 174515.0
2019 5 12 1527.7 1021.0 1282.5 885.0 10993.1 7402.0 5665.7 3909.0 405.6 222.0 1117.6 838.0 379.1 408.0 123806.3 107117.0 14592.7 16825.0 30.2 24.0 21043.3 14568.0 180843.9 153219.0
2019 5 13 1527.7 1360.0 1335.6 1203.0 10993.1 10016.0 5675.5 5369.0 401.9 305.0 1114.4 1152.0 370.0 561.0 123333.6 145631.0 14839.2 22874.0 29.6 33.0 18982.8 19806.0 178603.2 208310.0
2019 5 14 1527.7 1164.0 1620.6 1036.0 10993.1 8540.0 6909.4 4689.0 402.1 266.0 1352.2 1003.0 460.3 489.0 123512.1 125368.0 18297.5 19691.0 38.8 28.0 26714.3 17050.0 191828.0 179324.0
2019 5 15 1429.6 1112.0 1436.4 1033.0 10993.1 8162.0 6411.5 4997.0 465.3 281.0 1278.2 1039.0 411.3 517.0 125869.7 125036.0 15858.9 19639.0 30.7 28.0 18910.3 17005.0 183095.2 178849.0
2019 5 16 1527.7 1017.0 1359.6 1029.0 10993.1 8076.0 6089.7 5109.0 456.6 284.0 1230.2 1050.0 395.8 522.0 125869.7 124634.0 15039.7 19576.0 29.6 28.0 17682.7 16950.0 180674.3 178275.0
2019 5 17 1359.6 1190.0 1271.4 1349.0 10993.1 10621.0 5763.2 6793.0 461.9 384.0 1162.9 1369.0 379.8 688.0 124769.3 163350.0 14215.1 25657.0 28.1 37.0 18415.3 22216.0 178819.9 233654.0
2019 5 18 1527.7 915.0 1342.9 1034.0 10993.1 8143.0 6020.9 5207.0 394.4 294.0 1214.7 1050.0 410.5 527.0 111396.4 125239.0 15446.8 19671.0 33.6 28.0 23438.3 17033.0 172219.3 179141.0
2019 5 19 1429.6 773.0 1434.5 873.0 10993.1 6883.0 6649.4 4392.0 419.2 248.0 1347.6 885.0 428.6 445.0 126524.1 105764.0 15690.9 16612.0 29.4 24.0 16945.9 14384.0 181892.4 151283.0
2019 5 20 1527.7 941.0 1358.5 1062.0 10993.1 8378.0 6006.7 5345.0 396.3 302.0 1212.4 1078.0 397.6 541.0 123333.6 128724.0 15125.1 20219.0 30.7 29.0 19371.2 17507.0 179752.8 184126.0
2019 5 21 1359.6 890.0 1610.7 1003.0 10993.1 7908.0 7090.8 5043.0 421.2 285.0 1421.9 1016.0 477.8 511.0 123512.1 121487.0 18149.5 19082.0 38.7 27.0 25974.1 16522.0 191049.4 173774.0
2019 5 22 1201.6 850.0 1445.1 958.0 9957.3 7558.0 6507.3 4823.0 465.3 273.0 1313.9 972.0 425.8 488.0 129733.1 116135.0 15836.3 18241.0 31.0 26.0 18453.6 15794.0 185370.3 166118.0
2019 5 23 1201.6 912.0 1396.5 1016.0 9957.3 8016.0 6238.8 5100.0 470.2 288.0 1279.1 1027.0 409.0 516.0 129733.1 123092.0 15118.5 19334.0 29.7 28.0 15829.6 16741.0 181663.4 176070.0
2019 5 24 1359.6 1092.0 1392.9 1212.0 10993.1 9557.0 6283.7 6092.0 461.9 344.0 1280.5 1227.0 424.8 617.0 124769.3 146911.0 15513.3 23075.0 30.9 33.0 20509.8 19980.0 183019.8 210140.0
2019 5 25 1359.6 851.0 1416.9 944.0 10993.1 7436.0 6292.5 4748.0 413.6 268.0 1279.7 956.0 430.3 495.0 111396.4 114498.0 15879.3 17984.0 33.6 26.0 21743.8 15572.0 171238.7 163778.0
2019 5 26 1254.1 684.0 1530.0 759.0 9957.3 5985.0 7008.7 3820.0 419.2 216.0 1429.6 769.0 459.1 399.0 126524.1 92144.0 16566.0 14473.0 31.3 21.0 17420.4 12532.0 182599.8 131802.0
2019 5 27 1201.6 976.0 1438.7 1082.0 9957.3 8533.0 6289.8 5448.0 415.5 308.0 1250.8 1097.0 459.6 568.0 133034.0 131374.0 15935.6 20635.0 32.4 29.0 20088.7 17867.0 190103.9 187917.0
2019 5 28 1201.6 910.0 1679.8 1008.0 9957.3 7931.0 7281.2 5081.0 431.7 287.0 1402.5 1023.0 798.2 530.0 133212.5 122319.0 18868.5 19213.0 38.9 27.0 26228.9 16635.0 201101.0 174964.0
2019 5 29 1201.6 909.0 1386.9 1006.0 9957.3 7919.0 6236.3 5070.0 475.8 287.0 1178.5 1022.0 775.2 529.0 133212.5 122117.0 15364.0 19181.0 28.9 27.0 20233.7 16608.0 190050.7 174675.0
2019 5 30 1201.6 922.0 1397.2 1020.0 9957.3 8021.0 6086.4 5107.0 470.2 290.0 1162.8 969.0 732.1 669.0 129733.1 123911.0 14734.1 19463.0 26.9 18.0 16328.9 16852.0 181830.6 177242.0
2019 5 31 1201.6 1196.0 1361.5 1363.0 9957.3 10376.0 5958.2 6616.0 461.9 331.0 1134.2 1133.0 716.6 1683.0 128632.7 165560.0 14678.4 26003.0 26.9 24.0 19859.9 22515.0 183989.3 236800.0
2019 6 1 742.5 730.0 1446.7 1008.0 7853.8 6160.0 6314.8 4051.0 441.6 202.0 1166.0 710.0 747.1 1241.0 89382.8 122918.0 15539.4 18024.0 30.9 18.0 22056.8 19906.0 145722.4 174968.0
2019 6 2 792.9 617.0 1552.9 852.0 7775.2 5194.0 6812.2 3427.0 441.6 171.0 1263.4 601.0 800.3 1050.0 106411.4 103831.0 16003.0 15225.0 28.0 15.0 17363.1 16815.0 159244.0 147798.0
2019 6 3 1020.3 698.0 1459.3 963.0 9580.9 5867.0 6325.1 3873.0 549.0 193.0 1144.0 679.0 790.2 1186.0 107730.4 117321.0 15586.8 17203.0 29.7 17.0 22193.0 18999.0 166408.6 166999.0
2019 6 4 1172.6 676.0 1668.1 943.0 9991.4 5676.0 7150.9 3776.0 557.6 187.0 1260.8 657.0 1113.0 1148.0 114840.8 113870.0 17552.8 16697.0 32.9 17.0 22741.3 18440.0 178082.3 162087.0
2019 6 5 1163.1 692.0 1442.2 955.0 9991.4 5795.0 6398.7 3849.0 557.6 192.0 1091.9 674.0 1121.4 1178.0 114638.8 116241.0 14885.3 17045.0 25.9 17.0 19288.8 18824.0 170605.1 165462.0
2019 6 6 1163.1 839.0 1390.8 1159.0 9991.4 6892.0 6124.1 4661.0 557.6 233.0 1008.0 816.0 1275.5 1426.0 118846.9 139696.0 14496.3 20484.0 23.3 21.0 26615.0 22623.0 181492.1 198850.0
2019 6 7 1152.0 646.0 1433.9 952.0 9252.7 5082.0 6042.2 3484.0 505.5 173.0 1031.7 606.0 1061.2 1059.0 111986.8 104616.0 14266.2 15340.0 23.7 15.0 19671.8 16942.0 166427.6 148915.0
2019 6 8 958.5 608.0 1404.3 989.0 8201.8 4775.0 6046.2 3279.0 456.1 162.0 1033.0 570.0 1032.4 997.0 92227.9 99200.0 14440.3 14546.0 27.7 15.0 22823.6 16065.0 148651.8 141206.0
2019 6 9 849.2 544.0 1436.4 883.0 7853.8 4247.0 5907.4 2936.0 443.6 145.0 1019.3 511.0 1021.1 892.0 106464.5 88546.0 14086.6 12984.0 25.0 13.0 20623.1 14339.0 159730.0 126040.0
2019 6 10 1080.2 749.0 1508.8 1206.0 9659.4 5748.0 6050.6 4039.0 681.8 200.0 1016.9 703.0 1092.6 1228.0 107672.0 120917.0 14921.8 17730.0 631.0 18.0 23300.0 19582.0 167615.2 172120.0
2019 6 11 1068.3 625.0 1747.4 1112.0 9659.4 4718.0 7033.0 3374.0 681.8 167.0 1172.1 586.0 1327.8 1025.0 112957.2 101176.0 16774.4 14836.0 698.9 15.0 21281.2 16385.0 174401.5 144019.0
2019 6 12 1111.1 657.0 1511.2 1204.0 9659.4 5056.0 6369.5 3697.0 681.8 183.0 1052.4 642.0 1283.7 1122.0 112363.8 109488.0 14369.0 16054.0 610.2 16.0 20594.4 17731.0 169606.6 155850.0
2019 6 13 1111.1 726.0 1407.8 1301.0 9659.4 5550.0 5905.7 4249.0 681.8 210.0 975.2 738.0 1178.8 1290.0 117751.6 122596.0 13067.2 17976.0 606.7 18.0 16737.2 19853.0 169082.5 174507.0
2019 6 14 1022.7 716.0 1450.1 1297.0 8842.2 5384.0 5918.5 4380.0 477.8 216.0 972.9 761.0 1203.6 1330.0 108787.0 122765.0 13600.6 18001.0 554.0 18.0 21085.4 19881.0 163914.9 174749.0
2019 6 15 742.5 600.0 1420.0 1168.0 7853.8 4811.0 5985.2 4005.0 441.6 195.0 977.4 690.0 1209.4 1206.0 89382.8 110486.0 13613.1 16201.0 718.9 16.0 23126.7 17892.0 145471.3 157270.0
2019 6 16 884.1 470.0 1438.7 1022.0 7853.8 4172.0 5811.4 3515.0 422.2 172.0 951.2 601.0 1170.2 1059.0 106464.5 95971.0 13203.8 14072.0 579.8 14.0 21449.3 15542.0 160229.0 136610.0
2019 6 17 1080.2 586.0 1520.0 1274.0 9659.4 5207.0 6003.6 4383.0 681.8 214.0 981.6 750.0 1218.9 1320.0 107689.4 119714.0 14066.9 17554.0 1199.1 18.0 23541.8 19387.0 167642.5 170407.0
2019 6 18 783.1 539.0 1669.0 1161.0 7782.0 4749.0 6591.7 3974.0 530.1 195.0 1082.0 683.0 1322.4 1205.0 111971.4 109017.0 14950.6 15985.0 1264.7 16.0 21373.9 17654.0 169320.7 155178.0
2019 6 19 953.7 549.0 1570.8 1207.0 8991.2 4927.0 6287.2 4141.0 530.1 209.0 1023.6 715.0 1243.0 1263.0 113036.1 113412.0 14073.1 16630.0 1376.7 17.0 20071.9 18366.0 169157.4 161436.0
2019 6 20 996.2 544.0 1436.3 1197.0 9580.9 4877.0 5759.2 4114.0 549.0 207.0 938.9 708.0 1134.0 1251.0 118325.0 112429.0 12773.0 16486.0 1286.4 17.0 17043.0 18207.0 169821.8 160037.0
2019 6 21 956.3 666.0 1432.6 1467.0 8391.5 5981.0 5614.8 5049.0 562.9 253.0 903.6 867.0 1132.1 1530.0 111916.5 137836.0 13028.7 20211.0 1078.2 20.0 22791.0 22321.0 167808.2 196201.0
2019 6 22 771.1 516.0 1506.1 1135.0 7212.2 4635.0 6039.9 3902.0 441.8 196.0 972.9 671.0 1194.9 1184.0 89733.9 106685.0 13565.4 15643.0 1322.2 16.0 21375.8 17277.0 144136.3 151860.0
2019 6 23 668.8 461.0 1696.3 1011.0 6786.3 4119.0 6647.5 3486.0 439.4 175.0 1072.8 600.0 1295.5 1058.0 105887.1 95098.0 14552.1 13944.0 1176.7 14.0 19186.8 15400.0 159409.1 135366.0
2019 6 24 904.2 576.0 1575.9 1261.0 8991.2 5141.0 6027.2 4354.0 530.1 219.0 964.7 749.0 1190.8 1322.0 104380.6 118743.0 13861.8 17412.0 1788.9 17.0 22270.0 19229.0 162485.4 169023.0
2019 6 25 927.1 523.0 1753.2 1144.0 8991.2 4667.0 6655.9 3948.0 530.1 198.0 1056.8 679.0 1388.0 1199.0 111813.5 107724.0 15477.4 15796.0 1889.6 16.0 26303.6 17445.0 176786.3 153339.0
2019 6 26 1035.6 583.0 1591.6 1275.0 9269.2 5202.0 6112.1 4406.0 618.5 221.0 959.0 758.0 1304.8 1337.0 113176.4 120134.0 13880.7 17615.0 1950.2 18.0 20868.1 19455.0 170766.4 171004.0
2019 6 27 1111.1 584.0 1511.1 1274.0 9659.4 5168.0 5775.5 4416.0 681.8 222.0 873.1 759.0 1396.6 1340.0 117751.6 119971.0 13014.9 17592.0 1982.4 18.0 17621.9 19428.0 171379.4 170772.0
2019 6 28 1007.1 748.0 1485.6 1685.0 8530.5 6619.0 5160.7 5569.0 610.1 284.0 764.3 902.0 1360.6 2248.0 112788.4 157292.0 15064.4 23064.0 3180.8 13.0 22641.3 25472.0 172593.8 223896.0
2019 6 29 697.5 531.0 1498.0 1229.0 7066.2 4737.0 5342.5 3960.0 455.5 202.0 794.7 640.0 1387.0 1595.0 89673.6 112330.0 15090.4 16471.0 3866.2 10.0 21726.4 18191.0 147598.0 159896.0
2019 6 30 884.1 441.0 1664.2 961.0 7853.8 3934.0 5978.8 3267.0 422.2 155.0 883.2 510.0 1528.3 1593.0 106464.5 87039.0 16540.6 12877.0 3321.7 7.0 18479.4 14222.0 164020.8 125006.0
2019 7 1 766.2 495.0 1517.4 1287.0 7875.1 4322.0 5577.5 3614.0 525.0 175.0 817.6 468.0 1429.0 2002.0 105024.3 112133.0 15171.6 22686.0 4231.9 10.0 21462.3 20317.0 164397.9 167509.0
2019 7 2 813.8 447.0 1758.3 1075.0 7875.1 3869.0 6374.2 3261.0 501.8 158.0 926.6 422.0 1723.4 1842.0 111098.0 100443.0 17764.3 20321.0 4168.3 9.0 28146.7 18199.0 181150.5 150046.0
2019 7 3 812.5 440.0 1599.4 1048.0 7875.1 3807.0 5882.9 3240.0 493.3 155.0 838.9 415.0 1635.2 1812.0 110673.9 99019.0 16030.0 20033.0 5314.0 9.0 21152.0 17941.0 172307.1 147919.0
2019 7 4 897.1 454.0 1621.6 1074.0 7875.1 3886.0 5926.1 3334.0 590.7 159.0 809.9 427.0 1816.5 1864.0 119073.5 101585.0 16001.5 20552.0 5301.3 9.0 15551.7 18406.0 175465.0 151750.0
2019 7 5 892.6 645.0 1453.1 1517.0 7875.1 5456.0 4804.9 4728.0 566.5 226.0 641.5 606.0 1633.9 2644.0 111455.2 143539.0 16616.4 29039.0 5592.9 16.0 21983.0 26007.0 173515.1 214423.0
2019 7 6 636.7 447.0 1370.3 1041.0 6867.6 3692.0 4625.3 3278.0 441.4 157.0 617.5 420.0 1570.1 1831.0 91204.7 98579.0 15693.3 19943.0 6328.6 11.0 21487.1 17861.0 150842.4 147260.0
2019 7 7 681.1 368.0 1632.3 839.0 6867.6 2959.0 5529.6 2699.0 441.4 129.0 738.6 346.0 1848.6 1509.0 107567.8 80279.0 18377.3 16241.0 6497.2 9.0 18474.3 14545.0 168655.7 119923.0
2019 7 8 736.5 492.0 1492.8 1118.0 7875.1 3941.0 5047.0 3609.0 493.3 173.0 671.0 462.0 1702.7 2017.0 104013.9 107158.0 16915.5 21679.0 6348.9 12.0 21514.7 19416.0 166811.3 160077.0
2019 7 9 803.2 443.0 1818.8 1015.0 7875.1 3539.0 6087.3 3245.0 605.2 155.0 801.7 416.0 2167.5 1814.0 103203.6 96410.0 20869.9 19505.0 6979.7 11.0 30137.8 17468.0 181349.8 144021.0
2019 7 10 632.5 456.0 1623.3 1057.0 5806.2 3566.0 5469.6 3330.0 438.3 159.0 705.9 426.0 2030.6 1861.0 113603.7 98479.0 18583.3 19923.0 7728.5 11.0 23734.7 17843.0 180356.6 147111.0
2019 7 11 597.7 475.0 1570.8 1106.0 5806.2 3734.0 5406.1 3486.0 372.4 167.0 699.6 446.0 2008.1 1948.0 103611.4 103083.0 17469.3 20855.0 6997.0 11.0 15088.0 18677.0 159626.7 153988.0
2019 7 12 597.7 639.0 1452.9 1592.0 5806.2 5306.0 4703.7 5069.0 372.4 244.0 584.4 653.0 1874.5 2848.0 101981.2 148337.0 17714.1 30010.0 7049.2 16.0 22806.0 26877.0 164942.4 221591.0
2019 7 13 498.9 589.0 1400.6 1452.0 5664.3 4786.0 4644.3 4648.0 372.4 224.0 571.7 600.0 1873.7 2618.0 79880.4 135339.0 17203.8 27380.0 8946.7 15.0 21762.2 24522.0 142819.0 202173.0
2019 7 14 543.3 384.0 1593.0 978.0 5664.3 3225.0 5346.3 3142.0 372.4 151.0 668.6 403.0 2077.6 1760.0 94159.8 91127.0 19065.9 18436.0 8533.4 10.0 17382.0 16511.0 155406.6 136127.0
2019 7 15 603.3 517.0 1550.4 1310.0 5806.2 4339.0 5152.0 4252.0 376.2 204.0 638.2 546.0 2058.1 2382.0 99510.0 122934.0 18851.3 24871.0 8602.6 13.0 22800.1 22274.0 165948.5 183642.0
2019 7 16 569.4 428.0 1722.9 1079.0 5806.2 3432.0 5701.6 3588.0 376.2 171.0 716.1 459.0 2309.0 2004.0 101130.9 101262.0 21025.6 20486.0 9064.5 11.0 26287.9 18347.0 174710.2 151267.0
2019 7 17 717.2 412.0 1694.6 1030.0 6709.2 3211.0 5654.6 3456.0 605.2 165.0 709.2 443.0 2318.8 1932.0 101029.6 96603.0 20750.9 19544.0 10527.8 11.0 26039.6 17503.0 176756.8 144310.0
2019 7 18 717.2 521.0 1504.1 1395.0 6709.2 4306.0 5108.7 4753.0 605.2 225.0 646.2 601.0 2034.9 2629.0 103611.4 130911.0 17950.4 26485.0 9734.5 14.0 15919.9 23719.0 164541.6 195559.0
2019 7 19 632.5 350.0 1439.4 1039.0 5806.2 3217.0 4840.2 3556.0 458.0 156.0 611.9 450.0 1945.0 1976.0 110109.7 97472.0 17511.8 19719.0 6966.2 11.0 20502.7 17661.0 170823.5 145607.0
2019 7 20 533.7 459.0 1428.8 1362.0 5664.3 4219.0 4835.1 4663.0 450.9 204.0 606.8 589.0 1989.0 2590.0 83581.1 127800.0 17435.1 25855.0 9460.3 14.0 21195.1 23156.0 147180.1 190911.0
2019 7 21 578.0 275.0 1682.9 817.0 5664.3 2530.0 5759.0 2797.0 450.9 123.0 731.3 354.0 2281.9 1554.0 98187.0 76654.0 20025.7 15508.0 9582.7 8.0 17682.8 13889.0 162626.6 114509.0
2019 7 22 638.1 327.0 1590.2 970.0 5806.2 3005.0 5355.8 3325.0 458.0 146.0 672.0 420.0 2180.5 1847.0 98272.7 91079.0 19330.5 18426.0 8619.3 10.0 24263.2 16502.0 167186.5 136057.0
2019 7 23 604.1 327.0 1659.3 973.0 5806.2 3029.0 5599.1 3333.0 458.0 146.0 713.7 421.0 2275.0 1847.0 101525.0 91418.0 19961.2 18495.0 9025.8 10.0 21895.1 16564.0 169522.6 136563.0
2019 7 24 574.4 358.0 1781.8 1063.0 5688.8 3291.0 5964.2 3673.0 441.3 158.0 758.9 457.0 2494.2 2006.0 111369.1 99853.0 21718.1 20201.0 10793.1 11.0 27833.6 18092.0 189417.4 149163.0
2019 7 25 589.0 432.0 1429.5 1283.0 5688.8 3973.0 4849.3 4434.0 441.3 191.0 619.5 552.0 1960.7 2422.0 110312.7 120536.0 16921.3 24385.0 8921.8 13.0 14659.3 21839.0 166393.2 180060.0
2019 7 26 589.0 329.0 1481.5 976.0 5688.8 3028.0 4925.2 3380.0 441.3 146.0 616.5 421.0 2097.1 1846.0 105248.2 91861.0 17913.6 18584.0 8123.5 10.0 20811.0 16644.0 167935.6 137225.0
2019 7 27 459.4 443.0 1516.8 1308.0 5546.8 4075.0 5023.2 4555.0 434.3 196.0 619.9 566.0 2184.7 2485.0 83581.1 123644.0 18437.7 25014.0 11476.7 14.0 22793.6 22403.0 152074.0 184703.0
2019 7 28 503.8 243.0 1713.2 707.0 5546.8 2212.0 5696.1 2406.0 434.3 108.0 710.4 280.0 2409.5 1418.0 98187.0 66857.0 20326.1 13526.0 10422.2 4.0 18299.4 12114.0 164248.8 99875.0
2019 7 29 488.3 356.0 1625.2 1039.0 5220.0 3269.0 5293.7 3555.0 396.5 159.0 647.9 380.0 2385.5 2096.0 98556.5 98406.0 19652.2 19909.0 13303.7 6.0 26800.2 17830.0 174369.7 147005.0
2019 7 30 513.4 341.0 1550.4 997.0 5688.8 3132.0 5219.5 3425.0 441.3 152.0 653.9 364.0 2324.1 2007.0 101266.3 94457.0 18672.0 19110.0 13495.8 6.0 18245.2 17115.0 168070.6 141106.0
2019 7 31 589.0 347.0 1714.2 1009.0 5688.8 3183.0 5698.6 3438.0 441.3 155.0 708.7 369.0 2590.3 2040.0 109569.8 95552.0 21070.7 19332.0 15016.7 6.0 27266.9 17313.0 190355.0 142744.0
2019 8 1 535.2 385.0 1481.1 1358.0 5692.0 3470.0 5066.1 3778.0 510.3 193.0 643.7 396.0 2264.8 2469.0 104569.1 121185.0 17581.2 24316.0 13375.1 13056.0 13441.4 22604.0 165160.0 193210.0
2019 8 2 591.8 282.0 1319.5 985.0 6138.9 2537.0 4386.3 2765.0 591.5 141.0 543.9 290.0 2038.1 1808.0 105553.2 88589.0 16022.7 17775.0 10388.6 9544.0 18924.3 16524.0 166498.9 141240.0
2019 8 3 542.7 382.0 1429.6 1337.0 6221.3 3386.0 4680.5 3742.0 600.9 280.0 575.3 392.0 2197.3 2446.0 83787.2 120323.0 17424.1 24143.0 13589.7 12963.0 21665.4 22444.0 152713.9 191838.0
2019 8 4 464.1 240.0 1651.7 838.0 5692.0 2107.0 5470.0 2357.0 442.7 176.0 676.8 247.0 2530.6 1541.0 97883.3 75503.0 19750.6 15150.0 13805.8 8134.0 18610.4 14083.0 166978.0 120376.0
2019 8 5 454.2 282.0 1604.6 978.0 4920.7 2441.0 5141.9 2768.0 353.3 207.0 622.7 290.0 2527.0 1809.0 103737.3 88255.0 19498.4 17708.0 18031.5 9508.0 26868.9 16462.0 183760.5 140708.0
2019 8 6 425.4 297.0 1556.8 1023.0 4920.7 2541.0 5256.6 2910.0 319.6 218.0 645.9 305.0 2548.7 1902.0 104634.6 92484.0 18933.3 18557.0 18217.0 9964.0 18562.1 17251.0 176020.7 147452.0
2019 8 7 535.2 296.0 1584.2 1012.0 5641.4 2495.0 5214.0 2899.0 494.8 217.0 634.6 304.0 2548.7 1895.0 106141.0 91706.0 19474.4 18401.0 17502.0 9880.0 26274.1 17106.0 186044.4 146211.0
2019 8 8 586.6 392.0 1456.9 1327.0 6138.9 3307.0 4997.6 3841.0 591.5 288.0 615.7 402.0 2387.8 2512.0 108640.7 121385.0 17190.7 24356.0 15563.1 13077.0 11614.9 22642.0 169784.3 193529.0
2019 8 9 640.4 292.0 1225.3 953.0 6221.3 2465.0 4129.4 2865.0 622.9 214.0 497.3 300.0 1991.3 1873.0 110247.0 90156.0 14828.1 18090.0 12154.7 9713.0 16603.6 16817.0 169161.2 143738.0
2019 8 10 542.7 371.0 1419.7 1208.0 6221.3 3105.0 4670.1 3637.0 600.9 272.0 558.2 381.0 2272.5 2378.0 82049.8 114194.0 17361.6 22913.0 16052.8 12302.0 22501.2 21300.0 154250.9 182061.0
2019 8 11 585.2 222.0 1461.8 710.0 6186.5 1837.0 4950.1 2138.0 569.0 160.0 599.6 225.0 2384.1 1401.0 96146.0 67326.0 17587.2 13509.0 15171.2 7253.0 17587.7 12558.0 163228.3 107339.0
2019 8 12 638.5 215.0 1519.7 685.0 6186.5 1777.0 4685.3 2058.0 568.6 154.0 554.7 217.0 2364.7 1350.0 102602.0 64927.0 18311.2 13027.0 20835.7 6995.0 25021.2 12111.0 183288.1 103516.0
2019 8 13 609.7 385.0 1571.2 1224.0 6186.5 3174.0 5040.1 3678.0 556.1 276.0 608.4 387.0 2509.5 2411.0 105639.9 116000.0 18780.5 23275.0 21098.5 12497.0 19335.6 21637.0 181936.0 184944.0
2019 8 14 639.2 284.0 1553.2 896.0 6186.5 2283.0 4838.9 2716.0 544.3 204.0 575.5 286.0 2445.8 1780.0 112802.2 84961.0 18665.3 17047.0 19676.7 9153.0 25328.0 15848.0 193255.6 135458.0
2019 8 15 639.2 285.0 1261.9 901.0 6186.5 2287.0 3935.0 2712.0 544.3 204.0 470.5 286.0 1977.4 1783.0 112090.7 85069.0 15099.0 17069.0 16745.6 9165.0 18556.0 15868.0 177506.1 135629.0
2019 8 16 639.2 305.0 1135.3 1004.0 6186.5 2556.0 3705.0 3022.0 544.3 228.0 453.4 319.0 1842.0 1991.0 112335.3 94791.0 13392.4 19020.0 8576.6 10212.0 12337.3 17681.0 161147.4 151129.0
2019 8 17 515.1 404.0 1321.0 1299.0 5959.8 3347.0 4134.5 3852.0 455.6 296.0 494.7 415.0 2096.2 2584.0 82049.8 122662.0 16020.9 24612.0 11419.3 13215.0 21491.7 22880.0 145958.5 195566.0
2019 8 18 558.7 322.0 1405.0 1012.0 5959.8 2629.0 4535.4 2949.0 455.6 232.0 553.7 325.0 2269.6 2025.0 96146.0 95494.0 16703.3 19161.0 11230.1 10288.0 16901.3 17812.0 156718.6 152249.0
2019 8 19 638.5 209.0 1492.4 652.0 6186.5 1702.0 4615.1 1892.0 568.6 150.0 554.7 211.0 2367.8 1310.0 102602.0 61610.0 18218.0 12362.0 13339.3 6637.0 25655.6 11492.0 176238.4 98227.0
2019 8 20 583.3 314.0 1501.9 971.0 5959.8 2545.0 4672.7 2777.0 451.5 231.0 568.2 319.0 2367.8 1958.0 101547.9 91683.0 17889.1 18396.0 13175.7 9877.0 20719.4 17101.0 169437.4 146172.0
2019 8 21 612.8 324.0 1540.9 999.0 5959.8 2621.0 4846.6 2859.0 439.7 238.0 593.3 329.0 2462.5 2016.0 105537.6 94389.0 18223.1 18939.0 11748.7 10169.0 21051.7 17606.0 173016.7 150489.0
2019 8 22 639.2 477.0 1421.6 1471.0 6186.5 3884.0 4463.3 4207.0 544.3 350.0 545.5 484.0 2239.8 2967.0 112090.7 139195.0 16772.2 27929.0 12149.8 14996.0 17126.1 25964.0 174179.0 221924.0
2019 8 23 612.8 363.0 1285.5 1113.0 6186.5 2939.0 4111.9 3183.0 561.8 265.0 512.3 366.0 2088.5 2245.0 106006.8 105340.0 15197.7 21136.0 9656.5 11349.0 14925.1 19649.0 161145.5 167948.0
2019 8 24 515.1 339.0 1371.2 1041.0 5959.8 2739.0 4236.4 3001.0 455.6 247.0 515.7 341.0 2172.4 2092.0 82049.8 98569.0 16547.1 19778.0 11702.7 10619.0 21590.7 18386.0 147116.4 157152.0
2019 8 25 745.6 310.0 1424.0 950.0 6870.1 2501.0 4522.1 2738.0 629.8 225.0 561.1 311.0 2301.3 1909.0 97713.2 89956.0 16913.8 18050.0 11036.6 9691.0 17695.6 16779.0 160413.1 143420.0
2019 8 26 939.0 444.0 1507.2 1360.0 8848.6 3583.0 4674.6 3923.0 729.5 322.0 572.5 446.0 2409.6 2736.0 105104.8 128882.0 18216.2 25860.0 12412.1 13885.0 23836.0 24040.0 179250.0 205481.0
2019 8 27 1007.9 338.0 1560.7 1036.0 8848.6 2731.0 4925.2 2989.0 729.5 246.0 612.1 340.0 2369.1 2084.0 112949.7 98196.0 18836.7 19703.0 12840.2 10579.0 24352.9 18316.0 189032.6 156558.0
2019 8 28 852.9 377.0 1631.6 1155.0 7939.2 3041.0 5385.6 3333.0 738.6 273.0 677.0 378.0 2298.3 2320.0 112830.1 109408.0 19481.0 21953.0 12700.7 11787.0 22034.1 20408.0 186569.1 174433.0
2019 8 29 1014.0 429.0 1421.6 1314.0 8848.6 3462.0 4820.6 3794.0 738.6 311.0 619.7 430.0 1877.4 2640.0 117167.3 124521.0 15517.5 24985.0 9990.9 13415.0 16197.0 23227.0 178213.2 198528.0
2019 8 30 939.5 571.0 1394.5 1660.0 8467.8 4605.0 4752.3 5165.0 740.6 414.0 619.4 689.0 1829.3 2518.0 109758.4 157380.0 15303.7 31578.0 8225.6 16980.0 18246.3 29356.0 170277.4 250916.0
2019 8 31 737.1 468.0 1339.7 1360.0 6801.9 3769.0 4418.2 4372.0 637.0 388.0 568.4 580.0 1754.1 1871.0 92102.0 129076.0 14806.9 25898.0 9508.0 13926.0 20081.4 24075.0 152754.7 205783.0
2019 9 1 616.7 281.0 1462.8 747.0 5536.4 2285.0 4918.2 2631.0 487.9 233.0 647.7 405.0 1900.6 815.0 112580.5 78884.0 15937.7 12570.0 9496.0 33.0 19593.9 13756.0 173178.5 112640.0
2019 9 2 963.0 441.0 1554.8 1194.0 7708.5 3586.0 5122.3 4118.0 672.7 366.0 667.7 635.0 2039.4 1278.0 118825.3 123874.0 17265.6 19739.0 10714.8 52.0 24989.9 21601.0 190524.0 176884.0
2019 9 3 809.2 370.0 1717.3 1013.0 7011.4 3067.0 5717.3 3464.0 638.8 306.0 758.3 531.0 2065.0 1070.0 113948.3 104729.0 18826.4 16688.0 11301.6 44.0 27047.8 18263.0 189841.4 149545.0
2019 9 4 618.5 387.0 1563.4 1077.0 6782.3 3343.0 5366.1 3620.0 638.8 320.0 712.0 555.0 1699.9 1118.0 110602.2 111122.0 17018.9 17707.0 10741.8 46.0 21747.1 19377.0 177490.9 158672.0
2019 9 5 744.3 378.0 1422.6 1050.0 7496.4 3282.0 5067.3 3513.0 676.8 310.0 691.5 539.0 1416.9 1085.0 116487.9 108298.0 13729.4 17257.0 8064.1 45.0 14800.4 18885.0 170597.7 154642.0
2019 9 6 729.5 502.0 1537.0 1408.0 6887.4 4479.0 5319.6 4662.0 615.1 412.0 726.7 715.0 1518.2 1439.0 122040.8 145182.0 15384.4 23134.0 7298.1 61.0 22934.3 25317.0 184991.3 207311.0
2019 9 7 944.7 356.0 1412.7 1036.0 7192.7 3316.0 4762.2 3299.0 856.6 292.0 647.5 507.0 1366.6 1020.0 86523.6 104760.0 13877.4 16693.0 8486.1 44.0 22246.0 18268.0 148316.1 149591.0
2019 9 8 1007.6 285.0 1549.8 840.0 7447.8 2734.0 5282.9 2638.0 856.6 233.0 721.9 405.0 1484.7 815.0 98318.1 84770.0 15014.9 13508.0 7846.3 35.0 20198.0 14782.0 159728.5 121045.0
2019 9 9 963.0 405.0 1499.4 1253.0 7708.5 4085.0 5025.2 3758.0 672.7 332.0 681.8 577.0 1454.0 1161.0 114450.3 123380.0 14753.5 19660.0 8345.8 52.0 22700.3 21515.0 178254.4 176178.0
2019 9 10 1052.0 367.0 1705.3 1181.0 7725.5 3607.0 5586.0 3308.0 676.8 292.0 768.6 508.0 1507.7 1022.0 117721.9 109681.0 17077.2 17477.0 8828.0 46.0 30510.7 19126.0 193159.6 156615.0
2019 9 11 974.8 369.0 1482.7 1229.0 8872.5 3737.0 4873.6 3323.0 993.1 294.0 668.7 510.0 1255.7 1027.0 115801.5 111845.0 14766.0 17822.0 9146.5 47.0 24908.9 19503.0 183744.0 159706.0
2019 9 12 793.5 352.0 1313.0 1184.0 7335.4 3692.0 3989.4 3147.0 956.0 278.0 568.0 483.0 953.1 972.0 88491.1 107785.0 11766.3 17175.0 6468.9 45.0 22913.7 18795.0 145548.4 153908.0
2019 9 13 739.6 535.0 1313.0 1597.0 6627.0 5376.0 3989.4 3975.0 945.5 345.0 568.0 601.0 953.1 1208.0 86684.6 145421.0 11766.3 23172.0 6468.9 61.0 22913.7 25358.0 142969.1 207649.0
2019 9 14 611.8 439.0 1313.0 1203.0 5655.6 4007.0 3989.4 2954.0 820.4 256.0 568.0 446.0 953.1 896.0 74731.6 109471.0 11766.3 17434.0 6468.9 46.0 22913.7 19079.0 129791.8 156231.0
2019 9 15 882.4 447.0 1643.9 1026.0 7447.8 3400.0 5420.6 2486.0 846.1 215.0 769.9 375.0 1271.1 751.0 99764.0 93375.0 14496.2 14871.0 6428.7 39.0 19938.2 16274.0 158908.9 133259.0
2019 9 16 862.8 498.0 1565.2 1136.0 8245.3 3780.0 5100.9 2741.0 678.5 237.0 720.8 414.0 1198.9 829.0 114422.7 103392.0 13878.2 16466.0 6963.1 43.0 21862.1 18020.0 175498.7 147556.0
2019 9 17 1092.3 508.0 1733.7 1156.0 9101.6 3855.0 5452.8 2785.0 993.1 240.0 768.0 419.0 1289.2 840.0 114986.6 105201.0 15819.1 16754.0 6941.6 44.0 30189.8 18335.0 188367.7 150137.0
2019 9 18 974.8 728.0 1459.0 1252.0 8872.5 4148.0 4644.7 2928.0 993.1 254.0 654.5 432.0 1091.0 867.0 115801.5 113849.0 13007.2 18132.0 6714.4 48.0 22121.8 19842.0 176334.5 162480.0
2019 9 19 1081.0 732.0 1391.4 1257.0 8872.5 4169.0 4475.6 2942.0 993.1 255.0 630.8 434.0 1047.6 871.0 117934.7 114397.0 12209.9 18219.0 7214.5 48.0 18891.8 19938.0 174742.8 163262.0
2019 9 20 791.6 952.0 1364.1 1633.0 7324.8 5418.0 4248.4 3823.0 667.1 331.0 598.9 564.0 1002.7 1131.0 117583.1 148638.0 12417.4 23672.0 5565.2 62.0 23200.4 25905.0 174764.0 212129.0
2019 9 21 676.5 677.0 1436.3 1160.0 6353.4 3854.0 4553.0 2716.0 560.3 235.0 642.9 400.0 1070.7 804.0 88828.7 105658.0 12614.7 16827.0 7425.6 44.0 20661.9 18415.0 144823.8 150790.0
2019 9 22 1007.6 574.0 1653.5 983.0 7447.8 3264.0 5296.8 2298.0 856.6 199.0 746.8 339.0 1223.3 680.0 99407.6 89469.0 14271.6 14249.0 6855.0 37.0 17260.1 15593.0 156026.7 127685.0
2019 9 23 1024.4 716.0 1537.0 1227.0 8245.3 4080.0 4836.3 2869.0 678.5 249.0 678.4 423.0 1121.6 849.0 114487.3 111740.0 13441.9 17796.0 6786.9 47.0 19845.2 19474.0 172682.8 159470.0
2019 9 24 951.9 459.0 1745.9 787.0 8262.3 2617.0 5346.2 1840.0 682.6 159.0 766.6 271.0 1227.8 544.0 116689.2 71665.0 15561.9 11413.0 6669.4 30.0 26100.6 12490.0 184004.2 102275.0
2019 9 25 974.8 489.0 1608.7 839.0 8872.5 2789.0 4940.7 1961.0 993.1 170.0 740.5 289.0 1102.5 580.0 115801.5 76378.0 14213.3 12164.0 6520.0 32.0 22400.9 13312.0 178168.7 109003.0
2019 9 26 955.8 552.0 1526.8 945.0 8872.5 3143.0 4866.3 2210.0 993.1 192.0 748.3 326.0 1031.7 654.0 118291.1 86072.0 13101.5 13708.0 7365.5 36.0 16763.9 15001.0 174516.5 122839.0
2019 9 27 1027.1 711.0 1498.8 1220.0 8164.1 4061.0 4778.8 2850.0 977.6 247.0 758.9 420.0 997.0 843.0 114972.0 111097.0 13167.9 17693.0 5428.0 46.0 19131.0 19362.0 170901.2 158550.0
2019 9 28 721.4 855.0 1336.8 1483.0 6353.4 4938.0 5279.9 3458.0 560.3 296.0 1249.4 756.0 614.1 776.0 88226.1 135052.0 12291.4 21509.0 5176.8 81.0 18547.6 23538.0 140357.1 192742.0
2019 9 29 739.4 616.0 1554.7 902.0 6608.5 3490.0 5987.3 2483.0 560.3 216.0 1371.6 543.0 719.8 450.0 102018.7 81140.0 14009.2 13090.0 5158.1 49.0 17092.6 14325.0 155820.1 117304.0
2019 9 30 2375.8 802.0 1492.7 1175.0 13961.8 4550.0 5698.3 3235.0 823.4 281.0 1344.4 715.0 657.7 586.0 114487.3 105809.0 13795.1 17070.0 5041.1 64.0 21696.6 18681.0 181374.1 152968.0
