year month house_pred house_true house_mape houseCooking_pred houseCooking_true houseCooking_mape houseJHeating_pred houseJHeating_true houseJHeating_mape salesOne_pred salesOne_true salesOne_mape salesTwo_pred salesTwo_true salesTwo_mape bizHeating_pred bizHeating_true bizHeating_mape bizCooling_pred bizCooling_true bizCooling_mape industry_pred industry_true industry_mape heatFacility_pred heatFacility_true heatFacility_mape heatCombined_pred heatCombined_true heatCombined_mape CNG_pred CNG_true CNG_mape pred_sum true_sum sum_mape
2018 10 48138.5 63091.0 23.7 44722.3 39720.0 12.6 380702.3 380302.0 0.1 250638.9 178003.0 40.8 14944.6 15431.0 3.2 75385.1 66349.0 13.6 5318.1 0.0 -1.0 3324993.6 3716197.0 10.5 385984.2 659868.0 41.5 80811.4 1616.0 4900.7 571757.0 538942.0 6.1 5183396.2 5659519.0 8.41
2018 11 91167.6 107212.0 15.0 43432.3 38189.0 13.7 588489.4 569040.0 3.4 296437.6 174636.0 69.7 14484.6 16059.0 9.8 172618.2 104435.0 65.3 0.0 0.0 -1.0 3613101.9 3850975.0 6.2 554681.6 1178069.0 52.9 307084.6 1040.0 29427.4 561768.3 546473.0 2.8 6243266.1 6586128.0 5.21
2018 12 166695.9 218707.0 23.8 46851.4 35607.0 31.6 995876.2 1072246.0 7.1 322162.0 236824.0 36.0 23107.8 25656.0 9.9 272977.5 205142.0 33.1 0.0 0.0 -1.0 4362185.9 4092284.0 6.6 1059136.1 1677154.0 36.8 112339.6 4237.0 2551.4 705535.1 574297.0 22.9 8066867.4 8142154.0 0.92
2019 1 202678.1 219758.0 7.8 47902.9 37444.0 27.9 1101275.6 1199917.0 8.2 310717.8 253619.0 22.5 27326.7 19356.0 41.2 257919.7 243799.0 5.8 0.0 0.0 -1.0 4376519.9 4314448.0 1.4 1451435.4 1770366.0 18.0 346.6 102.0 239.8 639210.6 544487.0 17.4 8415333.3 8603296.0 2.18
2019 2 181296.5 189619.0 4.4 44744.5 32890.0 36.0 946895.7 1057353.0 10.4 269895.8 219773.0 22.8 24569.4 17135.0 43.4 217935.5 200004.0 9.0 0.0 0.0 -1.0 3819690.8 3440559.0 11.0 1308114.2 1646150.0 20.5 901.8 0.0 -1.0 575768.4 488293.0 17.9 7389812.6 7291776.0 1.34
2019 3 133053.5 120261.0 10.6 49000.5 35979.0 36.2 735770.1 687033.0 7.1 290953.7 207540.0 40.2 21391.3 12906.0 65.7 201703.0 146748.0 37.4 0.0 0.0 -1.0 4040806.7 3845098.0 5.1 1097098.7 1255293.0 12.6 899.3 661.0 36.1 630070.3 544870.0 15.6 7200747.2 6856389.0 5.02
2019 4 73059.1 62467.0 17.0 45302.1 32913.0 37.6 480239.1 405406.0 18.5 231675.6 162012.0 43.0 16556.3 9419.0 75.8 103168.9 73110.0 41.1 419.1 0.0 -1.0 3642374.9 3866781.0 5.8 693637.1 849207.0 18.3 1085.4 1182.0 8.2 618009.1 537469.0 15.0 5905526.8 5999966.0 1.57
2019 5 48041.8 35485.0 35.4 43652.1 32299.0 35.1 350945.1 268742.0 30.6 197020.4 151352.0 30.2 13623.9 8559.0 59.2 44619.5 31300.0 42.6 12426.2 16851.0 26.3 3852773.0 3972190.0 3.0 505838.7 623908.0 18.9 979.4 866.0 13.1 627696.6 540220.0 16.2 5697616.6 5681772.0 0.28
2019 6 28810.0 18440.0 56.2 45629.4 34295.0 33.0 262445.1 155090.0 69.2 184192.2 119564.0 54.1 16162.1 5951.0 171.6 30407.3 20536.0 48.1 35525.2 37882.0 6.2 3232517.0 3407062.0 5.1 436346.9 499698.0 12.7 31330.2 480.0 6427.1 636245.7 551873.0 15.3 4939611.0 4850871.0 1.83
2019 7 19809.6 13239.0 49.6 48989.5 34556.0 41.8 196143.8 113539.0 72.8 166100.4 113272.0 46.6 14296.8 5237.0 173.0 21474.5 14182.0 51.4 63229.6 63451.0 0.3 3171599.5 3242809.0 2.2 571030.4 656053.0 13.0 263155.0 331.0 79403.0 673978.0 587555.0 14.7 5209807.1 4844224.0 7.55
2019 8 19980.6 10604.0 88.4 44851.3 33832.0 32.6 199911.0 87866.0 127.5 145281.3 98920.0 46.9 17331.1 7620.0 127.4 17844.3 10991.0 62.4 69733.8 64624.0 7.9 3184515.3 3163215.0 0.7 534547.9 634696.0 15.8 421921.1 340829.0 23.8 615137.1 590027.0 4.3 5271055.0 5043224.0 4.52
2019 9 27708.3 15783.0 75.6 45395.4 34193.0 32.8 232993.8 112152.0 107.7 149935.3 92035.0 62.9 23364.4 8045.0 190.4 22587.3 14537.0 55.4 37234.6 26981.0 38.0 3230909.6 3222134.0 0.3 427246.9 513669.0 16.8 221929.4 1407.0 15673.2 656122.7 562130.0 16.7 5075427.7 4603066.0 10.26
