year month date day holiday
2018 1 1 0 1
2018 1 2 1 0
2018 1 3 2 0
2018 1 4 3 0
2018 1 5 4 0
2018 1 6 5 0
2018 1 7 6 0
2018 1 8 0 0
2018 1 9 1 0
2018 1 10 2 0
2018 1 11 3 0
2018 1 12 4 0
2018 1 13 5 0
2018 1 14 6 0
2018 1 15 0 0
2018 1 16 1 0
2018 1 17 2 0
2018 1 18 3 0
2018 1 19 4 0
2018 1 20 5 0
2018 1 21 6 0
2018 1 22 0 0
2018 1 23 1 0
2018 1 24 2 0
2018 1 25 3 0
2018 1 26 4 0
2018 1 27 5 0
2018 1 28 6 0
2018 1 29 0 0
2018 1 30 1 0
2018 1 31 2 0
2018 2 1 3 0
2018 2 2 4 0
2018 2 3 5 0
2018 2 4 6 0
2018 2 5 0 0
2018 2 6 1 0
2018 2 7 2 0
2018 2 8 3 0
2018 2 9 4 0
2018 2 10 5 0
2018 2 11 6 0
2018 2 12 0 0
2018 2 13 1 0
2018 2 14 2 0
2018 2 15 3 1
2018 2 16 4 1
2018 2 17 5 1
2018 2 18 6 0
2018 2 19 0 0
2018 2 20 1 0
2018 2 21 2 0
2018 2 22 3 0
2018 2 23 4 0
2018 2 24 5 0
2018 2 25 6 0
2018 2 26 0 0
2018 2 27 1 0
2018 2 28 2 0
2018 3 1 3 1
2018 3 2 4 0
2018 3 3 5 0
2018 3 4 6 0
2018 3 5 0 0
2018 3 6 1 0
2018 3 7 2 0
2018 3 8 3 0
2018 3 9 4 0
2018 3 10 5 0
2018 3 11 6 0
2018 3 12 0 0
2018 3 13 1 0
2018 3 14 2 0
2018 3 15 3 0
2018 3 16 4 0
2018 3 17 5 0
2018 3 18 6 0
2018 3 19 0 0
2018 3 20 1 0
2018 3 21 2 0
2018 3 22 3 0
2018 3 23 4 0
2018 3 24 5 0
2018 3 25 6 0
2018 3 26 0 0
2018 3 27 1 0
2018 3 28 2 0
2018 3 29 3 0
2018 3 30 4 0
2018 3 31 5 0
2018 4 1 6 0
2018 4 2 0 0
2018 4 3 1 0
2018 4 4 2 0
2018 4 5 3 0
2018 4 6 4 0
2018 4 7 5 0
2018 4 8 6 0
2018 4 9 0 0
2018 4 10 1 0
2018 4 11 2 0
2018 4 12 3 0
2018 4 13 4 0
2018 4 14 5 0
2018 4 15 6 0
2018 4 16 0 0
2018 4 17 1 0
2018 4 18 2 0
2018 4 19 3 0
2018 4 20 4 0
2018 4 21 5 0
2018 4 22 6 0
2018 4 23 0 0
2018 4 24 1 0
2018 4 25 2 0
2018 4 26 3 0
2018 4 27 4 0
2018 4 28 5 0
2018 4 29 6 0
2018 4 30 0 0
2018 5 1 1 0
2018 5 2 2 0
2018 5 3 3 0
2018 5 4 4 0
2018 5 5 5 1
2018 5 6 6 0
2018 5 7 0 1
2018 5 8 1 0
2018 5 9 2 0
2018 5 10 3 0
2018 5 11 4 0
2018 5 12 5 0
2018 5 13 6 0
2018 5 14 0 0
2018 5 15 1 0
2018 5 16 2 0
2018 5 17 3 0
2018 5 18 4 0
2018 5 19 5 0
2018 5 20 6 0
2018 5 21 0 0
2018 5 22 1 1
2018 5 23 2 0
2018 5 24 3 0
2018 5 25 4 0
2018 5 26 5 0
2018 5 27 6 0
2018 5 28 0 0
2018 5 29 1 0
2018 5 30 2 0
2018 5 31 3 0
2018 6 1 4 0
2018 6 2 5 0
2018 6 3 6 0
2018 6 4 0 0
2018 6 5 1 0
2018 6 6 2 1
2018 6 7 3 0
2018 6 8 4 0
2018 6 9 5 0
2018 6 10 6 0
2018 6 11 0 0
2018 6 12 1 0
2018 6 13 2 1
2018 6 14 3 0
2018 6 15 4 0
2018 6 16 5 0
2018 6 17 6 0
2018 6 18 0 0
2018 6 19 1 0
2018 6 20 2 0
2018 6 21 3 0
2018 6 22 4 0
2018 6 23 5 0
2018 6 24 6 0
2018 6 25 0 0
2018 6 26 1 0
2018 6 27 2 0
2018 6 28 3 0
2018 6 29 4 0
2018 6 30 5 0
2018 7 1 6 0
2018 7 2 0 0
2018 7 3 1 0
2018 7 4 2 0
2018 7 5 3 0
2018 7 6 4 0
2018 7 7 5 0
2018 7 8 6 0
2018 7 9 0 0
2018 7 10 1 0
2018 7 11 2 0
2018 7 12 3 0
2018 7 13 4 0
2018 7 14 5 0
2018 7 15 6 0
2018 7 16 0 0
2018 7 17 1 0
2018 7 18 2 0
2018 7 19 3 0
2018 7 20 4 0
2018 7 21 5 0
2018 7 22 6 0
2018 7 23 0 0
2018 7 24 1 0
2018 7 25 2 0
2018 7 26 3 0
2018 7 27 4 0
2018 7 28 5 0
2018 7 29 6 0
2018 7 30 0 0
2018 7 31 1 0
2018 8 1 2 0
2018 8 2 3 0
2018 8 3 4 0
2018 8 4 5 0
2018 8 5 6 0
2018 8 6 0 0
2018 8 7 1 0
2018 8 8 2 0
2018 8 9 3 0
2018 8 10 4 0
2018 8 11 5 0
2018 8 12 6 0
2018 8 13 0 0
2018 8 14 1 0
2018 8 15 2 1
2018 8 16 3 0
2018 8 17 4 0
2018 8 18 5 0
2018 8 19 6 0
2018 8 20 0 0
2018 8 21 1 0
2018 8 22 2 0
2018 8 23 3 0
2018 8 24 4 0
2018 8 25 5 0
2018 8 26 6 0
2018 8 27 0 0
2018 8 28 1 0
2018 8 29 2 0
2018 8 30 3 0
2018 8 31 4 0
2018 9 1 5 0
2018 9 2 6 0
2018 9 3 0 0
2018 9 4 1 0
2018 9 5 2 0
2018 9 6 3 0
2018 9 7 4 0
2018 9 8 5 0
2018 9 9 6 0
2018 9 10 0 0
2018 9 11 1 0
2018 9 12 2 0
2018 9 13 3 0
2018 9 14 4 0
2018 9 15 5 0
2018 9 16 6 0
2018 9 17 0 0
2018 9 18 1 0
2018 9 19 2 0
2018 9 20 3 0
2018 9 21 4 0
2018 9 22 5 0
2018 9 23 6 1
2018 9 24 0 1
2018 9 25 1 1
2018 9 26 2 1
2018 9 27 3 0
2018 9 28 4 0
2018 9 29 5 0
2018 9 30 6 0
2018 10 1 0 0
2018 10 2 1 0
2018 10 3 2 1
2018 10 4 3 0
2018 10 5 4 0
2018 10 6 5 0
2018 10 7 6 0
2018 10 8 0 0
2018 10 9 1 1
2018 10 10 2 0
2018 10 11 3 0
2018 10 12 4 0
2018 10 13 5 0
2018 10 14 6 0
2018 10 15 0 0
2018 10 16 1 0
2018 10 17 2 0
2018 10 18 3 0
2018 10 19 4 0
2018 10 20 5 0
2018 10 21 6 0
2018 10 22 0 0
2018 10 23 1 0
2018 10 24 2 0
2018 10 25 3 0
2018 10 26 4 0
2018 10 27 5 0
2018 10 28 6 0
2018 10 29 0 0
2018 10 30 1 0
2018 10 31 2 0
2018 11 1 3 0
2018 11 2 4 0
2018 11 3 5 0
2018 11 4 6 0
2018 11 5 0 0
2018 11 6 1 0
2018 11 7 2 0
2018 11 8 3 0
2018 11 9 4 0
2018 11 10 5 0
2018 11 11 6 0
2018 11 12 0 0
2018 11 13 1 0
2018 11 14 2 0
2018 11 15 3 0
2018 11 16 4 0
2018 11 17 5 0
2018 11 18 6 0
2018 11 19 0 0
2018 11 20 1 0
2018 11 21 2 0
2018 11 22 3 0
2018 11 23 4 0
2018 11 24 5 0
2018 11 25 6 0
2018 11 26 0 0
2018 11 27 1 0
2018 11 28 2 0
2018 11 29 3 0
2018 11 30 4 0
2018 12 1 5 0
2018 12 2 6 0
2018 12 3 0 0
2018 12 4 1 0
2018 12 5 2 0
2018 12 6 3 0
2018 12 7 4 0
2018 12 8 5 0
2018 12 9 6 0
2018 12 10 0 0
2018 12 11 1 0
2018 12 12 2 0
2018 12 13 3 0
2018 12 14 4 0
2018 12 15 5 0
2018 12 16 6 0
2018 12 17 0 0
2018 12 18 1 0
2018 12 19 2 0
2018 12 20 3 0
2018 12 21 4 0
2018 12 22 5 0
2018 12 23 6 0
2018 12 24 0 0
2018 12 25 1 1
2018 12 26 2 0
2018 12 27 3 0
2018 12 28 4 0
2018 12 29 5 0
2018 12 30 6 0
2018 12 31 0 0
