year month date day holiday
2016 1 1 4 1
2016 1 2 5 0
2016 1 3 6 0
2016 1 4 0 0
2016 1 5 1 0
2016 1 6 2 0
2016 1 7 3 0
2016 1 8 4 0
2016 1 9 5 0
2016 1 10 6 0
2016 1 11 0 0
2016 1 12 1 0
2016 1 13 2 0
2016 1 14 3 0
2016 1 15 4 0
2016 1 16 5 0
2016 1 17 6 0
2016 1 18 0 0
2016 1 19 1 0
2016 1 20 2 0
2016 1 21 3 0
2016 1 22 4 0
2016 1 23 5 0
2016 1 24 6 0
2016 1 25 0 0
2016 1 26 1 0
2016 1 27 2 0
2016 1 28 3 0
2016 1 29 4 0
2016 1 30 5 0
2016 1 31 6 0
2016 2 1 0 0
2016 2 2 1 0
2016 2 3 2 0
2016 2 4 3 0
2016 2 5 4 0
2016 2 6 5 0
2016 2 7 6 1
2016 2 8 0 1
2016 2 9 1 1
2016 2 10 2 1
2016 2 11 3 0
2016 2 12 4 0
2016 2 13 5 0
2016 2 14 6 0
2016 2 15 0 0
2016 2 16 1 0
2016 2 17 2 0
2016 2 18 3 0
2016 2 19 4 0
2016 2 20 5 0
2016 2 21 6 0
2016 2 22 0 0
2016 2 23 1 0
2016 2 24 2 0
2016 2 25 3 0
2016 2 26 4 0
2016 2 27 5 0
2016 2 28 6 0
2016 2 29 0 0
2016 3 1 1 1
2016 3 2 2 0
2016 3 3 3 0
2016 3 4 4 0
2016 3 5 5 0
2016 3 6 6 0
2016 3 7 0 0
2016 3 8 1 0
2016 3 9 2 0
2016 3 10 3 0
2016 3 11 4 0
2016 3 12 5 0
2016 3 13 6 0
2016 3 14 0 0
2016 3 15 1 0
2016 3 16 2 0
2016 3 17 3 0
2016 3 18 4 0
2016 3 19 5 0
2016 3 20 6 0
2016 3 21 0 0
2016 3 22 1 0
2016 3 23 2 0
2016 3 24 3 0
2016 3 25 4 0
2016 3 26 5 0
2016 3 27 6 0
2016 3 28 0 0
2016 3 29 1 0
2016 3 30 2 0
2016 3 31 3 0
2016 4 1 4 0
2016 4 2 5 0
2016 4 3 6 0
2016 4 4 0 0
2016 4 5 1 0
2016 4 6 2 0
2016 4 7 3 0
2016 4 8 4 0
2016 4 9 5 0
2016 4 10 6 0
2016 4 11 0 0
2016 4 12 1 0
2016 4 13 2 1
2016 4 14 3 0
2016 4 15 4 0
2016 4 16 5 0
2016 4 17 6 0
2016 4 18 0 0
2016 4 19 1 0
2016 4 20 2 0
2016 4 21 3 0
2016 4 22 4 0
2016 4 23 5 0
2016 4 24 6 0
2016 4 25 0 0
2016 4 26 1 0
2016 4 27 2 0
2016 4 28 3 0
2016 4 29 4 0
2016 4 30 5 0
2016 5 1 6 0
2016 5 2 0 0
2016 5 3 1 0
2016 5 4 2 0
2016 5 5 3 1
2016 5 6 4 0
2016 5 7 5 0
2016 5 8 6 0
2016 5 9 0 0
2016 5 10 1 0
2016 5 11 2 0
2016 5 12 3 0
2016 5 13 4 0
2016 5 14 5 1
2016 5 15 6 0
2016 5 16 0 0
2016 5 17 1 0
2016 5 18 2 0
2016 5 19 3 0
2016 5 20 4 0
2016 5 21 5 0
2016 5 22 6 0
2016 5 23 0 0
2016 5 24 1 0
2016 5 25 2 0
2016 5 26 3 0
2016 5 27 4 0
2016 5 28 5 0
2016 5 29 6 0
2016 5 30 0 0
2016 5 31 1 0
2016 6 1 2 0
2016 6 2 3 0
2016 6 3 4 0
2016 6 4 5 0
2016 6 5 6 0
2016 6 6 0 1
2016 6 7 1 0
2016 6 8 2 0
2016 6 9 3 0
2016 6 10 4 0
2016 6 11 5 0
2016 6 12 6 0
2016 6 13 0 0
2016 6 14 1 0
2016 6 15 2 0
2016 6 16 3 0
2016 6 17 4 0
2016 6 18 5 0
2016 6 19 6 0
2016 6 20 0 0
2016 6 21 1 0
2016 6 22 2 0
2016 6 23 3 0
2016 6 24 4 0
2016 6 25 5 0
2016 6 26 6 0
2016 6 27 0 0
2016 6 28 1 0
2016 6 29 2 0
2016 6 30 3 0
2016 7 1 4 0
2016 7 2 5 0
2016 7 3 6 0
2016 7 4 0 0
2016 7 5 1 0
2016 7 6 2 0
2016 7 7 3 0
2016 7 8 4 0
2016 7 9 5 0
2016 7 10 6 0
2016 7 11 0 0
2016 7 12 1 0
2016 7 13 2 0
2016 7 14 3 0
2016 7 15 4 0
2016 7 16 5 0
2016 7 17 6 0
2016 7 18 0 0
2016 7 19 1 0
2016 7 20 2 0
2016 7 21 3 0
2016 7 22 4 0
2016 7 23 5 0
2016 7 24 6 0
2016 7 25 0 0
2016 7 26 1 0
2016 7 27 2 0
2016 7 28 3 0
2016 7 29 4 0
2016 7 30 5 0
2016 7 31 6 0
2016 8 1 0 0
2016 8 2 1 0
2016 8 3 2 0
2016 8 4 3 0
2016 8 5 4 0
2016 8 6 5 0
2016 8 7 6 0
2016 8 8 0 0
2016 8 9 1 0
2016 8 10 2 0
2016 8 11 3 0
2016 8 12 4 0
2016 8 13 5 0
2016 8 14 6 0
2016 8 15 0 1
2016 8 16 1 0
2016 8 17 2 0
2016 8 18 3 0
2016 8 19 4 0
2016 8 20 5 0
2016 8 21 6 0
2016 8 22 0 0
2016 8 23 1 0
2016 8 24 2 0
2016 8 25 3 0
2016 8 26 4 0
2016 8 27 5 0
2016 8 28 6 0
2016 8 29 0 0
2016 8 30 1 0
2016 8 31 2 0
2016 9 1 3 0
2016 9 2 4 0
2016 9 3 5 0
2016 9 4 6 0
2016 9 5 0 0
2016 9 6 1 0
2016 9 7 2 0
2016 9 8 3 0
2016 9 9 4 0
2016 9 10 5 0
2016 9 11 6 0
2016 9 12 0 0
2016 9 13 1 0
2016 9 14 2 1
2016 9 15 3 1
2016 9 16 4 1
2016 9 17 5 0
2016 9 18 6 0
2016 9 19 0 0
2016 9 20 1 0
2016 9 21 2 0
2016 9 22 3 0
2016 9 23 4 0
2016 9 24 5 0
2016 9 25 6 0
2016 9 26 0 0
2016 9 27 1 0
2016 9 28 2 0
2016 9 29 3 0
2016 9 30 4 0
2016 10 1 5 0
2016 10 2 6 0
2016 10 3 0 1
2016 10 4 1 0
2016 10 5 2 0
2016 10 6 3 0
2016 10 7 4 0
2016 10 8 5 0
2016 10 9 6 1
2016 10 10 0 0
2016 10 11 1 0
2016 10 12 2 0
2016 10 13 3 0
2016 10 14 4 0
2016 10 15 5 0
2016 10 16 6 0
2016 10 17 0 0
2016 10 18 1 0
2016 10 19 2 0
2016 10 20 3 0
2016 10 21 4 0
2016 10 22 5 0
2016 10 23 6 0
2016 10 24 0 0
2016 10 25 1 0
2016 10 26 2 0
2016 10 27 3 0
2016 10 28 4 0
2016 10 29 5 0
2016 10 30 6 0
2016 10 31 0 0
2016 11 1 1 0
2016 11 2 2 0
2016 11 3 3 0
2016 11 4 4 0
2016 11 5 5 0
2016 11 6 6 0
2016 11 7 0 0
2016 11 8 1 0
2016 11 9 2 0
2016 11 10 3 0
2016 11 11 4 0
2016 11 12 5 0
2016 11 13 6 0
2016 11 14 0 0
2016 11 15 1 0
2016 11 16 2 0
2016 11 17 3 0
2016 11 18 4 0
2016 11 19 5 0
2016 11 20 6 0
2016 11 21 0 0
2016 11 22 1 0
2016 11 23 2 0
2016 11 24 3 0
2016 11 25 4 0
2016 11 26 5 0
2016 11 27 6 0
2016 11 28 0 0
2016 11 29 1 0
2016 11 30 2 0
2016 12 1 3 0
2016 12 2 4 0
2016 12 3 5 0
2016 12 4 6 0
2016 12 5 0 0
2016 12 6 1 0
2016 12 7 2 0
2016 12 8 3 0
2016 12 9 4 0
2016 12 10 5 0
2016 12 11 6 0
2016 12 12 0 0
2016 12 13 1 0
2016 12 14 2 0
2016 12 15 3 0
2016 12 16 4 0
2016 12 17 5 0
2016 12 18 6 0
2016 12 19 0 0
2016 12 20 1 0
2016 12 21 2 0
2016 12 22 3 0
2016 12 23 4 0
2016 12 24 5 0
2016 12 25 6 1
2016 12 26 0 0
2016 12 27 1 0
2016 12 28 2 0
2016 12 29 3 0
2016 12 30 4 0
2016 12 31 5 0
