year month date insu_house insu_houseCooking insu_houseJHeating insu_houseCHeating insu_salesOne insu_salesTwo insu_bizHeating insu_bizCooling insu_industry insu_heatFacility insu_heatCombined insu_CNG
2016 1 1 1732 386 16227 0 3544 325 4025 0 74357 24102 0 6997
2016 1 2 2794 601 26725 0 5711 524 6486 0 121411 39354 0 11424
2016 1 3 1632 351 15617 0 3336 306 3789 0 70937 22993 0 6675
2016 1 4 2119 457 20327 0 4332 397 4920 0 92252 29902 0 8680
2016 1 5 3711 802 35687 0 7587 696 8617 0 161823 52453 0 15227
2016 1 6 2396 517 22988 0 4861 446 5521 0 104089 33739 0 9794
2016 1 7 2340 514 22931 0 4804 440 5456 0 103400 33516 0 9730
2016 1 8 3355 753 33203 0 6882 631 7817 0 149186 48357 0 14038
2016 1 9 1899 428 18770 0 3879 356 4406 0 84280 27319 0 7930
2016 1 10 1549 354 15595 0 3167 290 3597 0 69580 22554 0 6547
2016 1 11 3361 769 33852 0 6873 630 7806 0 151033 48956 0 14212
2016 1 12 2144 491 21815 0 4392 402 4984 0 97000 31441 0 9127
2016 1 13 2178 497 22094 0 4402 403 4994 0 97967 31755 0 9218
2016 1 14 3133 703 31344 0 6108 568 7039 0 138568 44915 0 13039
2016 1 15 3550 745 33557 0 6452 632 7508 0 148626 48175 0 13985
2016 1 16 2056 425 19089 0 3603 359 4270 0 84458 27376 0 7947
2016 1 17 1884 382 17113 0 3231 322 3831 0 75843 24584 0 7137
2016 1 18 3486 708 31711 0 5981 597 7092 0 140499 45541 0 13220
2016 1 19 2641 540 24225 0 4498 456 5426 0 107091 34712 0 10077
2016 1 20 3936 806 36113 0 6704 680 8087 0 159626 51741 0 15020
2016 1 21 2593 531 23788 0 4416 448 5327 0 105150 34083 0 9894
2016 1 22 3963 812 36320 0 6745 684 8136 0 160578 52050 0 15110
2016 1 23 2341 480 21415 0 3979 403 4800 0 94707 30698 0 8912
2016 1 24 3317 679 30306 0 5643 571 6798 0 134093 43465 0 12618
2016 1 25 2726 560 24929 0 4777 469 5584 0 110657 35868 0 10412
2016 1 26 3915 806 35830 0 6864 674 8024 0 159027 51547 0 14964
2016 1 27 2505 522 23308 0 4413 434 5159 0 102990 33383 0 9691
2016 1 28 3720 769 34185 0 6542 643 7649 0 151643 49154 0 14269
2016 1 29 2540 528 23389 0 4475 440 5232 0 103736 33625 0 9761
2016 1 30 2354 428 21432 0 4005 408 4402 0 80364 27169 0 7887
2016 1 31 3803 689 34616 0 6470 660 7115 0 129629 43842 0 12727
2016 2 1 2596 550 23570 0 4430 469 4981 0 111975 31268 0 11052
2016 2 2 3698 768 33287 0 6253 662 7031 0 158184 44172 0 15612
2016 2 3 2656 553 23921 0 4491 476 5050 0 113660 31739 0 11218
2016 2 4 4037 860 36383 0 6846 723 7679 0 172961 48298 0 17071
2016 2 5 2602 555 23424 0 4413 466 4950 0 111404 31109 0 10995
2016 2 6 2433 520 21961 0 4129 436 4632 0 104373 29146 0 10301
2016 2 7 3288 703 29637 0 5580 590 6259 0 140918 39351 0 13908
2016 2 8 1890 402 16927 0 3207 339 3597 0 80659 22524 0 7961
2016 2 9 1904 405 17056 0 3231 341 3624 0 81271 22695 0 8021
2016 2 10 3316 706 29714 0 5627 595 6312 0 141573 39533 0 13973
2016 2 11 2418 514 21545 0 4092 432 4590 0 102776 28700 0 10144
2016 2 12 3222 678 28527 0 5458 577 6121 0 136413 38093 0 13464
2016 2 13 1955 410 17164 0 3310 350 3712 0 82305 22983 0 8123
2016 2 14 1980 416 17365 0 3357 355 3765 0 83340 23272 0 8226
2016 2 15 3792 799 33291 0 6436 679 7212 0 159743 44608 0 15766
2016 2 16 3254 683 28325 0 5495 582 6176 0 136205 38035 0 13443
2016 2 17 3072 669 27690 0 5472 540 6065 0 133123 37174 0 13139
2016 2 18 2442 548 22636 0 4579 443 4971 0 108985 30433 0 10757
2016 2 19 2971 700 28729 0 6090 564 6319 0 138827 38767 0 13702
2016 2 20 1886 443 18130 0 3842 356 3986 0 87638 24472 0 8650
2016 2 21 1586 373 15237 0 3231 299 3353 0 73677 20574 0 7272
2016 2 22 3553 838 34093 0 7221 669 7492 0 164816 46024 0 16267
2016 2 23 2334 551 22340 0 4736 439 4913 0 108049 30172 0 10664
2016 2 24 2285 541 21869 0 4636 429 4810 0 105775 29537 0 10440
2016 2 25 3775 894 35893 0 7615 704 7886 0 173688 48501 0 17143
2016 2 26 2322 553 22143 0 4692 434 4859 0 107099 29907 0 10571
2016 2 27 1789 428 17063 0 3611 334 3740 0 82506 23039 0 8143
2016 2 28 2721 652 25914 0 5487 507 5682 0 125338 35000 0 12371
2016 2 29 2091 502 19838 0 4192 388 4342 0 95933 26789 0 9468
2016 3 1 1933 472 17936 0 4199 311 4190 0 93425 21261 0 10160
2016 3 2 3591 907 32463 0 7814 579 7787 0 170953 38905 0 18592
2016 3 3 2125 535 19140 0 4611 342 4595 0 100844 22950 0 10967
2016 3 4 2073 521 18565 0 4514 332 4470 0 98034 22310 0 10662
2016 3 5 1694 426 15132 0 3680 271 3645 0 79934 18191 0 8693
2016 3 6 2577 645 22871 0 5594 412 5540 0 121084 27556 0 13168
2016 3 7 1989 495 17497 0 4297 316 4256 0 92810 21122 0 10094
2016 3 8 2221 546 19181 0 4769 351 4723 0 102272 23275 0 11123
2016 3 9 2579 653 22141 0 5538 408 5484 0 118390 26943 0 12875
2016 3 10 3228 816 27592 0 6937 510 6860 0 147793 33634 0 16073
2016 3 11 2439 611 20599 0 5204 382 5146 0 110604 25171 0 12029
2016 3 12 2267 641 21484 0 5719 409 5500 0 115875 26370 0 12602
2016 3 13 1648 467 15557 0 4197 300 4037 0 84305 19186 0 9169
2016 3 14 2042 600 19885 0 5581 384 5167 0 108280 24642 0 11776
2016 3 15 2351 762 25339 0 7164 472 6583 0 137269 31239 0 14929
2016 3 16 2412 786 26062 0 7423 489 6818 0 141515 32206 0 15390
2016 3 17 1813 587 19507 0 5370 365 5085 0 105279 23959 0 11450
2016 3 18 1652 539 17801 0 5051 333 4629 0 96526 21967 0 10498
2016 3 19 1759 573 18889 0 5363 354 4915 0 102470 23320 0 11144
2016 3 20 1664 542 17870 0 5073 335 4650 0 96939 22061 0 10543
2016 3 21 1756 573 18874 0 5347 353 4901 0 102310 23283 0 11127
2016 3 22 1852 602 19801 0 5645 370 5140 0 107476 24459 0 11688
2016 3 23 1678 546 17948 0 5135 335 4659 0 97476 22183 0 10601
2016 3 24 1693 550 18087 0 5176 338 4697 0 98250 22359 0 10685
2016 3 25 2174 709 23271 0 6678 435 6042 0 126457 28779 0 13753
2016 3 26 1710 570 18312 0 5248 342 4749 0 99499 22644 0 10821
2016 3 27 2056 687 22052 0 6319 411 5718 0 119806 27265 0 13029
2016 3 28 1725 576 18493 0 5299 345 4794 0 100475 22866 0 10927
2016 3 29 1770 592 18993 0 5452 354 4920 0 103200 23486 0 11223
2016 3 30 2034 678 21752 0 6245 406 5636 0 118223 26905 0 12857
2016 3 31 1423 478 15217 0 4525 289 3943 0 83236 18943 0 9052
2016 4 1 1192 457 12688 0 4144 242 2441 0 83681 13431 0 12476
2016 4 2 1019 476 10361 0 3541 207 2086 0 70079 11243 0 10444
2016 4 3 1701 793 17194 0 5918 346 3487 0 116624 18710 0 17380
2016 4 4 1419 657 14219 0 4919 287 2898 0 96658 15507 0 14405
2016 4 5 1474 684 14790 0 5111 298 3011 0 100502 16124 0 14977
2016 4 6 1456 675 14548 0 5048 295 2974 0 99026 15887 0 14758
2016 4 7 1464 678 14586 0 5060 296 2981 0 99539 15962 0 14827
2016 4 8 1294 594 12687 0 4470 261 2634 0 87129 13972 0 12978
2016 4 9 1442 657 14026 0 4941 289 2911 0 96367 15453 0 14354
2016 4 10 1566 750 15220 0 5366 313 3162 0 104751 16798 0 15603
2016 4 11 1311 641 12524 0 4493 262 2646 0 86882 13932 0 12942
2016 4 12 1467 782 15231 0 5604 323 3260 0 105896 16981 0 15774
2016 4 13 982 566 10982 0 4186 236 2362 0 76704 12300 0 11426
2016 4 14 1168 674 13080 0 4975 281 2807 0 91279 14637 0 13597
2016 4 15 967 584 11342 0 4330 244 2435 0 79033 12673 0 11772
2016 4 16 690 421 8105 0 3165 177 1773 0 56913 9126 0 8477
2016 4 17 1103 679 13005 0 5166 287 2868 0 91769 14716 0 13670
2016 4 18 759 464 8864 0 3521 196 1955 0 62577 10035 0 9321
2016 4 19 688 441 8554 0 3467 188 1891 0 60479 9698 0 9009
2016 4 20 638 409 7915 0 3216 174 1753 0 56014 8982 0 8344
2016 4 21 661 423 8196 0 3332 180 1816 0 58013 9303 0 8641
2016 4 22 582 373 7214 0 2935 159 1601 0 51080 8191 0 7609
2016 4 23 409 262 5070 0 2062 112 1124 0 35894 5756 0 5347
2016 4 24 862 553 10695 0 4348 235 2372 0 75711 12141 0 11278
2016 4 25 808 518 9998 0 4062 220 2216 0 70775 11349 0 10542
2016 4 26 870 557 10740 0 4366 236 2381 0 76045 12194 0 11327
2016 4 27 1336 854 16455 0 6706 363 3658 0 116640 18704 0 17374
2016 4 28 900 575 11084 0 4521 245 2466 0 78595 12603 0 11707
2016 4 29 880 561 10865 0 4335 240 2410 0 76609 12285 0 11411
2016 4 30 978 486 11871 0 4471 266 2245 0 62784 10645 0 9888
2016 5 1 944 968 12343 0 4179 193 1050 311 151981 17725 0 16866
2016 5 2 864 748 10274 0 3828 176 962 285 130311 15198 0 14461
2016 5 3 810 692 9625 0 3586 165 901 267 122001 14229 0 13539
2016 5 4 766 635 8722 0 3357 155 843 250 111987 13061 0 12428
2016 5 5 641 518 7143 0 2811 129 706 209 92449 10782 0 10260
2016 5 6 663 524 7339 0 2908 134 731 216 95167 11099 0 10561
2016 5 7 600 471 6563 0 2632 121 661 196 85493 9971 0 9488
2016 5 8 1016 771 10504 0 4457 205 1119 332 139942 16321 0 15530
2016 5 9 782 590 8015 0 3418 157 859 254 107031 12483 0 11878
2016 5 10 851 620 8227 0 3708 171 931 276 112419 13111 0 12476
2016 5 11 883 594 7518 0 3883 178 1054 288 109485 12769 0 12150
2016 5 12 890 564 6872 0 3830 176 1041 284 103830 12110 0 11523
2016 5 13 724 538 6615 0 3685 171 1011 276 98996 11546 0 10986
2016 5 14 517 433 5357 0 2979 140 831 227 79718 9297 0 8847
2016 5 15 782 663 8227 0 4521 217 1280 350 121955 14223 0 13534
2016 5 16 676 573 7125 0 3907 187 1105 302 105516 12306 0 11710
2016 5 17 698 591 7310 0 4058 194 1148 314 108842 12694 0 12079
2016 5 18 631 666 8186 0 4711 227 1342 367 122650 14304 0 13611
2016 5 19 488 576 7186 0 3995 201 1178 326 106081 12372 0 11773
2016 5 20 480 569 7084 0 3939 198 1160 321 104550 12194 0 11603
2016 5 21 358 424 5274 0 2936 147 864 239 77875 9082 0 8642
2016 5 22 583 691 8600 0 4788 240 1409 389 126988 14810 0 14093
2016 5 23 461 545 6780 0 3775 190 1111 307 100129 11678 0 11112
2016 5 24 481 569 7076 0 3942 198 1160 321 104525 12191 0 11600
2016 5 25 487 567 7045 0 3933 197 1153 319 104185 12151 0 11562
2016 5 26 520 605 7515 0 4192 210 1229 340 111098 12957 0 12329
2016 5 27 532 621 7716 0 4304 215 1262 349 114060 13303 0 12658
2016 5 28 451 526 6536 0 3647 183 1069 296 96628 11270 0 10723
2016 5 29 617 720 8943 0 4990 250 1463 405 132218 15420 0 14673
2016 5 30 500 582 7229 0 4033 202 1182 327 106866 12464 0 11860
2016 5 31 552 678 7957 0 4555 199 1247 1208 124685 14542 0 13837
2016 6 1 413 538 5857 0 3493 148 855 1032 96926 11541 0 13574
2016 6 2 419 618 5688 0 3537 150 865 1045 96824 11528 0 13560
2016 6 3 400 592 5405 0 3352 143 820 991 91951 10948 0 12878
2016 6 4 319 473 4299 0 2687 114 657 794 73403 8740 0 10280
2016 6 5 516 765 6959 0 4346 185 1064 1285 118791 14144 0 16637
2016 6 6 379 558 5081 0 3167 135 775 936 86664 10319 0 12137
2016 6 7 463 681 6194 0 3867 164 944 1140 105699 12585 0 14803
2016 6 8 442 645 5831 0 3688 156 900 1087 100174 11927 0 14029
2016 6 9 433 647 5683 0 3608 153 879 1062 97937 11661 0 13716
2016 6 10 502 750 6573 0 4182 177 1019 1231 113405 13503 0 15882
2016 6 11 280 417 3639 0 2332 99 568 686 63024 7504 0 8827
2016 6 12 238 353 3070 0 1980 84 482 583 53338 6351 0 7470
2016 6 13 398 593 5160 0 3318 140 809 977 89529 10660 0 12539
2016 6 14 556 839 7270 0 4698 200 1153 1394 126574 15071 0 17727
2016 6 15 380 599 5175 0 3386 143 825 997 90396 10763 0 12660
2016 6 16 369 619 5336 0 3523 148 853 1031 93336 11113 0 13072
2016 6 17 304 519 4459 0 2970 123 710 857 78111 9300 0 10940
2016 6 18 267 475 4067 0 2737 112 654 790 71513 8515 0 10015
2016 6 19 426 741 6308 0 4304 173 1014 1224 111483 13274 0 15613
2016 6 20 325 576 4898 0 3361 134 785 950 86655 10318 0 12136
2016 6 21 330 585 4965 0 3406 136 795 963 87839 10459 0 12302
2016 6 22 339 600 5099 0 3495 140 816 988 90173 10737 0 12629
2016 6 23 308 544 4627 0 3169 126 740 896 81794 9739 0 11455
2016 6 24 301 536 4492 0 3193 123 720 871 80423 9576 0 11263
2016 6 25 311 554 4644 0 3298 127 743 900 83102 9895 0 11638
2016 6 26 415 741 6201 0 4409 170 994 1203 111035 13221 0 15550
2016 6 27 334 589 4988 0 3540 136 798 966 89189 10619 0 12491
2016 6 28 391 692 5848 0 4154 160 935 1132 104600 12454 0 14649
2016 6 29 322 570 4808 0 3436 131 769 930 86165 10259 0 12067
2016 6 30 321 597 4863 0 3348 122 621 1337 88069 10486 0 12334
2016 7 1 243 566 3703 0 2471 92 457 1191 81704 14878 0 12697
2016 7 2 208 485 2934 0 2112 79 391 1018 67677 12324 0 10517
2016 7 3 346 810 4915 0 3522 131 652 1698 113090 20594 0 17575
2016 7 4 242 565 3410 0 2458 92 455 1185 78742 14339 0 12237
2016 7 5 274 637 3833 0 2783 104 515 1342 88874 16184 0 13812
2016 7 6 258 600 3576 0 2614 97 484 1260 83257 15161 0 12939
2016 7 7 350 809 4800 0 3538 132 655 1706 112306 20451 0 17453
2016 7 8 258 587 3423 0 2610 97 483 1258 81642 14867 0 12688
2016 7 9 210 478 2772 0 2123 79 393 1024 66303 12074 0 10304
2016 7 10 327 713 4124 0 3159 118 585 1523 98795 17991 0 15353
2016 7 11 280 603 3402 0 2719 101 502 1307 83501 15206 0 12977
2016 7 12 314 743 4111 0 3391 127 629 1639 102592 18682 0 15944
2016 7 13 233 618 3402 0 2851 107 531 1382 85458 15562 0 13281
2016 7 14 225 644 3501 0 3009 112 558 1456 89033 16213 0 13836
2016 7 15 219 629 3408 0 2934 110 545 1420 86768 15801 0 13484
2016 7 16 187 539 2908 0 2520 94 468 1221 74350 13539 0 11554
2016 7 17 292 838 4528 0 3908 147 730 1906 115676 21065 0 17977
2016 7 18 231 664 3578 0 3099 117 578 1511 91598 16680 0 14235
2016 7 19 198 680 3667 0 3191 122 596 1558 93771 17076 0 14573
2016 7 20 187 644 3468 0 3017 115 564 1474 88692 16151 0 13783
2016 7 21 201 691 3722 0 3237 123 605 1582 95179 17332 0 14791
2016 7 22 197 672 3611 0 3147 120 588 1538 92475 16840 0 14371
2016 7 23 146 500 2688 0 2341 89 437 1144 68812 12531 0 10694
2016 7 24 225 768 4127 0 3598 137 672 1758 105705 19249 0 16427
2016 7 25 182 617 3315 0 2888 110 539 1411 84889 15459 0 13192
2016 7 26 229 771 4165 0 3631 138 678 1775 106657 19422 0 16575
2016 7 27 199 670 3619 0 3155 120 589 1542 92679 16877 0 14403
2016 7 28 180 605 3264 0 2854 109 532 1391 83684 15239 0 13005
2016 7 29 167 578 3025 0 2587 108 474 1583 79837 14538 0 12407
2016 7 30 123 454 2194 0 1904 80 331 1179 62842 11371 0 9704
2016 7 31 214 788 3808 0 3305 139 575 2048 109092 19739 0 16845
2016 8 1 185 553 3148 0 2785 115 493 1951 73713 13103 0 13464
2016 8 2 191 551 3171 0 2878 119 509 2016 75360 13396 0 13765
2016 8 3 188 538 3113 0 2834 117 502 1985 74100 13172 0 13535
2016 8 4 251 715 4104 0 3778 156 669 2647 98395 17490 0 17973
2016 8 5 167 474 2715 0 2504 103 443 1754 65175 11585 0 11905
2016 8 6 161 457 2607 0 2412 100 427 1689 62723 11149 0 11457
2016 8 7 221 628 3571 0 3317 137 587 2323 86137 15311 0 15734
2016 8 8 185 525 2976 0 2777 115 491 1945 71991 12797 0 13150
2016 8 9 242 682 3858 0 3607 149 638 2524 93445 16610 0 17069
2016 8 10 194 558 3032 0 2873 118 506 2003 74145 13180 0 13544
2016 8 11 234 675 3658 0 3464 142 608 2405 89338 15880 0 16319
2016 8 12 187 540 2907 0 2767 113 485 1921 71244 12664 0 13014
2016 8 13 179 517 2774 0 2650 108 465 1840 68156 12115 0 12449
2016 8 14 214 618 3309 0 3164 130 555 2197 81362 14463 0 14862
2016 8 15 164 468 2517 0 2361 99 424 1676 61572 10945 0 11247
2016 8 16 186 580 2881 0 2671 113 486 1923 70611 12551 0 12898
2016 8 17 214 668 3320 0 3067 131 560 2218 81297 14451 0 14850
2016 8 18 194 547 2959 0 2706 117 499 1977 71876 12776 0 13129
2016 8 19 211 588 3207 0 2855 126 542 2142 77266 13734 3 14114
2016 8 20 173 483 2632 0 2341 104 444 1757 63388 11268 3 11578
2016 8 21 241 675 3682 0 3274 145 621 2455 88624 15753 4 16188
2016 8 22 209 589 3204 0 2847 126 540 2135 77090 13703 3 14081
2016 8 23 220 619 3366 0 2993 132 567 2243 81015 14401 3 14798
2016 8 24 273 789 4295 0 3818 169 724 2862 103302 18363 4 18869
2016 8 25 218 631 3441 0 3048 136 578 2285 82592 14681 4 15086
2016 8 26 237 682 3710 0 3294 147 624 2469 89194 15855 4 16292
2016 8 27 203 584 3181 0 2822 126 535 2116 76442 13588 3 13963
2016 8 28 232 668 3635 0 3226 144 611 2418 87370 15530 4 15959
2016 8 29 226 650 3540 0 3138 140 595 2352 85028 15114 4 15531
2016 8 30 232 671 3630 0 3273 145 614 2411 87701 15589 4 16020
2016 8 31 266 718 4162 0 3812 165 713 1848 93360 16595 4 17053
2016 9 1 253 722 4089 0 3844 157 720 1302 98945 13308 4 15981
2016 9 2 258 782 4296 0 3914 160 733 1326 102369 13769 4 16534
2016 9 3 179 553 3015 0 2726 112 511 924 71567 9626 3 11559
2016 9 4 239 743 4055 0 3648 149 683 1236 95990 12911 4 15504
2016 9 5 226 712 3857 0 3451 141 646 1169 91074 12249 4 14710
2016 9 6 271 882 4618 0 4115 168 771 1394 109051 14667 4 17613
2016 9 7 220 716 3771 0 3319 136 621 1123 88406 11891 4 14279
2016 9 8 231 782 4113 0 3494 143 653 1181 94579 12721 4 15276
2016 9 9 253 842 4466 0 3723 152 694 1256 101626 13669 4 16414
2016 9 10 186 621 3331 0 2703 110 504 912 74685 10045 3 12063
2016 9 11 263 882 4759 0 3823 156 713 1290 106089 14269 4 17135
2016 9 12 203 682 3677 0 2947 120 550 994 81859 11010 3 13222
2016 9 13 286 637 3436 0 2675 110 505 912 76402 10276 3 12340
2016 9 14 216 475 2578 0 1983 82 377 678 57020 7669 2 9210
2016 9 15 208 466 2575 0 1912 79 363 654 55843 7511 2 9020
2016 9 16 213 476 2630 0 1953 81 371 668 57033 7671 2 9212
2016 9 17 267 599 3308 0 2458 102 467 841 71775 9654 3 11593
2016 9 18 394 883 4878 0 3631 150 689 1241 105911 14245 4 17106
2016 9 19 354 780 4306 0 3226 130 598 1077 93457 12570 4 15095
2016 9 20 386 839 4589 0 3514 138 636 1142 100349 13497 4 16208
2016 9 21 364 788 4316 0 3305 130 598 1074 94378 12694 4 15244
2016 9 22 340 735 4022 0 3083 121 557 1000 87992 11835 4 14212
2016 9 23 323 698 3816 0 2937 115 529 951 83618 11247 3 13506
2016 9 24 269 582 3175 0 2447 96 441 792 69638 9366 3 11248
2016 9 25 434 938 5119 0 3947 154 711 1277 112282 15102 5 18135
2016 9 26 326 708 3852 0 2980 116 535 961 84593 11378 3 13663
2016 9 27 383 828 4511 0 3489 136 626 1125 99058 13323 4 15999
2016 9 28 357 771 4196 0 3257 127 583 1047 92269 12410 4 14903
2016 9 29 360 783 4273 0 3288 128 617 1064 93831 12620 4 15155
2016 9 30 409 896 4853 0 3719 145 773 1202 107075 14401 4 17294
2016 10 1 421 594 5132 0 3709 161 1366 0 67803 10461 3 9879
2016 10 2 495 694 6541 0 4361 189 1606 0 82728 12764 3 12053
2016 10 3 434 606 5706 0 3805 165 1401 0 72182 11137 3 10517
2016 10 4 514 720 6768 0 4509 195 1659 0 85580 13204 4 12469
2016 10 5 559 787 7432 0 4913 211 1796 0 93530 14431 4 13627
2016 10 6 522 745 7111 0 4580 197 1674 0 88344 13631 4 12872
2016 10 7 532 720 7538 0 4661 200 1704 0 91470 14113 4 13327
2016 10 8 522 726 7809 0 4577 197 1673 0 92367 14251 4 13458
2016 10 9 613 854 9178 0 5374 231 1964 0 108505 16741 5 15809
2016 10 10 527 738 7996 0 4617 199 1688 0 93911 14490 4 13683
2016 10 11 524 749 8042 0 4584 197 1675 0 93952 14496 4 13689
2016 10 12 764 886 9608 0 5243 228 1922 0 111106 17143 5 16188
2016 10 13 694 679 7600 0 3793 172 1449 0 85705 13224 4 12487
2016 10 14 716 692 7806 0 3809 174 1470 0 87376 13481 4 12731
2016 10 15 531 513 5814 0 2789 128 1078 0 64651 9975 3 9420
2016 10 16 980 966 11125 0 5154 236 1993 0 121857 18802 5 17754
2016 10 17 675 669 7707 0 3551 163 1373 0 84221 12995 4 12271
2016 10 18 794 763 8861 0 3961 182 1558 0 96022 14815 4 13990
2016 10 19 1011 724 8377 0 3530 171 1465 0 91018 14043 4 13261
2016 10 20 1026 736 8503 0 3587 173 1488 0 92420 14260 4 13465
2016 10 21 1028 738 8512 0 3602 174 1490 0 92598 14287 4 13491
2016 10 22 982 704 8136 0 3443 166 1424 0 88491 13653 4 12893
2016 10 23 1297 932 10774 0 4562 220 1887 0 117196 18082 5 17075
2016 10 24 994 714 8240 0 3493 168 1441 0 89662 13834 4 13064
2016 10 25 1224 880 10153 0 4297 207 1776 0 110425 17038 5 16089
2016 10 26 1031 732 8432 0 3570 172 1474 0 91808 14165 4 13376
2016 10 27 1006 714 8221 0 3489 168 1438 0 89575 13821 4 13051
2016 10 28 1054 749 8616 0 3663 176 1507 0 93911 14490 4 13683
2016 10 29 1149 814 9394 0 3985 191 1642 0 102321 15787 4 14908
2016 10 30 1575 1115 12877 0 5466 262 2253 0 140293 21646 6 20440
2016 10 31 1226 869 10010 0 4246 204 1750 0 109058 16827 5 15890
2016 11 1 1701 871 14179 0 5391 248 3990 0 104921 23045 0 11735
2016 11 2 1577 703 13624 0 5103 232 3735 0 99326 21816 0 11110
2016 11 3 2392 1062 20588 0 7779 350 5639 0 150385 33031 0 16821
2016 11 4 1854 826 16100 0 5952 271 4370 0 116833 25661 0 13068
2016 11 5 2026 910 17782 0 6500 296 4773 0 128421 28207 0 14364
2016 11 6 1866 839 16488 0 5987 273 4396 0 118717 26075 0 13279
2016 11 7 1692 761 14950 0 5410 246 3969 0 107506 23613 0 12025
2016 11 8 1933 890 17686 0 6189 281 4528 0 125316 27525 0 14017
2016 11 9 2049 935 18902 0 6586 299 4818 0 133596 29343 0 14943
2016 11 10 2378 1029 21986 0 7593 345 5556 0 154669 33972 0 17300
2016 11 11 2476 1071 22850 0 7857 358 5757 0 160562 35266 0 17959
2016 11 12 1413 616 13213 0 4480 204 3283 0 92309 20275 0 10325
2016 11 13 2287 996 21366 0 7239 330 5315 0 149279 32788 0 16697
2016 11 14 1632 717 15518 0 5129 234 3762 0 107358 23580 0 12008
2016 11 15 1688 740 16005 0 5259 240 3861 0 110544 24280 0 12364
2016 11 16 1919 761 16337 0 5312 266 3923 0 113423 24913 0 12686
2016 11 17 2882 979 20966 0 6563 333 4925 0 145763 32016 0 16304
2016 11 18 2263 722 15426 0 4735 243 3619 0 107418 23594 0 12015
2016 11 19 2361 755 16068 0 4941 253 3776 0 111978 24595 0 12525
2016 11 20 2513 804 17109 0 5266 270 4025 0 119265 26196 0 13340
2016 11 21 2191 700 14867 0 4579 234 3495 0 103804 22794 0 11608
2016 11 22 2395 760 16136 0 4965 254 3790 0 112702 24748 0 12602
2016 11 23 2783 876 18570 0 5725 293 4367 0 129877 28519 0 14523
2016 11 24 3400 1065 22536 0 6959 355 5302 0 157776 34646 0 17643
2016 11 25 2329 731 15462 0 4774 244 3637 0 108225 23765 0 12102
2016 11 26 2816 884 18704 0 5773 295 4398 0 130903 28745 0 14638
2016 11 27 3049 957 20234 0 6250 319 4762 0 141661 31107 0 15841
2016 11 28 2472 776 16424 0 5059 258 3854 0 114867 25223 0 12845
2016 11 29 2446 764 16159 0 4978 254 3799 0 113102 24836 0 12647
2016 11 30 3306 1058 21696 0 6611 387 6163 0 156198 34299 0 17466
2016 12 1 3896 1056 26436 0 7627 455 7967 0 131502 49516 0 16888
2016 12 2 2812 754 19898 0 5482 327 5726 0 96323 36269 0 12370
2016 12 3 3250 873 23014 0 6341 378 6624 0 111409 41950 0 14308
2016 12 4 3431 924 24430 0 6696 400 6994 0 117903 44395 0 15142
2016 12 5 2709 735 19598 0 5281 315 5517 0 93670 35271 0 12030
2016 12 6 2923 786 21325 0 5704 340 5959 0 101469 38207 0 13031
2016 12 7 4003 1063 29056 0 7687 459 8030 0 137509 51778 0 17660
2016 12 8 3944 1065 29287 0 7575 450 7882 0 136642 51451 0 17548
2016 12 9 2920 832 21717 0 5607 333 5829 0 101273 38133 0 13006
2016 12 10 3158 904 23661 0 6064 360 6304 0 109883 41375 0 14112
2016 12 11 3329 954 25082 0 6377 379 6630 0 115981 43672 0 14895
2016 12 12 2473 708 18695 0 4699 279 4883 0 85915 32351 0 11034
2016 12 13 2985 858 22782 0 5666 335 5872 0 103987 39155 0 13354
2016 12 14 3628 1020 27066 0 6684 399 6986 0 123667 46566 0 15882
2016 12 15 3847 1056 27896 0 6900 413 7204 0 127732 48097 0 16404
2016 12 16 3859 1043 27539 0 6801 407 7110 0 126175 47510 0 16204
2016 12 17 3004 802 21157 0 5217 320 5442 0 96880 36479 0 12442
2016 12 18 3279 877 23107 0 5703 350 5949 0 105851 39857 0 13594
2016 12 19 3029 820 20970 0 5173 318 5395 0 96175 36214 0 12351
2016 12 20 3957 1069 27315 0 6693 414 7039 0 125252 47162 0 16085
2016 12 21 3348 873 22881 0 5650 347 5903 0 105071 39564 0 13494
2016 12 22 3744 970 25418 0 6286 385 6555 0 116775 43971 0 14997
2016 12 23 3910 1009 26363 0 6535 401 6814 0 121305 45676 0 15579
2016 12 24 2463 638 16683 0 4136 254 4312 0 76746 28898 0 9856
2016 12 25 4263 1102 28819 0 7146 438 7451 0 132600 49930 0 17029
2016 12 26 3106 800 20889 0 5175 317 5396 0 96246 36224 0 12355
2016 12 27 3627 931 24276 0 6014 369 6271 0 111885 42110 0 14362
2016 12 28 4323 1108 28858 0 7165 438 7457 0 133072 50084 0 17082
2016 12 29 4170 1046 27666 0 6773 420 7079 0 124777 47272 0 16123
2016 12 30 4326 1084 28734 0 6809 436 7160 0 129607 48994 8 16710
2016 12 31 3902 901 26051 0 6103 393 6463 0 102859 40672 7 13872
