year month date insu_sum
2016 01 01 131692
2016 01 02 215030
2016 01 03 125636
2016 01 04 163386
2016 01 05 286602
2016 01 06 184351
2016 01 07 183131
2016 01 08 264222
2016 01 09 149268
2016 01 10 123233
2016 01 11 267492
2016 01 12 171795
2016 01 13 173509
2016 01 14 245417
2016 01 15 263229
2016 01 16 149583
2016 01 17 134325
2016 01 18 248836
2016 01 19 189668
2016 01 20 282712
2016 01 21 186230
2016 01 22 284398
2016 01 23 167735
2016 01 24 237490
2016 01 25 195983
2016 01 26 281650
2016 01 27 182404
2016 01 28 268574
2016 01 29 183726
2016 01 30 148449
2016 01 31 239550
2016 02 01 190892
2016 02 02 269667
2016 02 03 193764
2016 02 04 294859
2016 02 05 189918
2016 02 06 177932
2016 02 07 240233
2016 02 08 137505
2016 02 09 138549
2016 02 10 241349
2016 02 11 175210
2016 02 12 232553
2016 02 13 140312
2016 02 14 142076
2016 02 15 272326
2016 02 16 232199
2016 02 17 226945
2016 02 18 185794
2016 02 19 236669
2016 02 20 149402
2016 02 21 125603
2016 02 22 280973
2016 02 23 184198
2016 02 24 180322
2016 02 25 296098
2016 02 26 182580
2016 02 27 140654
2016 02 28 213673
2016 02 29 163543
2016 03 01 153888
2016 03 02 281591
2016 03 03 166109
2016 03 04 161480
2016 03 05 131666
2016 03 06 199448
2016 03 07 152876
2016 03 08 168461
2016 03 09 195010
2016 03 10 243442
2016 03 11 182186
2016 03 12 190867
2016 03 13 138866
2016 03 14 178357
2016 03 15 226107
2016 03 16 233102
2016 03 17 173414
2016 03 18 158996
2016 03 19 168788
2016 03 20 159677
2016 03 21 168523
2016 03 22 177033
2016 03 23 160561
2016 03 24 161836
2016 03 25 208298
2016 03 26 163894
2016 03 27 197343
2016 03 28 165501
2016 03 29 169990
2016 03 30 194735
2016 03 31 137106
2016 04 01 130751
2016 04 02 109455
2016 04 03 182153
2016 04 04 150968
2016 04 05 156971
2016 04 06 154667
2016 04 07 155393
2016 04 08 136019
2016 04 09 150441
2016 04 10 163530
2016 04 11 135634
2016 04 12 165317
2016 04 13 119745
2016 04 14 142498
2016 04 15 123380
2016 04 16 88848
2016 04 17 143263
2016 04 18 97690
2016 04 19 94416
2016 04 20 87445
2016 04 21 90566
2016 04 22 79743
2016 04 23 56035
2016 04 24 118194
2016 04 25 110489
2016 04 26 118715
2016 04 27 182089
2016 04 28 122696
2016 04 29 119596
2016 04 30 103635
2016 05 01 206560
2016 05 02 177108
2016 05 03 165813
2016 05 04 152204
2016 05 05 125649
2016 05 06 129343
2016 05 07 116195
2016 05 08 190197
2016 05 09 145468
2016 05 10 152790
2016 05 11 148803
2016 05 12 141117
2016 05 13 134547
2016 05 14 108346
2016 05 15 165751
2016 05 16 143409
2016 05 17 147929
2016 05 18 166695
2016 05 19 144177
2016 05 20 142096
2016 05 21 105841
2016 05 22 172592
2016 05 23 136087
2016 05 24 142062
2016 05 25 141599
2016 05 26 150995
2016 05 27 155021
2016 05 28 131329
2016 05 29 179700
2016 05 30 145243
2016 05 31 169462
2016 06 01 134377
2016 06 02 134236
2016 06 03 127480
2016 06 04 101766
2016 06 05 164691
2016 06 06 120151
2016 06 07 146540
2016 06 08 138880
2016 06 09 135779
2016 06 10 157224
2016 06 11 87376
2016 06 12 73948
2016 06 13 124122
2016 06 14 175482
2016 06 15 125325
2016 06 16 129400
2016 06 17 108293
2016 06 18 99145
2016 06 19 154560
2016 06 20 120138
2016 06 21 121779
2016 06 22 125015
2016 06 23 113399
2016 06 24 111498
2016 06 25 115212
2016 06 26 153938
2016 06 27 123651
2016 06 28 145017
2016 06 29 119458
2016 06 30 122098
2016 07 01 118002
2016 07 02 97744
2016 07 03 163332
2016 07 04 113725
2016 07 05 128358
2016 07 06 120246
2016 07 07 162200
2016 07 08 117913
2016 07 09 95759
2016 07 10 142687
2016 07 11 120598
2016 07 12 148171
2016 07 13 123425
2016 07 14 128588
2016 07 15 125317
2016 07 16 107381
2016 07 17 167068
2016 07 18 132292
2016 07 19 135431
2016 07 20 128095
2016 07 21 137464
2016 07 22 133559
2016 07 23 99383
2016 07 24 152666
2016 07 25 122603
2016 07 26 154041
2016 07 27 133854
2016 07 28 120863
2016 07 29 115306
2016 07 30 90181
2016 07 31 156553
2016 08 01 109509
2016 08 02 111957
2016 08 03 110084
2016 08 04 146178
2016 08 05 96825
2016 08 06 93182
2016 08 07 127967
2016 08 08 106952
2016 08 09 138824
2016 08 10 110152
2016 08 11 132722
2016 08 12 105842
2016 08 13 101254
2016 08 14 120873
2016 08 15 91472
2016 08 16 104901
2016 08 17 120776
2016 08 18 106780
2016 08 19 114788
2016 08 20 94170
2016 08 21 131661
2016 08 22 114527
2016 08 23 120358
2016 08 24 153468
2016 08 25 122701
2016 08 26 132508
2016 08 27 113564
2016 08 28 129798
2016 08 29 126320
2016 08 30 130291
2016 08 31 138697
2016 09 01 139324
2016 09 02 144146
2016 09 03 100774
2016 09 04 135164
2016 09 05 128241
2016 09 06 153554
2016 09 07 124485
2016 09 08 133177
2016 09 09 143100
2016 09 10 105164
2016 09 11 149384
2016 09 12 115266
2016 09 13 107581
2016 09 14 80290
2016 09 15 78633
2016 09 16 80308
2016 09 17 101067
2016 09 18 149133
2016 09 19 131597
2016 09 20 141302
2016 09 21 132894
2016 09 22 123901
2016 09 23 117743
2016 09 24 98057
2016 09 25 158104
2016 09 26 119116
2016 09 27 139483
2016 09 28 129924
2016 09 29 132124
2016 09 30 150772
2016 10 01 99528
2016 10 02 121436
2016 10 03 105956
2016 10 04 125622
2016 10 05 137292
2016 10 06 129680
2016 10 07 134268
2016 10 08 135585
2016 10 09 159274
2016 10 10 137851
2016 10 11 137912
2016 10 12 163092
2016 10 13 125806
2016 10 14 128259
2016 10 15 94901
2016 10 16 178874
2016 10 17 123628
2016 10 18 140950
2016 10 19 133605
2016 10 20 135663
2016 10 21 135924
2016 10 22 129896
2016 10 23 172031
2016 10 24 131615
2016 10 25 162093
2016 10 26 134764
2016 10 27 131486
2016 10 28 137852
2016 10 29 150196
2016 10 30 205935
2016 10 31 160085
2016 11 01 166081
2016 11 02 157224
2016 11 03 238047
2016 11 04 184936
2016 11 05 203279
2016 11 06 187919
2016 11 07 170173
2016 11 08 198364
2016 11 09 211471
2016 11 10 244827
2016 11 11 254156
2016 11 12 146117
2016 11 13 236296
2016 11 14 169939
2016 11 15 174982
2016 11 16 179539
2016 11 17 230731
2016 11 18 170034
2016 11 19 177252
2016 11 20 188787
2016 11 21 164271
2016 11 22 178352
2016 11 23 205532
2016 11 24 249683
2016 11 25 171267
2016 11 26 207156
2016 11 27 224180
2016 11 28 181779
2016 11 29 178985
2016 11 30 247185
2016 12 01 246798
2016 12 02 180775
2016 12 03 209089
2016 12 04 221276
2016 12 05 175797
2016 12 06 190434
2016 12 07 258073
2016 12 08 256445
2016 12 09 190066
2016 12 10 206224
2016 12 11 217669
2016 12 12 161243
2016 12 13 195159
2016 12 14 232095
2016 12 15 239724
2016 12 16 236802
2016 12 17 181821
2016 12 18 198657
2016 12 19 180499
2016 12 20 235068
2016 12 21 197194
2016 12 22 219160
2016 12 23 227661
2016 12 24 144035
2016 12 25 248860
2016 12 26 180547
2016 12 27 209886
2016 12 28 249630
2016 12 29 235615
2016 12 30 244197
2016 12 31 202720
