year month date insu_sum
2017 01 01 209699
2017 01 02 163619
2017 01 03 248739
2017 01 04 182056
2017 01 05 248126
2017 01 06 237765
2017 01 07 169423
2017 01 08 188894
2017 01 09 188304
2017 01 10 255092
2017 01 11 237629
2017 01 12 213084
2017 01 13 243835
2017 01 14 194642
2017 01 15 263593
2017 01 16 185433
2017 01 17 244860
2017 01 18 237573
2017 01 19 263212
2017 01 20 250440
2017 01 21 224214
2017 01 22 262921
2017 01 23 222586
2017 01 24 284405
2017 01 25 223065
2017 01 26 223623
2017 01 27 235252
2017 01 28 168507
2017 01 29 208726
2017 01 30 204055
2017 01 31 242634
2017 02 01 261150
2017 02 02 246007
2017 02 03 237086
2017 02 04 211634
2017 02 05 224234
2017 02 06 176920
2017 02 07 251561
2017 02 08 226497
2017 02 09 269790
2017 02 10 254237
2017 02 11 219509
2017 02 12 225647
2017 02 13 191369
2017 02 14 248418
2017 02 15 236810
2017 02 16 233121
2017 02 17 224826
2017 02 18 209777
2017 02 19 203798
2017 02 20 168667
2017 02 21 254627
2017 02 22 207557
2017 02 23 234129
2017 02 24 237102
2017 02 25 167017
2017 02 26 234772
2017 02 27 187458
2017 02 28 229312
2017 03 01 248035
2017 03 02 199088
2017 03 03 239890
2017 03 04 168756
2017 03 05 205841
2017 03 06 183958
2017 03 07 261259
2017 03 08 233072
2017 03 09 232849
2017 03 10 216463
2017 03 11 169963
2017 03 12 183218
2017 03 13 178641
2017 03 14 240909
2017 03 15 246926
2017 03 16 219776
2017 03 17 215485
2017 03 18 189387
2017 03 19 177069
2017 03 20 167587
2017 03 21 235705
2017 03 22 168254
2017 03 23 239250
2017 03 24 167003
2017 03 25 204643
2017 03 26 196305
2017 03 27 178368
2017 03 28 227701
2017 03 29 207868
2017 03 30 154455
2017 03 31 216205
2017 04 01 152846
2017 04 02 176894
2017 04 03 157345
2017 04 04 206138
2017 04 05 149588
2017 04 06 190096
2017 04 07 155174
2017 04 08 190759
2017 04 09 154564
2017 04 10 158962
2017 04 11 164818
2017 04 12 207085
2017 04 13 164839
2017 04 14 172986
2017 04 15 165723
2017 04 16 171899
2017 04 17 158572
2017 04 18 159522
2017 04 19 197535
2017 04 20 172371
2017 04 21 167762
2017 04 22 147961
2017 04 23 209705
2017 04 24 155658
2017 04 25 154971
2017 04 26 155590
2017 04 27 168867
2017 04 28 203330
2017 04 29 108229
2017 04 30 169489
2017 05 01 111010
2017 05 02 122719
2017 05 03 158973
2017 05 04 131277
2017 05 05 119810
2017 05 06 107744
2017 05 07 162895
2017 05 08 128183
2017 05 09 120184
2017 05 10 203329
2017 05 11 167431
2017 05 12 162860
2017 05 13 127230
2017 05 14 182810
2017 05 15 154040
2017 05 16 159921
2017 05 17 171826
2017 05 18 165581
2017 05 19 209445
2017 05 20 142088
2017 05 21 190177
2017 05 22 167474
2017 05 23 174747
2017 05 24 200313
2017 05 25 167912
2017 05 26 173642
2017 05 27 140407
2017 05 28 219072
2017 05 29 186623
2017 05 30 196816
2017 05 31 226258
2017 06 01 177058
2017 06 02 154973
2017 06 03 126357
2017 06 04 185986
2017 06 05 136739
2017 06 06 136815
2017 06 07 147463
2017 06 08 176517
2017 06 09 141003
2017 06 10 124389
2017 06 11 188483
2017 06 12 150247
2017 06 13 152444
2017 06 14 169106
2017 06 15 148086
2017 06 16 147952
2017 06 17 134427
2017 06 18 175237
2017 06 19 140827
2017 06 20 144168
2017 06 21 144036
2017 06 22 193259
2017 06 23 171323
2017 06 24 132111
2017 06 25 152398
2017 06 26 150321
2017 06 27 148764
2017 06 28 157631
2017 06 29 145224
2017 06 30 175782
2017 07 01 131161
2017 07 02 158689
2017 07 03 133825
2017 07 04 137362
2017 07 05 131987
2017 07 06 180057
2017 07 07 177392
2017 07 08 113997
2017 07 09 118098
2017 07 10 151843
2017 07 11 141318
2017 07 12 175828
2017 07 13 168249
2017 07 14 127042
2017 07 15 105401
2017 07 16 168283
2017 07 17 138830
2017 07 18 149236
2017 07 19 142983
2017 07 20 175371
2017 07 21 179892
2017 07 22 127031
2017 07 23 184247
2017 07 24 186048
2017 07 25 138153
2017 07 26 130127
2017 07 27 193236
2017 07 28 137042
2017 07 29 171750
2017 07 30 218611
2017 07 31 193762
2017 08 01 195774
2017 08 02 245135
2017 08 03 199866
2017 08 04 216447
2017 08 05 97950
2017 08 06 139325
2017 08 07 167693
2017 08 08 203880
2017 08 09 227023
2017 08 10 140483
2017 08 11 174870
2017 08 12 116624
2017 08 13 145150
2017 08 14 130290
2017 08 15 149625
2017 08 16 137297
2017 08 17 134697
2017 08 18 169194
2017 08 19 112999
2017 08 20 138749
2017 08 21 140242
2017 08 22 145470
2017 08 23 175278
2017 08 24 135899
2017 08 25 167096
2017 08 26 126593
2017 08 27 151272
2017 08 28 139482
2017 08 29 144148
2017 08 30 144627
2017 08 31 184804
2017 09 01 129757
2017 09 02 109845
2017 09 03 145610
2017 09 04 141511
2017 09 05 153746
2017 09 06 161385
2017 09 07 158141
2017 09 08 172724
2017 09 09 139978
2017 09 10 199262
2017 09 11 156343
2017 09 12 159234
2017 09 13 149660
2017 09 14 159975
2017 09 15 185551
2017 09 16 145999
2017 09 17 178003
2017 09 18 190214
2017 09 19 215941
2017 09 20 215745
2017 09 21 191942
2017 09 22 190141
2017 09 23 136462
2017 09 24 187155
2017 09 25 174100
2017 09 26 140405
2017 09 27 140682
2017 09 28 142762
2017 09 29 183891
2017 09 30 129210
2017 10 01 114862
2017 10 02 111552
2017 10 03 107375
2017 10 04 95307
2017 10 05 105714
2017 10 06 114272
2017 10 07 106510
2017 10 08 121828
2017 10 09 155732
2017 10 10 185903
2017 10 11 157447
2017 10 12 172890
2017 10 13 165478
2017 10 14 152787
2017 10 15 201115
2017 10 16 181051
2017 10 17 161188
2017 10 18 176920
2017 10 19 161723
2017 10 20 205377
2017 10 21 133017
2017 10 22 189779
2017 10 23 134299
2017 10 24 111463
2017 10 25 140793
2017 10 26 111111
2017 10 27 100354
2017 10 28 70201
2017 10 29 164645
2017 10 30 111000
2017 10 31 115373
2017 11 01 166658
2017 11 02 141072
2017 11 03 130241
2017 11 04 107524
2017 11 05 112890
2017 11 06 137744
2017 11 07 136151
2017 11 08 185236
2017 11 09 234666
2017 11 10 185679
2017 11 11 171252
2017 11 12 224331
2017 11 13 285255
2017 11 14 195063
2017 11 15 201181
2017 11 16 224306
2017 11 17 210902
2017 11 18 206034
2017 11 19 273894
2017 11 20 184347
2017 11 21 183504
2017 11 22 248377
2017 11 23 286081
2017 11 24 258888
2017 11 25 246012
2017 11 26 290841
2017 11 27 221520
2017 11 28 222215
2017 11 29 264665
2017 11 30 276171
2017 12 01 284962
2017 12 02 233432
2017 12 03 279561
2017 12 04 224570
2017 12 05 268575
2017 12 06 214690
2017 12 07 209129
2017 12 08 276204
2017 12 09 248258
2017 12 10 299022
2017 12 11 227607
2017 12 12 309468
2017 12 13 303780
2017 12 14 338711
2017 12 15 284848
2017 12 16 259165
2017 12 17 295457
2017 12 18 274064
2017 12 19 320418
2017 12 20 257461
2017 12 21 305174
2017 12 22 264802
2017 12 23 225890
2017 12 24 256011
2017 12 25 229588
2017 12 26 213568
2017 12 27 270806
2017 12 28 273349
2017 12 29 266100
2017 12 30 246585
2017 12 31 255976
