year month date insu_sum
2019 01 01 319221
2019 01 02 206581
2019 01 03 313143
2019 01 04 297568
2019 01 05 283605
2019 01 06 267862
2019 01 07 237634
2019 01 08 312347
2019 01 09 302842
2019 01 10 319746
2019 01 11 293853
2019 01 12 267417
2019 01 13 253691
2019 01 14 229775
2019 01 15 299426
2019 01 16 310186
2019 01 17 291169
2019 01 18 286042
2019 01 19 245540
2019 01 20 244012
2019 01 21 251183
2019 01 22 294126
2019 01 23 289537
2019 01 24 288486
2019 01 25 283406
2019 01 26 264306
2019 01 27 261251
2019 01 28 224237
2019 01 29 287924
2019 01 30 339835
2019 01 31 232462
2019 02 01 285907
2019 02 02 271873
2019 02 03 220105
2019 02 04 207650
2019 02 05 197800
2019 02 06 202652
2019 02 07 211913
2019 02 08 282950
2019 02 09 276668
2019 02 10 265079
2019 02 11 238309
2019 02 12 357714
2019 02 13 252965
2019 02 14 269626
2019 02 15 287236
2019 02 16 262027
2019 02 17 255486
2019 02 18 218686
2019 02 19 286492
2019 02 20 278227
2019 02 21 272826
2019 02 22 264060
2019 02 23 240651
2019 02 24 215532
2019 02 25 208362
2019 02 26 271986
2019 02 27 277037
2019 02 28 198362
2019 03 01 258931
2019 03 02 232078
2019 03 03 209951
2019 03 04 200790
2019 03 05 276746
2019 03 06 241369
2019 03 07 237206
2019 03 08 204832
2019 03 09 242381
2019 03 10 218437
2019 03 11 208121
2019 03 12 282498
2019 03 13 273145
2019 03 14 272021
2019 03 15 211762
2019 03 16 226869
2019 03 17 224149
2019 03 18 196273
2019 03 19 263050
2019 03 20 198542
2019 03 21 268066
2019 03 22 252427
2019 03 23 224344
2019 03 24 220401
2019 03 25 213132
2019 03 26 266599
2019 03 27 201970
2019 03 28 254933
2019 03 29 183707
2019 03 30 212229
2019 03 31 212625
2019 04 01 193171
2019 04 02 259917
2019 04 03 194226
2019 04 04 255704
2019 04 05 255876
2019 04 06 155887
2019 04 07 228265
2019 04 08 186951
2019 04 09 206721
2019 04 10 244614
2019 04 11 211201
2019 04 12 154564
2019 04 13 186842
2019 04 14 165301
2019 04 15 125369
2019 04 16 134532
2019 04 17 191338
2019 04 18 120163
2019 04 19 172159
2019 04 20 94991
2019 04 21 145351
2019 04 22 137551
2019 04 23 137494
2019 04 24 197732
2019 04 25 165767
2019 04 26 219576
2019 04 27 156450
2019 04 28 237211
2019 04 29 233814
2019 04 30 206919
2019 05 01 244274
2019 05 02 186174
2019 05 03 227679
2019 05 04 141990
2019 05 05 127818
2019 05 06 234328
2019 05 07 190819
2019 05 08 189198
2019 05 09 254906
2019 05 10 174627
2019 05 11 140151
2019 05 12 197793
2019 05 13 169900
2019 05 14 169853
2019 05 15 174190
2019 05 16 232618
2019 05 17 150574
2019 05 18 118422
2019 05 19 192790
2019 05 20 164316
2019 05 21 172971
2019 05 22 183241
2019 05 23 239834
2019 05 24 161698
2019 05 25 121439
2019 05 26 170987
2019 05 27 170933
2019 05 28 169848
2019 05 29 171648
2019 05 30 227466
2019 05 31 166944
2019 06 01 140970
2019 06 02 175381
2019 06 03 160616
2019 06 04 169209
2019 06 05 163637
2019 06 06 210265
2019 06 07 143921
2019 06 08 113600
2019 06 09 153836
2019 06 10 149972
2019 06 11 155114
2019 06 12 165525
2019 06 13 233603
2019 06 14 167603
2019 06 15 139051
2019 06 16 110667
2019 06 17 233672
2019 06 18 158601
2019 06 19 158372
2019 06 20 165414
2019 06 21 208066
2019 06 22 130171
2019 06 23 109560
2019 06 24 153087
2019 06 25 214864
2019 06 26 161762
2019 06 27 152603
2019 06 28 216551
2019 06 29 130809
2019 06 30 145707
