year month date insu_sum
2015 01 01 121015
2015 01 02 142806
2015 01 03 129058
2015 01 04 111220
2015 01 05 161623
2015 01 06 170287
2015 01 07 175123
2015 01 08 174817
2015 01 09 171819
2015 01 10 150541
2015 01 11 123472
2015 01 12 170069
2015 01 13 169368
2015 01 14 162032
2015 01 15 156924
2015 01 16 153792
2015 01 17 119655
2015 01 18 120223
2015 01 19 169445
2015 01 20 162378
2015 01 21 160588
2015 01 22 160178
2015 01 23 162848
2015 01 24 117593
2015 01 25 113731
2015 01 26 157835
2015 01 27 164499
2015 01 28 159641
2015 01 29 159237
2015 01 30 149258
2015 01 31 123514
2015 02 01 116351
2015 02 02 165018
2015 02 03 165749
2015 02 04 169473
2015 02 05 161149
2015 02 06 148293
2015 02 07 124485
2015 02 08 118816
2015 02 09 160538
2015 02 10 153397
2015 02 11 151453
2015 02 12 162890
2015 02 13 160506
2015 02 14 128775
2015 02 15 122103
2015 02 16 160620
2015 02 17 143725
2015 02 18 102549
2015 02 19 94847
2015 02 20 95738
2015 02 21 99093
2015 02 22 103213
2015 02 23 157635
2015 02 24 157866
2015 02 25 151259
2015 02 26 150914
2015 02 27 157493
2015 02 28 124302
2015 03 01 116238
2015 03 02 166252
2015 03 03 162756
2015 03 04 167419
2015 03 05 160052
2015 03 06 149720
2015 03 07 121804
2015 03 08 104252
2015 03 09 139884
2015 03 10 151537
2015 03 11 146098
2015 03 12 145568
2015 03 13 141971
2015 03 14 117783
2015 03 15 111788
2015 03 16 147223
2015 03 17 148874
2015 03 18 165610
2015 03 19 161545
2015 03 20 159146
2015 03 21 125680
2015 03 22 128308
2015 03 23 178837
2015 03 24 185281
2015 03 25 179507
2015 03 26 178207
2015 03 27 164564
2015 03 28 132105
2015 03 29 114870
2015 03 30 157019
2015 03 31 159098
2015 04 01 160821
2015 04 02 163212
2015 04 03 172532
2015 04 04 135020
2015 04 05 105653
2015 04 06 159712
2015 04 07 164064
2015 04 08 147395
2015 04 09 148196
2015 04 10 135211
2015 04 11 97627
2015 04 12 90074
2015 04 13 137017
2015 04 14 145701
2015 04 15 138484
2015 04 16 152266
2015 04 17 153234
2015 04 18 103436
2015 04 19 90081
2015 04 20 125355
2015 04 21 120201
2015 04 22 116892
2015 04 23 116640
2015 04 24 117691
2015 04 25 99094
2015 04 26 77816
2015 04 27 106450
2015 04 28 115827
2015 04 29 112430
2015 04 30 115287
2015 05 01 106691
2015 05 02 88519
2015 05 03 86230
2015 05 04 104543
2015 05 05 95969
2015 05 06 116820
2015 05 07 106856
2015 05 08 113513
2015 05 09 96677
2015 05 10 86819
2015 05 11 133519
2015 05 12 141003
2015 05 13 127039
2015 05 14 115551
2015 05 15 118206
2015 05 16 87307
2015 05 17 80170
2015 05 18 128030
2015 05 19 116476
2015 05 20 112153
2015 05 21 120856
2015 05 22 119213
2015 05 23 90702
2015 05 24 75773
2015 05 25 87388
2015 05 26 97200
2015 05 27 111374
2015 05 28 118861
2015 05 29 109286
2015 05 30 89574
2015 05 31 78100
2015 06 01 119730
2015 06 02 128769
2015 06 03 128703
2015 06 04 126972
2015 06 05 129293
2015 06 06 87167
2015 06 07 82980
2015 06 08 121355
2015 06 09 123120
2015 06 10 119260
2015 06 11 128961
2015 06 12 123193
2015 06 13 96599
2015 06 14 94385
2015 06 15 121528
2015 06 16 127616
2015 06 17 120477
2015 06 18 117365
2015 06 19 122290
2015 06 20 93442
2015 06 21 78650
2015 06 22 118865
2015 06 23 112280
2015 06 24 106535
2015 06 25 107243
2015 06 26 103240
2015 06 27 87244
2015 06 28 78644
2015 06 29 103033
2015 06 30 104658
2015 07 01 118716
2015 07 02 116292
2015 07 03 118561
2015 07 04 94293
2015 07 05 78425
2015 07 06 115461
2015 07 07 127226
2015 07 08 122806
2015 07 09 114185
2015 07 10 105553
2015 07 11 91086
2015 07 12 85059
2015 07 13 118586
2015 07 14 113942
2015 07 15 108343
2015 07 16 114659
2015 07 17 113279
2015 07 18 86501
2015 07 19 75722
2015 07 20 115781
2015 07 21 127145
2015 07 22 123658
2015 07 23 112623
2015 07 24 103887
2015 07 25 72832
2015 07 26 57602
2015 07 27 89104
2015 07 28 90924
2015 07 29 96051
2015 07 30 108465
2015 07 31 102026
2015 08 01 73885
2015 08 02 62125
2015 08 03 99789
2015 08 04 101073
2015 08 05 94846
2015 08 06 95178
2015 08 07 95270
2015 08 08 70708
2015 08 09 58866
2015 08 10 104742
2015 08 11 112737
2015 08 12 109214
2015 08 13 104080
2015 08 14 79930
2015 08 15 67062
2015 08 16 59031
2015 08 17 101734
2015 08 18 100406
2015 08 19 98093
2015 08 20 106352
2015 08 21 100935
2015 08 22 72059
2015 08 23 60316
2015 08 24 107522
2015 08 25 112671
2015 08 26 113898
2015 08 27 115508
2015 08 28 114508
2015 08 29 94457
2015 08 30 65502
2015 08 31 116799
2015 09 01 126856
2015 09 02 119001
2015 09 03 120852
2015 09 04 113995
2015 09 05 110132
2015 09 06 79981
2015 09 07 129846
2015 09 08 131551
2015 09 09 124530
2015 09 10 118751
2015 09 11 103821
2015 09 12 91416
2015 09 13 75077
2015 09 14 106821
2015 09 15 122204
2015 09 16 126544
2015 09 17 115778
2015 09 18 110669
2015 09 19 88487
2015 09 20 66037
2015 09 21 109543
2015 09 22 111116
2015 09 23 120107
2015 09 24 117199
2015 09 25 90767
2015 09 26 70135
2015 09 27 66155
2015 09 28 71058
2015 09 29 101543
2015 09 30 113843
2015 10 01 123678
2015 10 02 110034
2015 10 03 81086
2015 10 04 70423
2015 10 05 127652
2015 10 06 123451
2015 10 07 142781
2015 10 08 139079
2015 10 09 99933
2015 10 10 77687
2015 10 11 61715
2015 10 12 114880
2015 10 13 117673
2015 10 14 112854
2015 10 15 136700
2015 10 16 146137
2015 10 17 115377
2015 10 18 91070
2015 10 19 137681
2015 10 20 140651
2015 10 21 135447
2015 10 22 137788
2015 10 23 127265
2015 10 24 93588
2015 10 25 80892
2015 10 26 134604
2015 10 27 134591
2015 10 28 136344
2015 10 29 135341
2015 10 30 121823
2015 10 31 102442
2015 11 01 91840
2015 11 02 121069
2015 11 03 139254
2015 11 04 135035
2015 11 05 137362
2015 11 06 134734
2015 11 07 108815
2015 11 08 99417
2015 11 09 149277
2015 11 10 156843
2015 11 11 164151
2015 11 12 140546
2015 11 13 146546
2015 11 14 100423
2015 11 15 84188
2015 11 16 153662
2015 11 17 166635
2015 11 18 175241
2015 11 19 164282
2015 11 20 244220
2015 11 21 133774
2015 11 22 105024
2015 11 23 149343
2015 11 24 156886
2015 11 25 217927
2015 11 26 216111
2015 11 27 166063
2015 11 28 143045
2015 11 29 156516
2015 11 30 166696
2015 12 01 261095
2015 12 02 175782
2015 12 03 176152
2015 12 04 217205
2015 12 05 138648
2015 12 06 194303
2015 12 07 183552
2015 12 08 59475
2015 12 09 0
2015 12 10 39269
2015 12 11 148247
2015 12 12 127444
2015 12 13 154188
2015 12 14 213727
2015 12 15 157476
2015 12 16 160008
2015 12 17 288095
2015 12 18 175915
2015 12 19 145608
2015 12 20 221064
2015 12 21 166892
2015 12 22 163141
2015 12 23 244762
2015 12 24 154960
2015 12 25 142712
2015 12 26 226756
2015 12 27 523609
2015 12 28 233109
2015 12 29 160133
2015 12 30 230732
2015 12 31 161366
