year month date insu_house insu_houseCooking insu_houseJHeating insu_houseCHeating insu_salesOne insu_salesTwo insu_bizHeating insu_bizCooling insu_industry insu_heatFacility insu_heatCombined insu_CNG	insu_sum
2014 1 1 955 5 18545 0 1952 0 4753 0 83586 3920 0 5945	119661
2014 1 2 1297 6 24384 0 2542 0 6357 0 110297 5172 0 7845	157900
2014 1 3 1341 6 25174 0 2626 0 6569 0 113897 5341 0 8101	163054
2014 1 4 1126 5 21299 0 2221 0 5556 0 96332 4517 0 6851	137908
2014 1 5 1008 4 19083 0 1989 0 4974 0 86294 4047 0 6137	123537
2014 1 6 1305 6 24673 0 2567 0 6420 0 111526 5230 0 7932	159659
2014 1 7 1401 6 26508 0 2754 0 6893 0 119792 5617 0 8520	171492
2014 1 8 1366 6 26142 0 2684 0 6717 0 117722 5520 0 8373	168530
2014 1 9 1491 7 28105 0 2899 0 7247 0 126758 5944 0 9015	181465
2014 1 10 1401 6 26700 0 2734 0 6833 0 120145 5634 0 8545	171998
2014 1 11 1075 5 20639 0 2099 0 5249 0 92727 4348 0 6594	132736
2014 1 12 1075 5 20891 0 2108 0 5272 0 93637 4391 0 6659	134038
2014 1 13 1460 6 28313 0 2853 0 7135 0 126864 5949 0 9022	181602
2014 1 14 1529 7 29752 0 2969 0 7426 0 132973 6235 0 9457	190346
2014 1 15 1506 6 28517 0 2822 0 7109 0 127480 5978 0 9066	182483
2014 1 16 1413 6 26716 0 2644 0 6659 0 119436 5600 0 8494	170968
2014 1 17 1334 5 24742 0 2444 0 6168 0 110683 5190 0 7871	158439
2014 1 18 1277 5 23601 0 2332 0 5885 0 105595 4951 0 7510	151156
2014 1 19 1041 4 19247 0 1902 0 4799 0 86115 4038 0 6124	123271
2014 1 20 1305 5 24012 0 2386 0 6022 0 107606 5046 0 7653	154034
2014 1 21 1398 6 25715 0 2558 0 6454 0 115273 5405 0 8198	165005
2014 1 22 1375 5 25292 0 2517 0 6350 0 113392 5317 0 8064	162312
2014 1 23 1343 5 24700 0 2459 0 6205 0 110748 5193 0 7876	158528
2014 1 24 1290 5 23655 0 2353 0 5937 0 106051 4973 0 7542	151804
2014 1 25 1104 4 20220 0 2011 0 5074 0 90655 4251 0 6447	129766
2014 1 26 1040 4 19021 0 1891 0 4773 0 85278 3999 0 6065	122070
2014 1 27 1328 5 24285 0 2415 0 6093 0 108881 5105 0 7743	155856
2014 1 28 1314 5 23892 0 2385 0 5996 0 107396 5033 0 7634	153654
2014 1 29 1116 4 20348 0 2085 0 5066 0 91498 4288 0 6504	130909
2014 1 30 823 3 14924 0 1577 0 3630 0 59519 2196 0 4322	86993
2014 1 31 739 3 13404 0 1417 0 3261 0 53459 1972 0 3882	78136
2014 2 1 732 3 13293 0 1404 0 3231 0 57848 2088 0 4094	82692
2014 2 2 801 3 14420 0 1536 0 3534 0 62905 2270 0 4452	89922
2014 2 3 1240 5 22273 0 2372 0 5459 0 97170 3506 0 6877	138902
2014 2 4 1321 5 23707 0 2526 0 5814 0 103444 3733 0 7321	147871
2014 2 5 1376 5 24676 0 2632 0 6058 0 107703 3887 0 7623	153959
2014 2 6 1474 5 26444 0 2820 0 6491 0 115414 4165 0 8168	164982
2014 2 7 1434 5 25732 0 2797 0 6311 0 112452 4058 0 7959	160748
2014 2 8 1181 4 20983 0 2304 0 5197 0 91962 3319 0 6509	131457
2014 2 9 1066 4 18688 0 2079 0 4691 0 82226 2967 0 5820	117540
2014 2 10 1353 5 23675 0 2634 0 5941 0 104172 3759 0 7373	148912
2014 2 11 1295 5 23494 0 2627 0 5962 0 103528 3735 0 7326	147971
2014 2 12 1166 5 22783 0 2592 0 5899 0 100624 3631 0 7121	143821
2014 2 13 1096 5 23861 0 2736 0 6257 0 105306 3800 0 7452	150512
2014 2 14 1153 5 25290 0 2901 0 6634 0 111595 4027 0 7897	159501
2014 2 15 1030 4 22597 0 2592 0 5927 0 99712 3598 0 7056	142517
2014 2 16 873 4 19121 0 2195 0 5020 0 84394 3045 0 5972	120623
2014 2 17 1141 5 25041 0 2873 0 6572 0 110506 3987 0 7820	157945
2014 2 18 1137 5 25018 0 2864 0 6551 0 113680 4072 0 7987	161314
2014 2 19 1030 5 22774 0 2611 0 5971 0 103507 3708 0 7272	146878
2014 2 20 1072 5 23406 0 2684 0 6138 0 106424 3812 0 7477	151018
2014 2 21 1078 5 23605 0 2706 0 6187 0 107268 3843 0 7537	152229
2014 2 22 980 4 21450 0 2460 0 5625 0 97486 3492 0 6850	138347
2014 2 23 841 4 18415 0 2112 0 4830 0 83698 2999 0 5881	118779
2014 2 24 1148 5 25145 0 2881 0 6588 0 114250 4093 0 8028	162137
2014 2 25 1172 7 25654 0 2941 0 6724 0 116584 4177 0 8192	165450
2014 2 26 1118 10 24515 0 2843 0 6467 0 111650 4000 0 7845	158447
2014 2 27 1096 13 24103 0 2793 0 6353 0 109749 3932 0 7711	155750
2014 2 28 1114 15 24447 0 2835 0 5801 0 104475 3784 0 7421	149893
2014 3 1 742 14 16017 0 2075 0 4305 0 89780 4592 0 7491	125015
2014 3 2 613 11 12863 0 1708 0 3557 0 72717 3719 0 6067	101256
2014 3 3 849 16 17560 0 2351 0 4896 0 99552 5092 0 8306	138622
2014 3 4 878 17 17830 0 2400 0 4998 0 101668 5196 0 8476	141463
2014 3 5 1058 21 21377 0 2881 0 6001 0 121973 6234 0 10169	169716
2014 3 6 1067 20 21563 0 2913 0 6068 0 123105 6292 0 10264	171291
2014 3 7 1060 21 21435 0 2907 0 6049 0 122490 6261 0 10212	170436
2014 3 8 920 19 18287 0 2522 0 5248 0 105066 5370 0 8760	146191
2014 3 9 788 16 15335 0 2160 0 4494 0 88711 4534 0 7396	123434
2014 3 10 1031 23 20101 0 2831 0 5881 0 116550 5954 0 9712	162083
2014 3 11 1027 23 19821 0 2835 0 5847 0 115025 5879 0 9590	160047
2014 3 12 1047 24 20067 0 2943 0 6073 0 117600 6008 0 9800	163562
2014 3 13 1066 25 20409 0 3095 0 6376 0 120789 6171 0 10066	167998
2014 3 14 894 24 19227 0 2928 0 6027 0 113486 5798 0 9458	157840
2014 3 15 656 20 16239 0 2497 0 5102 0 95606 4884 0 7968	132972
2014 3 16 503 16 12454 0 1916 0 3913 0 73326 3746 0 6111	101984
2014 3 17 629 20 15675 0 2410 0 4924 0 92262 4714 0 7689	128321
2014 3 18 678 21 16887 0 2595 0 5305 0 99396 5078 0 8283	138244
2014 3 19 690 22 17127 0 2635 0 5386 0 100856 5153 0 8405	140274
2014 3 20 717 24 17855 0 2746 0 5612 0 105122 5371 0 8761	146208
2014 3 21 674 22 16713 0 2573 0 5242 0 98153 5017 0 8184	136576
2014 3 22 626 21 15525 0 2390 0 4869 0 91174 4660 0 7602	126866
2014 3 23 536 18 13330 0 2052 0 4181 0 78281 4001 0 6527	108926
2014 3 24 700 25 17367 0 2673 0 5446 0 101997 5213 0 8504	141925
2014 3 25 650 23 16071 0 2474 0 5040 0 94393 4825 0 7870	131345
2014 3 26 660 23 16323 0 2511 0 5117 0 95860 4900 0 7992	133386
2014 3 27 656 23 16191 0 2492 0 5078 0 95108 4861 0 7930	132340
2014 3 28 617 22 15275 0 2350 0 4788 0 89703 4585 0 7479	124819
2014 3 29 513 18 12709 0 1957 0 3987 0 74649 3815 0 6224	103872
2014 3 30 378 13 9349 0 1440 0 2934 0 54922 2807 0 4579	76422
2014 3 31 612 20 15108 0 2304 0 3267 0 82929 4239 0 6914	115393
2014 4 1 414 20 9761 0 1583 0 1974 0 89499 4526 0 7268	115045
2014 4 2 503 23 10999 0 1922 0 2397 0 103105 5214 0 8373	132535
2014 4 3 581 27 12636 0 2221 0 2768 0 118655 6000 0 9636	152524
2014 4 4 612 42 13227 0 2343 0 2920 0 124585 6300 0 10117	160147
2014 4 5 575 39 12303 0 2202 0 2744 0 116251 5878 0 9440	149434
2014 4 6 521 36 11109 0 1992 0 2483 0 105038 5311 0 8530	135020
2014 4 7 731 50 15569 0 2794 0 3482 0 147242 7446 0 11957	189271
2014 4 8 755 52 15670 0 2875 0 3583 0 149252 7547 0 12120	191855
2014 4 9 656 45 13684 0 2510 0 3128 0 130306 6589 0 10582	167500
2014 4 10 606 42 12581 0 2318 0 2890 0 119985 6067 0 9744	154234
2014 4 11 564 39 11609 0 2157 0 2683 0 111149 5619 0 9024	142845
2014 4 12 467 33 9569 0 1805 0 2244 0 92022 4652 0 7471	118264
2014 4 13 307 25 7225 0 1408 0 1722 0 69653 3521 0 5655	89516
2014 4 14 439 36 10442 0 2035 0 2486 0 100625 5087 0 8170	129320
2014 4 15 389 33 9641 0 1938 0 2344 0 93503 4727 0 7592	120167
2014 4 16 372 33 9455 0 1936 0 2300 0 91881 4645 0 7460	118082
2014 4 17 395 36 10111 0 2071 0 2460 0 98247 4967 0 7977	126264
2014 4 18 371 34 9508 0 1951 0 2308 0 92369 4670 0 7499	118709
2014 4 19 322 30 8265 0 1695 0 2005 0 80283 4059 0 6518	103177
2014 4 20 297 27 7597 0 1561 0 1847 0 73842 3733 0 5995	94899
2014 4 21 395 37 10118 0 2078 0 2459 0 98340 4972 0 7984	126383
2014 4 22 391 37 9996 0 2053 0 2427 0 97089 4909 0 7883	124785
2014 4 23 386 37 9993 0 2049 0 2422 0 96983 4903 0 7875	124648
2014 4 24 355 34 9200 0 1887 0 2231 0 89297 4515 0 7251	114769
2014 4 25 354 34 9169 0 1880 0 2222 0 88978 4499 0 7225	114359
2014 4 26 315 30 8192 0 1679 0 1985 0 79484 4019 0 6454	102158
2014 4 27 264 25 6859 0 1406 0 1662 0 66550 3365 0 5404	85534
2014 4 28 381 37 9831 0 2015 0 2380 0 95394 4823 0 7746	122606
2014 4 29 405 39 10460 0 2143 0 2531 0 100847 5103 0 8195	129724
2014 4 30 423 40 10969 0 2197 0 2459 0 104046 5266 0 8456	133856
2014 5 1 280 36 7140 0 1483 0 990 223 94782 3838 0 9927	118698
2014 5 2 290 38 7111 0 1540 0 1028 231 96535 3905 0 10101	120781
2014 5 3 233 30 5664 0 1239 0 827 186 77113 3119 0 8069	96481
2014 5 4 195 25 4729 0 1040 0 695 156 64491 2609 0 6748	80688
2014 5 5 189 26 4573 0 1008 0 673 151 62414 2525 0 6531	78090
2014 5 6 219 31 5298 0 1167 0 780 175 72319 2926 0 7567	90483
2014 5 7 275 38 6575 0 1451 0 969 218 89812 3633 0 9398	112369
2014 5 8 284 39 6556 0 1498 0 1001 225 90533 3662 0 9473	113271
2014 5 9 285 39 6611 0 1505 0 1005 226 91189 3689 0 9542	114092
2014 5 10 244 33 5609 0 1288 0 857 193 77504 3135 0 8110	96974
2014 5 11 169 24 4023 0 998 0 665 150 56811 2298 0 5945	71083
2014 5 12 271 39 6489 0 1623 0 1081 244 91851 3716 0 9612	114926
2014 5 13 266 39 6373 0 1637 0 1091 246 90955 3680 0 9518	113804
2014 5 14 311 45 7246 0 1911 0 1274 287 104366 4222 0 10921	130585
2014 5 15 318 46 7341 0 1946 0 1297 293 105916 4285 0 11083	132524
2014 5 16 209 43 6849 0 1828 0 1238 281 98442 3983 0 10301	123173
2014 5 17 179 37 5925 0 1582 0 1071 243 85163 3445 0 8912	106557
2014 5 18 140 29 4652 0 1242 0 841 191 66847 2704 0 6995	83640
2014 5 19 205 44 6828 0 1823 0 1234 280 98127 3970 0 10268	122778
2014 5 20 208 44 6835 0 1830 0 1236 280 98323 3978 0 10289	123024
2014 5 21 210 45 6885 0 1848 0 1245 282 99050 4007 0 10365	123936
2014 5 22 204 44 6685 0 1792 0 1207 274 96140 3889 0 10061	120294
2014 5 23 196 42 6399 0 1715 0 1155 262 92029 3723 0 9630	115151
2014 5 24 166 36 5445 0 1459 0 982 223 78292 3167 0 8193	97962
2014 5 25 122 26 3986 0 1068 0 719 163 57325 2319 0 5999	71728
2014 5 26 199 43 6496 0 1739 0 1171 266 93401 3779 0 9774	116868
2014 5 27 201 43 6580 0 1762 0 1187 269 94610 3828 0 9900	118380
2014 5 28 212 46 6863 0 1838 0 1238 281 98719 3994 0 10330	123521
2014 5 29 203 44 6579 0 1763 0 1188 269 94654 3829 0 9905	118435
2014 5 30 215 46 6895 0 1784 0 1106 265 97126 3929 0 10164	121528
2014 5 31 52 39 1616 0 430 0 201 110 87185 4142 0 8558	102333
2014 6 1 91 28 2853 0 752 0 324 329 59225 2983 0 7112	73696
2014 6 2 153 44 4539 0 1271 0 547 556 96231 4846 0 11555	119744
2014 6 3 151 45 4462 0 1300 0 544 553 95472 4808 0 11464	118799
2014 6 4 145 45 4232 0 1234 0 517 525 90630 4564 0 10883	112774
2014 6 5 143 45 4105 0 1217 0 510 518 88478 4456 0 10624	110096
2014 6 6 137 43 3930 0 1170 0 490 498 84836 4272 0 10187	105565
2014 6 7 100 32 2870 0 855 0 358 364 61978 3121 0 7442	77121
2014 6 8 96 31 2690 0 816 0 342 347 58488 2945 0 7023	72779
2014 6 9 151 48 4115 0 1279 0 536 544 90294 4547 0 10842	112356
2014 6 10 145 50 3956 0 1230 0 515 523 86851 4374 0 10429	108072
2014 6 11 157 55 4296 0 1349 0 563 572 94380 4754 0 11335	117460
2014 6 12 153 55 4171 0 1334 0 557 566 92291 4649 0 11084	114860
2014 6 13 155 57 4153 0 1354 0 565 575 92600 4664 0 11121	115244
2014 6 14 124 49 3507 0 1151 0 479 488 78280 3943 0 9401	97423
2014 6 15 92 38 2694 0 887 0 369 375 60144 3029 0 7223	74851
2014 6 16 143 61 4179 0 1370 0 573 583 93267 4698 0 11201	116074
2014 6 17 138 61 4114 0 1353 0 567 577 91922 4630 0 11040	114400
2014 6 18 114 55 3730 0 1237 0 518 527 83442 4203 0 10021	103847
2014 6 19 121 59 3945 0 1307 0 547 557 88249 4445 0 10598	109829
2014 6 20 97 47 3165 0 1048 0 439 447 70786 3565 0 8501	88096
2014 6 21 82 41 2675 0 885 0 371 378 59818 3013 0 7184	74446
2014 6 22 69 34 2246 0 744 0 312 317 50260 2531 0 6036	62550
2014 6 23 118 59 3860 0 1278 0 535 545 86342 4349 0 10369	107456
2014 6 24 124 62 4038 0 1341 0 560 570 90380 4552 0 10854	112481
2014 6 25 115 58 3748 0 1245 0 520 529 83904 4226 0 10077	104422
2014 6 26 125 63 4070 0 1352 0 565 575 91110 4589 0 10942	113390
2014 6 27 123 63 4026 0 1337 0 558 568 90130 4540 0 10824	112170
2014 6 28 111 58 3637 0 1208 0 504 514 81426 4101 0 9779	101338
2014 6 29 97 52 3156 0 1043 0 427 631 72985 3676 0 8765	90832
2014 6 30 120 65 3925 0 1297 0 531 784 90745 4571 0 10898	112936
2014 7 1 104 63 3338 0 1087 0 363 867 87470 6493 0 9895	109681
2014 7 2 111 64 3376 0 1157 0 386 922 88317 6566 0 10006	110904
2014 7 3 107 62 3246 0 1121 0 374 893 85186 6333 0 9651	106972
2014 7 4 106 60 3100 0 1111 0 369 883 82645 6144 0 9363	103781
2014 7 5 90 54 2725 0 982 0 326 780 72785 5411 0 8246	91399
2014 7 6 82 49 2473 0 896 0 298 712 66219 4923 0 7502	83154
2014 7 7 111 72 3343 0 1225 0 403 963 89814 6677 0 10175	112783
2014 7 8 120 77 3479 0 1324 0 436 1041 95077 7068 0 10772	119393
2014 7 9 120 76 3446 0 1315 0 433 1035 94325 7012 0 10686	118448
2014 7 10 123 79 3441 0 1353 0 445 1064 98199 7287 0 11106	123096
2014 7 11 111 70 3028 0 1237 0 402 960 87703 6508 0 9919	109939
2014 7 12 85 60 2554 0 1062 0 346 827 74497 5528 0 8425	93385
2014 7 13 83 58 2440 0 1031 0 336 803 71721 5322 0 8111	89905
2014 7 14 104 74 3126 0 1313 0 431 1030 91743 6808 0 10375	115003
2014 7 15 100 74 3131 0 1288 0 428 1022 91246 6771 0 10319	114380
2014 7 16 94 73 3048 0 1282 0 427 1020 89736 6659 0 10149	112488
2014 7 17 99 77 3199 0 1352 0 448 1071 94293 6997 0 10664	118200
2014 7 18 102 80 3312 0 1397 0 463 1108 97556 7240 0 11033	122290
2014 7 19 93 74 3040 0 1283 0 425 1018 89576 6647 0 10130	112287
2014 7 20 81 64 2631 0 1109 0 368 880 77505 5752 0 8765	97156
2014 7 21 102 81 3346 0 1411 0 468 1119 98551 7313 0 11145	123538
2014 7 22 102 81 3323 0 1401 0 465 1112 97869 7263 0 11068	122682
2014 7 23 92 73 2991 0 1260 0 418 1000 88070 6536 0 9960	110399
2014 7 24 93 74 3027 0 1275 0 423 1012 89158 6616 0 10083	111763
2014 7 25 93 76 3081 0 1298 0 431 1030 90727 6733 0 10261	113730
2014 7 26 80 66 2646 0 1115 0 370 885 77931 5783 0 8813	97690
2014 7 27 70 58 2334 0 983 0 326 781 68730 5100 0 7773	86156
2014 7 28 89 75 2973 0 1253 0 416 995 87578 6499 0 9904	109782
2014 7 29 89 75 2950 0 1244 0 413 987 86921 6450 0 9830	108959
2014 7 30 89 74 2955 0 1215 0 413 989 86585 6425 0 9792	108538
2014 7 31 99 82 3281 0 1248 0 413 1156 94803 7035 0 10722	118839
2014 8 1 86 78 2793 0 1077 0 344 1051 89810 6972 0 10112	112323
2014 8 2 78 70 2423 0 982 0 313 959 79831 6198 0 8988	99842
2014 8 3 73 65 2253 0 914 0 292 892 74270 5766 0 8362	92887
2014 8 4 90 82 2816 0 1139 0 363 1111 92667 7194 0 10434	115896
2014 8 5 94 86 2942 0 1188 0 379 1159 96757 7512 0 10894	121012
2014 8 6 94 91 2999 0 1197 0 382 1168 98124 7618 0 11048	122721
2014 8 7 98 93 3059 0 1234 0 394 1204 100623 7812 0 11330	125846
2014 8 8 90 85 2816 0 1118 0 357 1091 91907 7135 0 10348	114946
2014 8 9 93 90 2946 0 1167 0 372 1139 96060 7458 0 10816	120140
2014 8 10 75 73 2402 0 943 0 301 920 77984 6054 0 8781	97532
2014 8 11 99 96 3150 0 1236 0 394 1206 102260 7939 0 11514	127894
2014 8 12 84 84 2786 0 1068 0 341 1042 89429 6943 0 10069	111846
2014 8 13 96 82 2726 0 1036 0 327 1001 87160 6767 0 9814	109009
2014 8 14 100 88 2909 0 1115 0 347 1061 92992 7219 0 10470	116302
2014 8 15 98 87 2847 0 1080 0 336 1027 90571 7032 0 10198	113275
2014 8 16 82 73 2383 0 908 0 281 859 75889 5892 0 8545	94912
2014 8 17 79 70 2297 0 876 0 271 829 73164 5680 0 8238	91504
2014 8 18 108 96 3130 0 1193 0 369 1129 99679 7739 0 11223	124666
2014 8 19 99 88 2867 0 1097 0 338 1034 91376 7094 0 10288	114282
2014 8 20 90 80 2606 0 997 0 307 940 83067 6449 0 9353	103890
2014 8 21 89 80 2584 0 989 0 305 932 82374 6395 0 9275	103023
2014 8 22 93 82 2636 0 1019 0 311 950 84194 6536 0 9480	105299
2014 8 23 81 72 2296 0 887 0 270 827 73356 5695 0 8260	91745
2014 8 24 77 68 2173 0 839 0 256 782 69398 5388 0 7814	86794
2014 8 25 98 87 2779 0 1072 0 327 999 88709 6887 0 9988	110946
2014 8 26 103 90 2892 0 1116 0 340 1041 92365 7171 0 10400	115518
2014 8 27 100 89 2829 0 1092 0 332 1017 90317 7012 0 10169	112957
2014 8 28 106 93 2984 0 1151 0 351 1072 95258 7395 0 10726	119137
2014 8 29 97 86 2741 0 1061 0 322 985 87566 6798 0 9859	109516
2014 8 30 121 69 3505 0 1538 0 605 677 68429 4522 0 7862	87327
2014 8 31 117 67 3390 0 1489 0 585 656 66202 4375 0 7606	84485
2014 9 1 142 92 4076 0 1770 0 695 779 91008 6019 0 11668	116250
2014 9 2 134 92 4097 0 1675 0 658 737 89068 5891 0 11419	113771
2014 9 3 132 85 4010 0 1632 0 641 718 86968 5752 0 11150	111089
2014 9 4 128 84 3954 0 1582 0 622 696 85120 5630 0 10913	108729
2014 9 5 108 71 3365 0 1336 0 525 588 72201 4775 0 9256	92226
2014 9 6 75 50 2351 0 932 0 366 410 50414 3334 0 6463	64397
2014 9 7 65 43 2029 0 804 0 316 354 43499 2877 0 5577	55564
2014 9 8 62 41 1937 0 764 0 300 336 41458 2742 0 5315	52957
2014 9 9 68 45 2124 0 838 0 329 369 45453 3006 0 5827	58060
2014 9 10 80 53 2521 0 995 0 391 438 53946 3568 0 6916	68908
2014 9 11 142 83 3870 0 1524 0 599 671 82981 5488 0 10638	105996
2014 9 12 158 90 4142 0 1622 0 634 711 88629 5862 0 11362	113211
2014 9 13 114 75 3491 0 1346 0 526 590 74001 4894 0 9487	94526
2014 9 14 113 69 3239 0 1222 0 474 531 68047 4501 0 8724	86920
2014 9 15 163 90 4210 0 1586 0 612 685 88502 5854 0 11346	113048
2014 9 16 173 91 4275 0 1551 0 599 671 88659 5864 0 11366	113249
2014 9 17 177 93 4365 0 1604 0 611 683 90746 6002 0 11634	115915
2014 9 18 165 87 4058 0 1489 0 566 634 84304 5576 0 10808	107686
2014 9 19 163 86 3986 0 1469 0 556 623 82903 5483 0 10628	105896
2014 9 20 121 64 2965 0 1092 0 414 463 61656 4078 0 7904	78756
2014 9 21 101 53 2467 0 909 0 344 385 51308 3394 0 6578	65539
2014 9 22 175 93 4294 0 1581 0 599 670 89293 5906 0 11448	114059
2014 9 23 180 96 4421 0 1645 0 623 689 92204 6098 0 11821	117777
2014 9 24 182 95 4349 0 1651 0 612 677 91132 6027 0 11683	116408
2014 9 25 171 90 4112 0 1557 0 577 638 86078 5693 0 11035	109952
2014 9 26 167 89 4017 0 1519 0 563 623 84060 5560 0 10777	107374
2014 9 27 124 68 2972 0 1123 0 416 460 62200 4114 0 7974	79452
2014 9 28 111 62 2656 0 1004 0 372 412 55616 3678 0 7130	71041
2014 9 29 186 104 4452 0 1682 0 624 690 93213 6165 0 11950	119066
2014 9 30 185 101 4227 0 1640 0 589 655 89094 5893 0 11422	113805
2014 10 1 223 98 5394 0 2109 0 1579 0 82751 7454 0 10272	109880
2014 10 2 195 90 5026 0 1823 0 1363 0 74784 6736 0 9283	99301
2014 10 3 182 87 4776 0 1700 0 1271 0 70541 6354 0 8756	93668
2014 10 4 153 75 4076 0 1422 0 1063 0 59752 5382 0 7417	79341
2014 10 5 156 76 4182 0 1452 0 1085 0 61176 5511 0 7594	81232
2014 10 6 243 131 6550 0 2244 0 1678 0 95456 8599 0 11849	126751
2014 10 7 237 129 6418 0 2171 0 1626 0 93118 8388 0 11559	123646
2014 10 8 221 120 6043 0 1969 0 1475 0 86488 7791 0 10736	114842
2014 10 9 176 97 4945 0 1564 0 1171 0 69995 6305 0 8689	92943
2014 10 10 191 106 5334 0 1703 0 1275 0 75765 6825 0 9405	100604
2014 10 11 151 82 4186 0 1270 0 951 0 58436 5264 0 7254	77594
2014 10 12 132 72 3730 0 1060 0 793 0 50920 4587 0 6321	67614
2014 10 13 211 109 5666 0 1570 0 1175 0 76843 6922 0 9539	102035
2014 10 14 224 109 5706 0 1538 0 1149 0 76792 6917 0 9532	101968
2014 10 15 236 104 5391 0 1447 0 1085 0 72708 6549 0 9025	96545
2014 10 16 262 111 5788 0 1508 0 1141 0 77532 6984 0 9624	102950
2014 10 17 354 112 5778 0 1494 0 1131 0 78046 7030 0 9688	103633
2014 10 18 322 102 5249 0 1358 0 1028 0 70920 6388 0 8803	94171
2014 10 19 306 97 4973 0 1286 0 974 0 67198 6053 0 8341	89229
2014 10 20 433 136 7004 0 1812 0 1372 0 94665 8527 0 11751	125701
2014 10 21 402 127 6459 0 1696 0 1267 0 87574 7889 0 10871	116285
2014 10 22 421 134 6786 0 1786 0 1331 0 92036 8290 0 11425	122209
2014 10 23 392 125 6310 0 1661 0 1237 0 85582 7709 0 10623	113640
2014 10 24 337 108 5412 0 1423 0 1060 0 73388 6611 0 9110	97448
2014 10 25 288 92 4628 0 1218 0 907 0 62774 5655 0 7792	83354
2014 10 26 220 70 3533 0 929 0 692 0 47913 4316 0 5948	63621
2014 10 27 294 95 4724 0 1242 0 925 0 64064 5771 0 7952	85067
2014 10 28 304 98 4896 0 1287 0 959 0 66396 5981 0 8242	88164
2014 10 29 329 106 5302 0 1391 0 1035 0 71847 6472 0 8919	95402
2014 10 30 342 111 5540 0 1447 0 1077 0 74958 6752 0 9305	99533
2014 10 31 468 114 7600 0 1958 0 1757 0 73036 6870 0 9467	101270
2014 11 1 553 95 9335 0 2122 0 3163 0 61208 1233 0 6216	83924
2014 11 2 608 92 10601 0 2333 0 3478 0 68605 1382 0 6967	94067
2014 11 3 884 134 15431 0 3409 0 5059 0 99899 2013 0 10145	136974
2014 11 4 978 149 17168 0 3797 0 5595 0 111000 2236 0 11272	152195
2014 11 5 935 144 16565 0 3641 0 5366 0 106848 2153 0 10850	146502
2014 11 6 1101 171 19735 0 4328 0 6299 0 126820 2555 0 12879	173887
2014 11 7 1002 156 17957 0 3922 0 5707 0 115238 2322 0 11702	158006
2014 11 8 674 105 12329 0 2609 0 3797 0 78237 1576 0 7945	107273
2014 11 9 617 107 11461 0 2365 0 3442 0 72134 1453 0 7325	98905
2014 11 10 836 143 15472 0 3144 0 4548 0 96793 1950 0 9829	132716
2014 11 11 868 151 16141 0 3265 223 4724 0 101720 2049 0 10330	139472
2014 11 12 918 163 17512 0 3454 236 4993 0 109345 2203 0 11104	149926
2014 11 13 867 156 17036 0 3262 223 4720 0 105294 2121 0 10693	144372
2014 11 14 739 135 14701 0 2806 191 4059 0 90731 1828 0 9214	124404
2014 11 15 611 108 11834 0 2235 153 3244 0 72906 1469 0 7404	99964
2014 11 16 680 100 10901 0 2038 141 2982 0 67525 1360 0 6857	92585
2014 11 17 1081 159 17133 0 3200 221 4683 0 106148 2138 0 10779	145543
2014 11 18 1163 161 17393 0 3163 220 4709 0 107476 2165 0 10914	147363
2014 11 19 1188 152 16314 0 2965 206 4413 0 101174 2038 0 10274	138723
2014 11 20 1226 155 16632 0 3059 210 4502 0 103372 2083 0 10498	141737
2014 11 21 1145 146 15562 0 2854 196 4198 0 96624 1947 0 9812	132484
2014 11 22 809 105 10999 0 2018 139 2968 0 68301 1376 0 6936	93649
2014 11 23 735 94 9860 0 1807 124 2658 0 61247 1234 0 6220	83978
2014 11 24 1179 151 15831 0 2899 199 4264 0 98318 1981 0 9984	134807
2014 11 25 1210 153 15990 0 2924 201 4301 0 99336 2001 0 10088	136203
2014 11 26 1184 149 15487 0 2838 195 4165 0 96284 1940 0 9778	132018
2014 11 27 1246 156 16238 0 2973 204 4361 0 100937 2033 0 10250	138398
2014 11 28 1169 153 15269 0 2818 191 4901 0 98228 1979 0 9975	134684
2014 11 29 1229 116 16538 0 2829 201 5438 0 67475 1 0 7505	101332
2014 11 30 1129 105 15057 0 2572 183 4951 0 61448 1 0 6835	92281
2014 12 1 1976 189 26683 0 4535 318 8807 0 112622 2 0 10276	165408
2014 12 2 2032 198 28980 0 4666 328 9061 0 119923 2 0 10943	176131
2014 12 3 1939 187 27475 0 4394 308 8533 0 113490 2 0 10356	166683
2014 12 4 1933 189 27899 0 4376 307 8499 0 114463 2 0 10444	168112
2014 12 5 1967 191 28135 0 4421 308 8524 0 115371 2 0 10527	169446
2014 12 6 1531 147 21656 0 3397 236 6542 0 88779 1 0 8101	130390
2014 12 7 1436 141 20378 0 3191 222 6147 0 83495 1 0 7619	122630
2014 12 8 1992 195 28164 0 4346 303 8372 0 115356 2 0 10515	169245
2014 12 9 2012 185 28265 0 4280 303 8378 0 115492 2 0 10527	169444
2014 12 10 2017 183 27809 0 4173 295 8168 0 113423 2 0 10339	166409
2014 12 11 2081 187 28398 0 4215 300 8322 0 115703 2 0 10546	169753
2014 12 12 2094 179 27263 0 3953 280 7779 0 110508 2 0 10073	162131
2014 12 13 1633 139 21248 0 3027 215 5966 0 85717 1 0 7813	125760
2014 12 14 1591 136 20731 0 2950 209 5815 0 83600 1 0 7620	122654
2014 12 15 2182 189 29034 0 4043 287 7970 0 116244 2 0 10596	170547
2014 12 16 2206 189 28900 0 4006 283 7869 0 115575 2 0 10535	169565
2014 12 17 2258 193 29578 0 4077 290 8050 0 118213 2 0 10775	173436
2014 12 18 2169 185 28343 0 3909 278 7725 0 113327 2 0 10330	166268
2014 12 19 2090 178 27128 0 3743 266 7385 0 108487 2 0 9889	159166
2014 12 20 1725 147 22368 0 3085 219 6091 0 89461 1 0 8154	131252
2014 12 21 1491 127 19266 0 2658 189 5250 0 77077 1 0 7026	113084
2014 12 22 2146 183 27734 0 3841 272 7557 0 110994 2 0 10117	162845
2014 12 23 2069 177 26749 0 3703 262 7285 0 107036 2 0 9756	157037
2014 12 24 1991 170 25756 0 3576 252 7070 0 103239 1 0 9410	151467
2014 12 25 1712 146 22146 0 3076 217 6082 0 88780 1 0 8092	130254
2014 12 26 1801 154 23072 0 3217 226 6331 0 92558 1 0 8437	135796
2014 12 27 1738 148 22270 0 3103 218 6108 0 89324 1 0 8142	131052
2014 12 28 1528 131 19602 0 2734 192 5380 0 78638 1 0 7168	115373
2014 12 29 2280 195 29158 0 4114 286 8006 0 117128 2 0 10676	171844
2014 12 30 2059 183 26341 0 5212 258 7233 0 109808 2 0 10009	161104
2014 12 31 1979 170 25362 0 3593 378 6896 0 101463 0 0 9264	149105
