year month date sub_house sub_houseCooking sub_houseJHeating sub_houseCHeating sub_salesOne sub_salesTwo sub_bizHeating sub_bizCooling sub_industry sub_heatFacility sub_heatCombined sub_CNG
2015 1 1 695 2004 9869 0 300 2 69 28 66 1 1 1
2015 1 2 695 2004 9869 0 300 2 69 28 66 1 1 1
2015 1 3 695 2004 9869 0 300 2 69 28 66 1 1 1
2015 1 4 695 2004 9869 0 300 2 69 28 66 1 1 1
2015 1 5 695 2004 9869 0 300 2 69 28 66 1 1 1
2015 1 6 695 2004 9869 0 300 2 69 28 66 1 1 1
2015 1 7 695 2004 9869 0 300 2 69 28 66 1 1 1
2015 1 8 695 2004 9869 0 300 2 69 28 66 1 1 1
2015 1 9 695 2004 9869 0 300 2 69 28 66 1 1 1
2015 1 10 695 2004 9869 0 300 2 69 28 66 1 1 1
2015 1 11 695 2004 9869 0 300 2 69 28 66 1 1 1
2015 1 12 695 2004 9869 0 300 2 69 28 66 1 1 1
2015 1 13 695 2004 9869 0 300 2 69 28 66 1 1 1
2015 1 14 695 2004 9869 0 300 2 69 28 66 1 1 1
2015 1 15 695 2004 9869 0 300 2 69 28 66 1 1 1
2015 1 16 695 2004 9869 0 300 2 69 28 66 1 1 1
2015 1 17 695 2004 9869 0 300 2 69 28 66 1 1 1
2015 1 18 695 2004 9869 0 300 2 69 28 66 1 1 1
2015 1 19 695 2004 9869 0 300 2 69 28 66 1 1 1
2015 1 20 695 2004 9869 0 300 2 69 28 66 1 1 1
2015 1 21 695 2004 9869 0 300 2 69 28 66 1 1 1
2015 1 22 695 2004 9869 0 300 2 69 28 66 1 1 1
2015 1 23 695 2004 9869 0 300 2 69 28 66 1 1 1
2015 1 24 695 2004 9869 0 300 2 69 28 66 1 1 1
2015 1 25 695 2004 9869 0 300 2 69 28 66 1 1 1
2015 1 26 695 2004 9869 0 300 2 69 28 66 1 1 1
2015 1 27 695 2004 9869 0 300 2 69 28 66 1 1 1
2015 1 28 695 2004 9869 0 300 2 69 28 66 1 1 1
2015 1 29 695 2004 9869 0 300 2 69 28 66 1 1 1
2015 1 30 695 2004 9869 0 300 2 69 28 66 1 1 1
2015 1 31 695 2004 9869 0 300 2 69 28 66 1 1 1
2015 2 1 720 2223 9937 0 307 2 70 28 67 1 1 1
2015 2 2 720 2223 9937 0 307 2 70 28 67 1 1 1
2015 2 3 720 2223 9937 0 307 2 70 28 67 1 1 1
2015 2 4 720 2223 9937 0 307 2 70 28 67 1 1 1
2015 2 5 720 2223 9937 0 307 2 70 28 67 1 1 1
2015 2 6 720 2223 9937 0 307 2 70 28 67 1 1 1
2015 2 7 720 2223 9937 0 307 2 70 28 67 1 1 1
2015 2 8 720 2223 9937 0 307 2 70 28 67 1 1 1
2015 2 9 720 2223 9937 0 307 2 70 28 67 1 1 1
2015 2 10 720 2223 9937 0 307 2 70 28 67 1 1 1
2015 2 11 720 2223 9937 0 307 2 70 28 67 1 1 1
2015 2 12 720 2223 9937 0 307 2 70 28 67 1 1 1
2015 2 13 720 2223 9937 0 307 2 70 28 67 1 1 1
2015 2 14 720 2223 9937 0 307 2 70 28 67 1 1 1
2015 2 15 720 2223 9937 0 307 2 70 28 67 1 1 1
2015 2 16 720 2223 9937 0 307 2 70 28 67 1 1 1
2015 2 17 720 2223 9937 0 307 2 70 28 67 1 1 1
2015 2 18 720 2223 9937 0 307 2 70 28 67 1 1 1
2015 2 19 720 2223 9937 0 307 2 70 28 67 1 1 1
2015 2 20 720 2223 9937 0 307 2 70 28 67 1 1 1
2015 2 21 720 2223 9937 0 307 2 70 28 67 1 1 1
2015 2 22 720 2223 9937 0 307 2 70 28 67 1 1 1
2015 2 23 720 2223 9937 0 307 2 70 28 67 1 1 1
2015 2 24 720 2223 9937 0 307 2 70 28 67 1 1 1
2015 2 25 720 2223 9937 0 307 2 70 28 67 1 1 1
2015 2 26 720 2223 9937 0 307 2 70 28 67 1 1 1
2015 2 27 720 2223 9937 0 307 2 70 28 67 1 1 1
2015 2 28 720 2223 9937 0 307 2 70 28 67 1 1 1
2015 3 1 755 2499 10026 0 350 2 70 28 67 1 1 1
2015 3 2 755 2499 10026 0 350 2 70 28 67 1 1 1
2015 3 3 755 2499 10026 0 350 2 70 28 67 1 1 1
2015 3 4 755 2499 10026 0 350 2 70 28 67 1 1 1
2015 3 5 755 2499 10026 0 350 2 70 28 67 1 1 1
2015 3 6 755 2499 10026 0 350 2 70 28 67 1 1 1
2015 3 7 755 2499 10026 0 350 2 70 28 67 1 1 1
2015 3 8 755 2499 10026 0 350 2 70 28 67 1 1 1
2015 3 9 755 2499 10026 0 350 2 70 28 67 1 1 1
2015 3 10 755 2499 10026 0 350 2 70 28 67 1 1 1
2015 3 11 755 2499 10026 0 350 2 70 28 67 1 1 1
2015 3 12 755 2499 10026 0 350 2 70 28 67 1 1 1
2015 3 13 755 2499 10026 0 350 2 70 28 67 1 1 1
2015 3 14 755 2499 10026 0 350 2 70 28 67 1 1 1
2015 3 15 755 2499 10026 0 350 2 70 28 67 1 1 1
2015 3 16 755 2499 10026 0 350 2 70 28 67 1 1 1
2015 3 17 755 2499 10026 0 350 2 70 28 67 1 1 1
2015 3 18 755 2499 10026 0 350 2 70 28 67 1 1 1
2015 3 19 755 2499 10026 0 350 2 70 28 67 1 1 1
2015 3 20 755 2499 10026 0 350 2 70 28 67 1 1 1
2015 3 21 755 2499 10026 0 350 2 70 28 67 1 1 1
2015 3 22 755 2499 10026 0 350 2 70 28 67 1 1 1
2015 3 23 755 2499 10026 0 350 2 70 28 67 1 1 1
2015 3 24 755 2499 10026 0 350 2 70 28 67 1 1 1
2015 3 25 755 2499 10026 0 350 2 70 28 67 1 1 1
2015 3 26 755 2499 10026 0 350 2 70 28 67 1 1 1
2015 3 27 755 2499 10026 0 350 2 70 28 67 1 1 1
2015 3 28 755 2499 10026 0 350 2 70 28 67 1 1 1
2015 3 29 755 2499 10026 0 350 2 70 28 67 1 1 1
2015 3 30 755 2499 10026 0 350 2 70 28 67 1 1 1
2015 3 31 755 2499 10026 0 350 2 70 28 67 1 1 1
2015 4 1 766 2778 10090 0 362 2 71 30 67 1 1 1
2015 4 2 766 2778 10090 0 362 2 71 30 67 1 1 1
2015 4 3 766 2778 10090 0 362 2 71 30 67 1 1 1
2015 4 4 766 2778 10090 0 362 2 71 30 67 1 1 1
2015 4 5 766 2778 10090 0 362 2 71 30 67 1 1 1
2015 4 6 766 2778 10090 0 362 2 71 30 67 1 1 1
2015 4 7 766 2778 10090 0 362 2 71 30 67 1 1 1
2015 4 8 766 2778 10090 0 362 2 71 30 67 1 1 1
2015 4 9 766 2778 10090 0 362 2 71 30 67 1 1 1
2015 4 10 766 2778 10090 0 362 2 71 30 67 1 1 1
2015 4 11 766 2778 10090 0 362 2 71 30 67 1 1 1
2015 4 12 766 2778 10090 0 362 2 71 30 67 1 1 1
2015 4 13 766 2778 10090 0 362 2 71 30 67 1 1 1
2015 4 14 766 2778 10090 0 362 2 71 30 67 1 1 1
2015 4 15 766 2778 10090 0 362 2 71 30 67 1 1 1
2015 4 16 766 2778 10090 0 362 2 71 30 67 1 1 1
2015 4 17 766 2778 10090 0 362 2 71 30 67 1 1 1
2015 4 18 766 2778 10090 0 362 2 71 30 67 1 1 1
2015 4 19 766 2778 10090 0 362 2 71 30 67 1 1 1
2015 4 20 766 2778 10090 0 362 2 71 30 67 1 1 1
2015 4 21 766 2778 10090 0 362 2 71 30 67 1 1 1
2015 4 22 766 2778 10090 0 362 2 71 30 67 1 1 1
2015 4 23 766 2778 10090 0 362 2 71 30 67 1 1 1
2015 4 24 766 2778 10090 0 362 2 71 30 67 1 1 1
2015 4 25 766 2778 10090 0 362 2 71 30 67 1 1 1
2015 4 26 766 2778 10090 0 362 2 71 30 67 1 1 1
2015 4 27 766 2778 10090 0 362 2 71 30 67 1 1 1
2015 4 28 766 2778 10090 0 362 2 71 30 67 1 1 1
2015 4 29 766 2778 10090 0 362 2 71 30 67 1 1 1
2015 4 30 766 2778 10090 0 362 2 71 30 67 1 1 1
2015 5 1 789 3081 10125 0 405 2 71 30 68 1 1 1
2015 5 2 789 3081 10125 0 405 2 71 30 68 1 1 1
2015 5 3 789 3081 10125 0 405 2 71 30 68 1 1 1
2015 5 4 789 3081 10125 0 405 2 71 30 68 1 1 1
2015 5 5 789 3081 10125 0 405 2 71 30 68 1 1 1
2015 5 6 789 3081 10125 0 405 2 71 30 68 1 1 1
2015 5 7 789 3081 10125 0 405 2 71 30 68 1 1 1
2015 5 8 789 3081 10125 0 405 2 71 30 68 1 1 1
2015 5 9 789 3081 10125 0 405 2 71 30 68 1 1 1
2015 5 10 789 3081 10125 0 405 2 71 30 68 1 1 1
2015 5 11 789 3081 10125 0 405 2 71 30 68 1 1 1
2015 5 12 789 3081 10125 0 405 2 71 30 68 1 1 1
2015 5 13 789 3081 10125 0 405 2 71 30 68 1 1 1
2015 5 14 789 3081 10125 0 405 2 71 30 68 1 1 1
2015 5 15 789 3081 10125 0 405 2 71 30 68 1 1 1
2015 5 16 789 3081 10125 0 405 2 71 30 68 1 1 1
2015 5 17 789 3081 10125 0 405 2 71 30 68 1 1 1
2015 5 18 789 3081 10125 0 405 2 71 30 68 1 1 1
2015 5 19 789 3081 10125 0 405 2 71 30 68 1 1 1
2015 5 20 789 3081 10125 0 405 2 71 30 68 1 1 1
2015 5 21 789 3081 10125 0 405 2 71 30 68 1 1 1
2015 5 22 789 3081 10125 0 405 2 71 30 68 1 1 1
2015 5 23 789 3081 10125 0 405 2 71 30 68 1 1 1
2015 5 24 789 3081 10125 0 405 2 71 30 68 1 1 1
2015 5 25 789 3081 10125 0 405 2 71 30 68 1 1 1
2015 5 26 789 3081 10125 0 405 2 71 30 68 1 1 1
2015 5 27 789 3081 10125 0 405 2 71 30 68 1 1 1
2015 5 28 789 3081 10125 0 405 2 71 30 68 1 1 1
2015 5 29 789 3081 10125 0 405 2 71 30 68 1 1 1
2015 5 30 789 3081 10125 0 405 2 71 30 68 1 1 1
2015 5 31 789 3081 10125 0 405 2 71 30 68 1 1 1
2015 6 1 803 3288 10152 0 418 2 73 30 71 1 1 1
2015 6 2 803 3288 10152 0 418 2 73 30 71 1 1 1
2015 6 3 803 3288 10152 0 418 2 73 30 71 1 1 1
2015 6 4 803 3288 10152 0 418 2 73 30 71 1 1 1
2015 6 5 803 3288 10152 0 418 2 73 30 71 1 1 1
2015 6 6 803 3288 10152 0 418 2 73 30 71 1 1 1
2015 6 7 803 3288 10152 0 418 2 73 30 71 1 1 1
2015 6 8 803 3288 10152 0 418 2 73 30 71 1 1 1
2015 6 9 803 3288 10152 0 418 2 73 30 71 1 1 1
2015 6 10 803 3288 10152 0 418 2 73 30 71 1 1 1
2015 6 11 803 3288 10152 0 418 2 73 30 71 1 1 1
2015 6 12 803 3288 10152 0 418 2 73 30 71 1 1 1
2015 6 13 803 3288 10152 0 418 2 73 30 71 1 1 1
2015 6 14 803 3288 10152 0 418 2 73 30 71 1 1 1
2015 6 15 803 3288 10152 0 418 2 73 30 71 1 1 1
2015 6 16 803 3288 10152 0 418 2 73 30 71 1 1 1
2015 6 17 803 3288 10152 0 418 2 73 30 71 1 1 1
2015 6 18 803 3288 10152 0 418 2 73 30 71 1 1 1
2015 6 19 803 3288 10152 0 418 2 73 30 71 1 1 1
2015 6 20 803 3288 10152 0 418 2 73 30 71 1 1 1
2015 6 21 803 3288 10152 0 418 2 73 30 71 1 1 1
2015 6 22 803 3288 10152 0 418 2 73 30 71 1 1 1
2015 6 23 803 3288 10152 0 418 2 73 30 71 1 1 1
2015 6 24 803 3288 10152 0 418 2 73 30 71 1 1 1
2015 6 25 803 3288 10152 0 418 2 73 30 71 1 1 1
2015 6 26 803 3288 10152 0 418 2 73 30 71 1 1 1
2015 6 27 803 3288 10152 0 418 2 73 30 71 1 1 1
2015 6 28 803 3288 10152 0 418 2 73 30 71 1 1 1
2015 6 29 803 3288 10152 0 418 2 73 30 71 1 1 1
2015 6 30 803 3288 10152 0 418 2 73 30 71 1 1 1
2015 7 1 821 3493 10168 0 432 2 74 30 71 1 1 1
2015 7 2 821 3493 10168 0 432 2 74 30 71 1 1 1
2015 7 3 821 3493 10168 0 432 2 74 30 71 1 1 1
2015 7 4 821 3493 10168 0 432 2 74 30 71 1 1 1
2015 7 5 821 3493 10168 0 432 2 74 30 71 1 1 1
2015 7 6 821 3493 10168 0 432 2 74 30 71 1 1 1
2015 7 7 821 3493 10168 0 432 2 74 30 71 1 1 1
2015 7 8 821 3493 10168 0 432 2 74 30 71 1 1 1
2015 7 9 821 3493 10168 0 432 2 74 30 71 1 1 1
2015 7 10 821 3493 10168 0 432 2 74 30 71 1 1 1
2015 7 11 821 3493 10168 0 432 2 74 30 71 1 1 1
2015 7 12 821 3493 10168 0 432 2 74 30 71 1 1 1
2015 7 13 821 3493 10168 0 432 2 74 30 71 1 1 1
2015 7 14 821 3493 10168 0 432 2 74 30 71 1 1 1
2015 7 15 821 3493 10168 0 432 2 74 30 71 1 1 1
2015 7 16 821 3493 10168 0 432 2 74 30 71 1 1 1
2015 7 17 821 3493 10168 0 432 2 74 30 71 1 1 1
2015 7 18 821 3493 10168 0 432 2 74 30 71 1 1 1
2015 7 19 821 3493 10168 0 432 2 74 30 71 1 1 1
2015 7 20 821 3493 10168 0 432 2 74 30 71 1 1 1
2015 7 21 821 3493 10168 0 432 2 74 30 71 1 1 1
2015 7 22 821 3493 10168 0 432 2 74 30 71 1 1 1
2015 7 23 821 3493 10168 0 432 2 74 30 71 1 1 1
2015 7 24 821 3493 10168 0 432 2 74 30 71 1 1 1
2015 7 25 821 3493 10168 0 432 2 74 30 71 1 1 1
2015 7 26 821 3493 10168 0 432 2 74 30 71 1 1 1
2015 7 27 821 3493 10168 0 432 2 74 30 71 1 1 1
2015 7 28 821 3493 10168 0 432 2 74 30 71 1 1 1
2015 7 29 821 3493 10168 0 432 2 74 30 71 1 1 1
2015 7 30 821 3493 10168 0 432 2 74 30 71 1 1 1
2015 7 31 821 3493 10168 0 432 2 74 30 71 1 1 1
2015 8 1 834 3655 10185 0 442 2 74 30 71 1 1 1
2015 8 2 834 3655 10185 0 442 2 74 30 71 1 1 1
2015 8 3 834 3655 10185 0 442 2 74 30 71 1 1 1
2015 8 4 834 3655 10185 0 442 2 74 30 71 1 1 1
2015 8 5 834 3655 10185 0 442 2 74 30 71 1 1 1
2015 8 6 834 3655 10185 0 442 2 74 30 71 1 1 1
2015 8 7 834 3655 10185 0 442 2 74 30 71 1 1 1
2015 8 8 834 3655 10185 0 442 2 74 30 71 1 1 1
2015 8 9 834 3655 10185 0 442 2 74 30 71 1 1 1
2015 8 10 834 3655 10185 0 442 2 74 30 71 1 1 1
2015 8 11 834 3655 10185 0 442 2 74 30 71 1 1 1
2015 8 12 834 3655 10185 0 442 2 74 30 71 1 1 1
2015 8 13 834 3655 10185 0 442 2 74 30 71 1 1 1
2015 8 14 834 3655 10185 0 442 2 74 30 71 1 1 1
2015 8 15 834 3655 10185 0 442 2 74 30 71 1 1 1
2015 8 16 834 3655 10185 0 442 2 74 30 71 1 1 1
2015 8 17 834 3655 10185 0 442 2 74 30 71 1 1 1
2015 8 18 834 3655 10185 0 442 2 74 30 71 1 1 1
2015 8 19 834 3655 10185 0 442 2 74 30 71 1 1 1
2015 8 20 834 3655 10185 0 442 2 74 30 71 1 1 1
2015 8 21 834 3655 10185 0 442 2 74 30 71 1 1 1
2015 8 22 834 3655 10185 0 442 2 74 30 71 1 1 1
2015 8 23 834 3655 10185 0 442 2 74 30 71 1 1 1
2015 8 24 834 3655 10185 0 442 2 74 30 71 1 1 1
2015 8 25 834 3655 10185 0 442 2 74 30 71 1 1 1
2015 8 26 834 3655 10185 0 442 2 74 30 71 1 1 1
2015 8 27 834 3655 10185 0 442 2 74 30 71 1 1 1
2015 8 28 834 3655 10185 0 442 2 74 30 71 1 1 1
2015 8 29 834 3655 10185 0 442 2 74 30 71 1 1 1
2015 8 30 834 3655 10185 0 442 2 74 30 71 1 1 1
2015 8 31 834 3655 10185 0 442 2 74 30 71 1 1 1
2015 9 1 859 3746 10198 0 454 2 75 30 71 1 1 1
2015 9 2 859 3746 10198 0 454 2 75 30 71 1 1 1
2015 9 3 859 3746 10198 0 454 2 75 30 71 1 1 1
2015 9 4 859 3746 10198 0 454 2 75 30 71 1 1 1
2015 9 5 859 3746 10198 0 454 2 75 30 71 1 1 1
2015 9 6 859 3746 10198 0 454 2 75 30 71 1 1 1
2015 9 7 859 3746 10198 0 454 2 75 30 71 1 1 1
2015 9 8 859 3746 10198 0 454 2 75 30 71 1 1 1
2015 9 9 859 3746 10198 0 454 2 75 30 71 1 1 1
2015 9 10 859 3746 10198 0 454 2 75 30 71 1 1 1
2015 9 11 859 3746 10198 0 454 2 75 30 71 1 1 1
2015 9 12 859 3746 10198 0 454 2 75 30 71 1 1 1
2015 9 13 859 3746 10198 0 454 2 75 30 71 1 1 1
2015 9 14 859 3746 10198 0 454 2 75 30 71 1 1 1
2015 9 15 859 3746 10198 0 454 2 75 30 71 1 1 1
2015 9 16 859 3746 10198 0 454 2 75 30 71 1 1 1
2015 9 17 859 3746 10198 0 454 2 75 30 71 1 1 1
2015 9 18 859 3746 10198 0 454 2 75 30 71 1 1 1
2015 9 19 859 3746 10198 0 454 2 75 30 71 1 1 1
2015 9 20 859 3746 10198 0 454 2 75 30 71 1 1 1
2015 9 21 859 3746 10198 0 454 2 75 30 71 1 1 1
2015 9 22 859 3746 10198 0 454 2 75 30 71 1 1 1
2015 9 23 859 3746 10198 0 454 2 75 30 71 1 1 1
2015 9 24 859 3746 10198 0 454 2 75 30 71 1 1 1
2015 9 25 859 3746 10198 0 454 2 75 30 71 1 1 1
2015 9 26 859 3746 10198 0 454 2 75 30 71 1 1 1
2015 9 27 859 3746 10198 0 454 2 75 30 71 1 1 1
2015 9 28 859 3746 10198 0 454 2 75 30 71 1 1 1
2015 9 29 859 3746 10198 0 454 2 75 30 71 1 1 1
2015 9 30 859 3746 10198 0 454 2 75 30 71 1 1 1
2015 10 1 873 3885 10222 0 464 3 75 30 71 2 1 1
2015 10 2 873 3885 10222 0 464 3 75 30 71 2 1 1
2015 10 3 873 3885 10222 0 464 3 75 30 71 2 1 1
2015 10 4 873 3885 10222 0 464 3 75 30 71 2 1 1
2015 10 5 873 3885 10222 0 464 3 75 30 71 2 1 1
2015 10 6 873 3885 10222 0 464 3 75 30 71 2 1 1
2015 10 7 873 3885 10222 0 464 3 75 30 71 2 1 1
2015 10 8 873 3885 10222 0 464 3 75 30 71 2 1 1
2015 10 9 873 3885 10222 0 464 3 75 30 71 2 1 1
2015 10 10 873 3885 10222 0 464 3 75 30 71 2 1 1
2015 10 11 873 3885 10222 0 464 3 75 30 71 2 1 1
2015 10 12 873 3885 10222 0 464 3 75 30 71 2 1 1
2015 10 13 873 3885 10222 0 464 3 75 30 71 2 1 1
2015 10 14 873 3885 10222 0 464 3 75 30 71 2 1 1
2015 10 15 873 3885 10222 0 464 3 75 30 71 2 1 1
2015 10 16 873 3885 10222 0 464 3 75 30 71 2 1 1
2015 10 17 873 3885 10222 0 464 3 75 30 71 2 1 1
2015 10 18 873 3885 10222 0 464 3 75 30 71 2 1 1
2015 10 19 873 3885 10222 0 464 3 75 30 71 2 1 1
2015 10 20 873 3885 10222 0 464 3 75 30 71 2 1 1
2015 10 21 873 3885 10222 0 464 3 75 30 71 2 1 1
2015 10 22 873 3885 10222 0 464 3 75 30 71 2 1 1
2015 10 23 873 3885 10222 0 464 3 75 30 71 2 1 1
2015 10 24 873 3885 10222 0 464 3 75 30 71 2 1 1
2015 10 25 873 3885 10222 0 464 3 75 30 71 2 1 1
2015 10 26 873 3885 10222 0 464 3 75 30 71 2 1 1
2015 10 27 873 3885 10222 0 464 3 75 30 71 2 1 1
2015 10 28 873 3885 10222 0 464 3 75 30 71 2 1 1
2015 10 29 873 3885 10222 0 464 3 75 30 71 2 1 1
2015 10 30 873 3885 10222 0 464 3 75 30 71 2 1 1
2015 10 31 873 3885 10222 0 464 3 75 30 71 2 1 1
2015 11 1 916 4229 10258 0 484 3 76 30 71 2 1 1
2015 11 2 916 4229 10258 0 484 3 76 30 71 2 1 1
2015 11 3 916 4229 10258 0 484 3 76 30 71 2 1 1
2015 11 4 916 4229 10258 0 484 3 76 30 71 2 1 1
2015 11 5 916 4229 10258 0 484 3 76 30 71 2 1 1
2015 11 6 916 4229 10258 0 484 3 76 30 71 2 1 1
2015 11 7 916 4229 10258 0 484 3 76 30 71 2 1 1
2015 11 8 916 4229 10258 0 484 3 76 30 71 2 1 1
2015 11 9 916 4229 10258 0 484 3 76 30 71 2 1 1
2015 11 10 916 4229 10258 0 484 3 76 30 71 2 1 1
2015 11 11 916 4229 10258 0 484 3 76 30 71 2 1 1
2015 11 12 916 4229 10258 0 484 3 76 30 71 2 1 1
2015 11 13 916 4229 10258 0 484 3 76 30 71 2 1 1
2015 11 14 916 4229 10258 0 484 3 76 30 71 2 1 1
2015 11 15 916 4229 10258 0 484 3 76 30 71 2 1 1
2015 11 16 916 4229 10258 0 484 3 76 30 71 2 1 1
2015 11 17 916 4229 10258 0 484 3 76 30 71 2 1 1
2015 11 18 916 4229 10258 0 484 3 76 30 71 2 1 1
2015 11 19 916 4229 10258 0 484 3 76 30 71 2 1 1
2015 11 20 916 4229 10258 0 484 3 76 30 71 2 1 1
2015 11 21 916 4229 10258 0 484 3 76 30 71 2 1 1
2015 11 22 916 4229 10258 0 484 3 76 30 71 2 1 1
2015 11 23 916 4229 10258 0 484 3 76 30 71 2 1 1
2015 11 24 916 4229 10258 0 484 3 76 30 71 2 1 1
2015 11 25 916 4229 10258 0 484 3 76 30 71 2 1 1
2015 11 26 916 4229 10258 0 484 3 76 30 71 2 1 1
2015 11 27 916 4229 10258 0 484 3 76 30 71 2 1 1
2015 11 28 916 4229 10258 0 484 3 76 30 71 2 1 1
2015 11 29 916 4229 10258 0 484 3 76 30 71 2 1 1
2015 11 30 916 4229 10258 0 484 3 76 30 71 2 1 1
2015 12 1 935 4832 10311 0 500 3 78 30 71 2 1 1
2015 12 2 935 4832 10311 0 500 3 78 30 71 2 1 1
2015 12 3 935 4832 10311 0 500 3 78 30 71 2 1 1
2015 12 4 935 4832 10311 0 500 3 78 30 71 2 1 1
2015 12 5 935 4832 10311 0 500 3 78 30 71 2 1 1
2015 12 6 935 4832 10311 0 500 3 78 30 71 2 1 1
2015 12 7 935 4832 10311 0 500 3 78 30 71 2 1 1
2015 12 8 935 4832 10311 0 500 3 78 30 71 2 1 1
2015 12 9 935 4832 10311 0 500 3 78 30 71 2 1 1
2015 12 10 935 4832 10311 0 500 3 78 30 71 2 1 1
2015 12 11 935 4832 10311 0 500 3 78 30 71 2 1 1
2015 12 12 935 4832 10311 0 500 3 78 30 71 2 1 1
2015 12 13 935 4832 10311 0 500 3 78 30 71 2 1 1
2015 12 14 935 4832 10311 0 500 3 78 30 71 2 1 1
2015 12 15 935 4832 10311 0 500 3 78 30 71 2 1 1
2015 12 16 935 4832 10311 0 500 3 78 30 71 2 1 1
2015 12 17 935 4832 10311 0 500 3 78 30 71 2 1 1
2015 12 18 935 4832 10311 0 500 3 78 30 71 2 1 1
2015 12 19 935 4832 10311 0 500 3 78 30 71 2 1 1
2015 12 20 935 4832 10311 0 500 3 78 30 71 2 1 1
2015 12 21 935 4832 10311 0 500 3 78 30 71 2 1 1
2015 12 22 935 4832 10311 0 500 3 78 30 71 2 1 1
2015 12 23 935 4832 10311 0 500 3 78 30 71 2 1 1
2015 12 24 935 4832 10311 0 500 3 78 30 71 2 1 1
2015 12 25 935 4832 10311 0 500 3 78 30 71 2 1 1
2015 12 26 935 4832 10311 0 500 3 78 30 71 2 1 1
2015 12 27 935 4832 10311 0 500 3 78 30 71 2 1 1
2015 12 28 935 4832 10311 0 500 3 78 30 71 2 1 1
2015 12 29 935 4832 10311 0 500 3 78 30 71 2 1 1
2015 12 30 935 4832 10311 0 500 3 78 30 71 2 1 1
2015 12 31 935 4832 10311 0 500 3 78 30 71 2 1 1
