year month date day holiday
2019 1 1 1 1
2019 1 2 2 0
2019 1 3 3 0
2019 1 4 4 0
2019 1 5 5 0
2019 1 6 6 0
2019 1 7 0 0
2019 1 8 1 0
2019 1 9 2 0
2019 1 10 3 0
2019 1 11 4 0
2019 1 12 5 0
2019 1 13 6 0
2019 1 14 0 0
2019 1 15 1 0
2019 1 16 2 0
2019 1 17 3 0
2019 1 18 4 0
2019 1 19 5 0
2019 1 20 6 0
2019 1 21 0 0
2019 1 22 1 0
2019 1 23 2 0
2019 1 24 3 0
2019 1 25 4 0
2019 1 26 5 0
2019 1 27 6 0
2019 1 28 0 0
2019 1 29 1 0
2019 1 30 2 0
2019 1 31 3 0
2019 2 1 4 0
2019 2 2 5 0
2019 2 3 6 0
2019 2 4 0 1
2019 2 5 1 1
2019 2 6 2 1
2019 2 7 3 0
2019 2 8 4 0
2019 2 9 5 0
2019 2 10 6 0
2019 2 11 0 0
2019 2 12 1 0
2019 2 13 2 0
2019 2 14 3 0
2019 2 15 4 0
2019 2 16 5 0
2019 2 17 6 0
2019 2 18 0 0
2019 2 19 1 0
2019 2 20 2 0
2019 2 21 3 0
2019 2 22 4 0
2019 2 23 5 0
2019 2 24 6 0
2019 2 25 0 0
2019 2 26 1 0
2019 2 27 2 0
2019 2 28 3 0
2019 3 1 4 1
2019 3 2 5 0
2019 3 3 6 0
2019 3 4 0 0
2019 3 5 1 0
2019 3 6 2 0
2019 3 7 3 0
2019 3 8 4 0
2019 3 9 5 0
2019 3 10 6 0
2019 3 11 0 0
2019 3 12 1 0
2019 3 13 2 0
2019 3 14 3 0
2019 3 15 4 0
2019 3 16 5 0
2019 3 17 6 0
2019 3 18 0 0
2019 3 19 1 0
2019 3 20 2 0
2019 3 21 3 0
2019 3 22 4 0
2019 3 23 5 0
2019 3 24 6 0
2019 3 25 0 0
2019 3 26 1 0
2019 3 27 2 0
2019 3 28 3 0
2019 3 29 4 0
2019 3 30 5 0
2019 3 31 6 0
2019 4 1 0 0
2019 4 2 1 0
2019 4 3 2 0
2019 4 4 3 0
2019 4 5 4 0
2019 4 6 5 0
2019 4 7 6 0
2019 4 8 0 0
2019 4 9 1 0
2019 4 10 2 0
2019 4 11 3 0
2019 4 12 4 0
2019 4 13 5 0
2019 4 14 6 0
2019 4 15 0 0
2019 4 16 1 0
2019 4 17 2 0
2019 4 18 3 0
2019 4 19 4 0
2019 4 20 5 0
2019 4 21 6 0
2019 4 22 0 0
2019 4 23 1 0
2019 4 24 2 0
2019 4 25 3 0
2019 4 26 4 0
2019 4 27 5 0
2019 4 28 6 0
2019 4 29 0 0
2019 4 30 1 0
2019 5 1 2 0
2019 5 2 3 0
2019 5 3 4 0
2019 5 4 5 0
2019 5 5 6 1
2019 5 6 0 1
2019 5 7 1 0
2019 5 8 2 0
2019 5 9 3 0
2019 5 10 4 0
2019 5 11 5 0
2019 5 12 6 1
2019 5 13 0 0
2019 5 14 1 0
2019 5 15 2 0
2019 5 16 3 0
2019 5 17 4 0
2019 5 18 5 0
2019 5 19 6 0
2019 5 20 0 0
2019 5 21 1 0
2019 5 22 2 0
2019 5 23 3 0
2019 5 24 4 0
2019 5 25 5 0
2019 5 26 6 0
2019 5 27 0 0
2019 5 28 1 0
2019 5 29 2 0
2019 5 30 3 0
2019 5 31 4 0
2019 6 1 5 0
2019 6 2 6 0
2019 6 3 0 0
2019 6 4 1 0
2019 6 5 2 0
2019 6 6 3 1
2019 6 7 4 0
2019 6 8 5 0
2019 6 9 6 0
2019 6 10 0 0
2019 6 11 1 0
2019 6 12 2 0
2019 6 13 3 0
2019 6 14 4 0
2019 6 15 5 0
2019 6 16 6 0
2019 6 17 0 0
2019 6 18 1 0
2019 6 19 2 0
2019 6 20 3 0
2019 6 21 4 0
2019 6 22 5 0
2019 6 23 6 0
2019 6 24 0 0
2019 6 25 1 0
2019 6 26 2 0
2019 6 27 3 0
2019 6 28 4 0
2019 6 29 5 0
2019 6 30 6 0
2019 7 1 0 0
2019 7 2 1 0
2019 7 3 2 0
2019 7 4 3 0
2019 7 5 4 0
2019 7 6 5 0
2019 7 7 6 0
2019 7 8 0 0
2019 7 9 1 0
2019 7 10 2 0
2019 7 11 3 0
2019 7 12 4 0
2019 7 13 5 0
2019 7 14 6 0
2019 7 15 0 0
2019 7 16 1 0
2019 7 17 2 0
2019 7 18 3 0
2019 7 19 4 0
2019 7 20 5 0
2019 7 21 6 0
2019 7 22 0 0
2019 7 23 1 0
2019 7 24 2 0
2019 7 25 3 0
2019 7 26 4 0
2019 7 27 5 0
2019 7 28 6 0
2019 7 29 0 0
2019 7 30 1 0
2019 7 31 2 0
2019 8 1 3 0
2019 8 2 4 0
2019 8 3 5 0
2019 8 4 6 0
2019 8 5 0 0
2019 8 6 1 0
2019 8 7 2 0
2019 8 8 3 0
2019 8 9 4 0
2019 8 10 5 0
2019 8 11 6 0
2019 8 12 0 0
2019 8 13 1 0
2019 8 14 2 0
2019 8 15 3 1
2019 8 16 4 0
2019 8 17 5 0
2019 8 18 6 0
2019 8 19 0 0
2019 8 20 1 0
2019 8 21 2 0
2019 8 22 3 0
2019 8 23 4 0
2019 8 24 5 0
2019 8 25 6 0
2019 8 26 0 0
2019 8 27 1 0
2019 8 28 2 0
2019 8 29 3 0
2019 8 30 4 0
2019 8 31 5 0
2019 9 1 6 0
2019 9 2 0 0
2019 9 3 1 0
2019 9 4 2 0
2019 9 5 3 0
2019 9 6 4 0
2019 9 7 5 0
2019 9 8 6 0
2019 9 9 0 0
2019 9 10 1 0
2019 9 11 2 0
2019 9 12 3 1
2019 9 13 4 1
2019 9 14 5 1
2019 9 15 6 0
2019 9 16 0 0
2019 9 17 1 0
2019 9 18 2 0
2019 9 19 3 0
2019 9 20 4 0
2019 9 21 5 0
2019 9 22 6 0
2019 9 23 0 0
2019 9 24 1 0
2019 9 25 2 0
2019 9 26 3 0
2019 9 27 4 0
2019 9 28 5 0
2019 9 29 6 0
2019 9 30 0 0
2019 10 1 1 0
2019 10 2 2 0
2019 10 3 3 1
2019 10 4 4 0
2019 10 5 5 0
2019 10 6 6 0
2019 10 7 0 0
2019 10 8 1 0
2019 10 9 2 1
2019 10 10 3 0
2019 10 11 4 0
2019 10 12 5 0
2019 10 13 6 0
2019 10 14 0 0
2019 10 15 1 0
2019 10 16 2 0
2019 10 17 3 0
2019 10 18 4 0
2019 10 19 5 0
2019 10 20 6 0
2019 10 21 0 0
2019 10 22 1 0
2019 10 23 2 0
2019 10 24 3 0
2019 10 25 4 0
2019 10 26 5 0
2019 10 27 6 0
2019 10 28 0 0
2019 10 29 1 0
2019 10 30 2 0
2019 10 31 3 0
2019 11 1 4 0
2019 11 2 5 0
2019 11 3 6 0
2019 11 4 0 0
2019 11 5 1 0
2019 11 6 2 0
2019 11 7 3 0
2019 11 8 4 0
2019 11 9 5 0
2019 11 10 6 0
2019 11 11 0 0
2019 11 12 1 0
2019 11 13 2 0
2019 11 14 3 0
2019 11 15 4 0
2019 11 16 5 0
2019 11 17 6 0
2019 11 18 0 0
2019 11 19 1 0
2019 11 20 2 0
2019 11 21 3 0
2019 11 22 4 0
2019 11 23 5 0
2019 11 24 6 0
2019 11 25 0 0
2019 11 26 1 0
2019 11 27 2 0
2019 11 28 3 0
2019 11 29 4 0
2019 11 30 5 0
2019 12 1 6 0
2019 12 2 0 0
2019 12 3 1 0
2019 12 4 2 0
2019 12 5 3 0
2019 12 6 4 0
2019 12 7 5 0
2019 12 8 6 0
2019 12 9 0 0
2019 12 10 1 0
2019 12 11 2 0
2019 12 12 3 0
2019 12 13 4 0
2019 12 14 5 0
2019 12 15 6 0
2019 12 16 0 0
2019 12 17 1 0
2019 12 18 2 0
2019 12 19 3 0
2019 12 20 4 0
2019 12 21 5 0
2019 12 22 6 0
2019 12 23 0 0
2019 12 24 1 0
2019 12 25 2 1
2019 12 26 3 0
2019 12 27 4 0
2019 12 28 5 0
2019 12 29 6 0
2019 12 30 0 0
2019 12 31 1 0
