year month date insu_sum
2014 01 01 119661
2014 01 02 157900
2014 01 03 163054
2014 01 04 137908
2014 01 05 123537
2014 01 06 159659
2014 01 07 171492
2014 01 08 168530
2014 01 09 181465
2014 01 10 171998
2014 01 11 132736
2014 01 12 134038
2014 01 13 181602
2014 01 14 190346
2014 01 15 182483
2014 01 16 170968
2014 01 17 158439
2014 01 18 151156
2014 01 19 123271
2014 01 20 154034
2014 01 21 165005
2014 01 22 162312
2014 01 23 158528
2014 01 24 151804
2014 01 25 129766
2014 01 26 122070
2014 01 27 155856
2014 01 28 153654
2014 01 29 130909
2014 01 30 86993
2014 01 31 78136
2014 02 01 82692
2014 02 02 89922
2014 02 03 138902
2014 02 04 147871
2014 02 05 153959
2014 02 06 164982
2014 02 07 160748
2014 02 08 131457
2014 02 09 117540
2014 02 10 148912
2014 02 11 147971
2014 02 12 143821
2014 02 13 150512
2014 02 14 159501
2014 02 15 142517
2014 02 16 120623
2014 02 17 157945
2014 02 18 161314
2014 02 19 146878
2014 02 20 151018
2014 02 21 152229
2014 02 22 138347
2014 02 23 118779
2014 02 24 162137
2014 02 25 165450
2014 02 26 158447
2014 02 27 155750
2014 02 28 149893
2014 03 01 125015
2014 03 02 101256
2014 03 03 138622
2014 03 04 141463
2014 03 05 169716
2014 03 06 171291
2014 03 07 170436
2014 03 08 146191
2014 03 09 123434
2014 03 10 162083
2014 03 11 160047
2014 03 12 163562
2014 03 13 167998
2014 03 14 157840
2014 03 15 132972
2014 03 16 101984
2014 03 17 128321
2014 03 18 138244
2014 03 19 140274
2014 03 20 146208
2014 03 21 136576
2014 03 22 126866
2014 03 23 108926
2014 03 24 141925
2014 03 25 131345
2014 03 26 133386
2014 03 27 132340
2014 03 28 124819
2014 03 29 103872
2014 03 30 76422
2014 03 31 115393
2014 04 01 115045
2014 04 02 132535
2014 04 03 152524
2014 04 04 160147
2014 04 05 149434
2014 04 06 135020
2014 04 07 189271
2014 04 08 191855
2014 04 09 167500
2014 04 10 154234
2014 04 11 142845
2014 04 12 118264
2014 04 13 89516
2014 04 14 129320
2014 04 15 120167
2014 04 16 118082
2014 04 17 126264
2014 04 18 118709
2014 04 19 103177
2014 04 20 94899
2014 04 21 126383
2014 04 22 124785
2014 04 23 124648
2014 04 24 114769
2014 04 25 114359
2014 04 26 102158
2014 04 27 85534
2014 04 28 122606
2014 04 29 129724
2014 04 30 133856
2014 05 01 118698
2014 05 02 120781
2014 05 03 96481
2014 05 04 80688
2014 05 05 78090
2014 05 06 90483
2014 05 07 112369
2014 05 08 113271
2014 05 09 114092
2014 05 10 96974
2014 05 11 71083
2014 05 12 114926
2014 05 13 113804
2014 05 14 130585
2014 05 15 132524
2014 05 16 123173
2014 05 17 106557
2014 05 18 83640
2014 05 19 122778
2014 05 20 123024
2014 05 21 123936
2014 05 22 120294
2014 05 23 115151
2014 05 24 97962
2014 05 25 71728
2014 05 26 116868
2014 05 27 118380
2014 05 28 123521
2014 05 29 118435
2014 05 30 121528
2014 05 31 102333
2014 06 01 73696
2014 06 02 119744
2014 06 03 118799
2014 06 04 112774
2014 06 05 110096
2014 06 06 105565
2014 06 07 77121
2014 06 08 72779
2014 06 09 112356
2014 06 10 108072
2014 06 11 117460
2014 06 12 114860
2014 06 13 115244
2014 06 14 97423
2014 06 15 74851
2014 06 16 116074
2014 06 17 114400
2014 06 18 103847
2014 06 19 109829
2014 06 20 88096
2014 06 21 74446
2014 06 22 62550
2014 06 23 107456
2014 06 24 112481
2014 06 25 104422
2014 06 26 113390
2014 06 27 112170
2014 06 28 101338
2014 06 29 90832
2014 06 30 112936
2014 07 01 109681
2014 07 02 110904
2014 07 03 106972
2014 07 04 103781
2014 07 05 91399
2014 07 06 83154
2014 07 07 112783
2014 07 08 119393
2014 07 09 118448
2014 07 10 123096
2014 07 11 109939
2014 07 12 93385
2014 07 13 89905
2014 07 14 115003
2014 07 15 114380
2014 07 16 112488
2014 07 17 118200
2014 07 18 122290
2014 07 19 112287
2014 07 20 97156
2014 07 21 123538
2014 07 22 122682
2014 07 23 110399
2014 07 24 111763
2014 07 25 113730
2014 07 26 97690
2014 07 27 86156
2014 07 28 109782
2014 07 29 108959
2014 07 30 108538
2014 07 31 118839
2014 08 01 112323
2014 08 02 99842
2014 08 03 92887
2014 08 04 115896
2014 08 05 121012
2014 08 06 122721
2014 08 07 125846
2014 08 08 114946
2014 08 09 120140
2014 08 10 97532
2014 08 11 127894
2014 08 12 111846
2014 08 13 109009
2014 08 14 116302
2014 08 15 113275
2014 08 16 94912
2014 08 17 91504
2014 08 18 124666
2014 08 19 114282
2014 08 20 103890
2014 08 21 103023
2014 08 22 105299
2014 08 23 91745
2014 08 24 86794
2014 08 25 110946
2014 08 26 115518
2014 08 27 112957
2014 08 28 119137
2014 08 29 109516
2014 08 30 87327
2014 08 31 84485
2014 09 01 116250
2014 09 02 113771
2014 09 03 111089
2014 09 04 108729
2014 09 05 92226
2014 09 06 64397
2014 09 07 55564
2014 09 08 52957
2014 09 09 58060
2014 09 10 68908
2014 09 11 105996
2014 09 12 113211
2014 09 13 94526
2014 09 14 86920
2014 09 15 113048
2014 09 16 113249
2014 09 17 115915
2014 09 18 107686
2014 09 19 105896
2014 09 20 78756
2014 09 21 65539
2014 09 22 114059
2014 09 23 117777
2014 09 24 116408
2014 09 25 109952
2014 09 26 107374
2014 09 27 79452
2014 09 28 71041
2014 09 29 119066
2014 09 30 113805
2014 10 01 109880
2014 10 02 99301
2014 10 03 93668
2014 10 04 79341
2014 10 05 81232
2014 10 06 126751
2014 10 07 123646
2014 10 08 114842
2014 10 09 92943
2014 10 10 100604
2014 10 11 77594
2014 10 12 67614
2014 10 13 102035
2014 10 14 101968
2014 10 15 96545
2014 10 16 102950
2014 10 17 103633
2014 10 18 94171
2014 10 19 89229
2014 10 20 125701
2014 10 21 116285
2014 10 22 122209
2014 10 23 113640
2014 10 24 97448
2014 10 25 83354
2014 10 26 63621
2014 10 27 85067
2014 10 28 88164
2014 10 29 95402
2014 10 30 99533
2014 10 31 101270
2014 11 01 83924
2014 11 02 94067
2014 11 03 136974
2014 11 04 152195
2014 11 05 146502
2014 11 06 173887
2014 11 07 158006
2014 11 08 107273
2014 11 09 98905
2014 11 10 132716
2014 11 11 139472
2014 11 12 149926
2014 11 13 144372
2014 11 14 124404
2014 11 15 99964
2014 11 16 92585
2014 11 17 145543
2014 11 18 147363
2014 11 19 138723
2014 11 20 141737
2014 11 21 132484
2014 11 22 93649
2014 11 23 83978
2014 11 24 134807
2014 11 25 136203
2014 11 26 132018
2014 11 27 138398
2014 11 28 134684
2014 11 29 101332
2014 11 30 92281
2014 12 01 165408
2014 12 02 176131
2014 12 03 166683
2014 12 04 168112
2014 12 05 169446
2014 12 06 130390
2014 12 07 122630
2014 12 08 169245
2014 12 09 169444
2014 12 10 166409
2014 12 11 169753
2014 12 12 162131
2014 12 13 125760
2014 12 14 122654
2014 12 15 170547
2014 12 16 169565
2014 12 17 173436
2014 12 18 166268
2014 12 19 159166
2014 12 20 131252
2014 12 21 113084
2014 12 22 162845
2014 12 23 157037
2014 12 24 151467
2014 12 25 130254
2014 12 26 135796
2014 12 27 131052
2014 12 28 115373
2014 12 29 171844
2014 12 30 161104
2014 12 31 149105
