year month house_pred houseCooking_pred houseJHeating_pred salesOne_pred salesTwo_pred bizHeating_pred bizCooling_pred industry_pred heatFacility_pred heatCombined_pred CNG_pred pred_sum
2019 10 74653.0 49339.7 478064.1 215686.6 19959.7 71937.5 3596.1 3645650.9 493133.6 78462.9 597878.8 5728362.9
2019 11 127589.1 47125.2 675194.0 257932.9 19606.0 152571.9 0.0 3975255.1 850979.0 228231.6 605857.8 6940342.5
2019 12 254051.1 47749.1 1234164.7 314027.8 31240.5 262250.5 0.0 4381490.5 1455381.1 92671.8 668228.3 8741255.2
2020 1 237070.9 57314.9 1140324.4 365632.4 29518.4 293192.1 0.0 4581459.5 1573038.8 537.7 746877.7 9024966.9
2020 2 227504.7 54503.4 1062148.9 322432.9 26893.0 251545.8 0.0 4163601.7 1464498.4 1415.3 701132.0 8275676.2
2020 3 163834.9 58143.1 765244.9 327036.7 20602.0 220426.6 0.0 4276305.9 1213134.5 1355.6 717618.3 7763702.4
2020 4 89463.7 53350.2 516706.6 261275.5 16642.5 115264.7 566.3 3874221.4 789155.9 1613.5 703372.5 6421632.9
2020 5 54539.9 51127.5 383233.9 221430.4 19067.8 50200.6 13544.6 4157855.4 554787.0 1480.3 736273.4 6243541.0
2020 6 28041.0 53520.4 211702.6 208095.9 14385.1 32441.0 38251.7 3482525.5 467943.9 47608.9 711457.6 5295973.5
2020 7 20143.7 57466.5 169528.0 189244.8 13577.4 23048.7 72169.4 3470036.8 592562.9 364667.3 756566.3 5729011.8
2020 8 21084.6 53588.1 175440.3 159249.6 17191.9 17932.9 74255.1 3436971.9 573138.8 678104.4 716879.5 5923837.2
2020 9 30103.0 52263.6 209355.4 164545.4 19817.9 24078.4 41194.1 3600521.3 453482.4 411606.4 748560.3 5755528.1
2020 10 83191.4 56391.4 467828.0 234966.2 20641.5 76685.5 6277.6 3962354.1 498380.0 151026.4 641005.4 6198747.5
2020 11 154361.2 52918.3 717920.3 273831.9 20274.6 154424.6 0.0 4283575.2 857851.2 300927.4 660589.1 7476673.8
2020 12 314934.6 53019.2 1398305.8 353711.6 32668.5 283622.2 0.0 4572942.5 1521262.7 131854.3 691663.5 9353985.0
2021 1 292090.4 66258.8 1270131.5 414338.8 32859.7 321033.7 0.0 4966533.4 1587844.5 541.3 844753.7 9796385.7
2021 2 262433.5 60994.2 1124375.8 361746.9 29469.1 276907.4 0.0 4312204.1 1465777.1 1479.5 769211.4 8664599.0
2021 3 188136.3 65677.3 862258.5 364271.1 23798.3 232912.6 0.0 4621222.9 1214141.8 1714.4 807449.7 8381582.9
2021 4 104462.0 60282.5 556721.4 292124.0 19018.5 122896.6 763.0 4256494.6 799939.1 2436.1 786504.9 7001642.7
2021 5 66552.9 57922.0 377186.6 252045.7 20943.7 55513.1 15216.1 4522944.0 576439.4 2118.5 831938.8 6778820.9
2021 6 33611.3 60097.5 246682.2 223892.6 18833.5 34159.7 40967.0 3680534.1 476058.2 35664.0 797429.7 5647929.8
2021 7 23609.0 63827.8 182338.6 206717.5 17819.7 24485.2 76499.3 3646070.6 596515.8 312480.8 838963.5 5989327.8
2021 8 24977.3 58913.8 196905.1 177327.4 21914.7 19154.2 81301.7 3653946.6 575942.0 745653.2 769574.4 6325610.4
2021 9 34749.6 59089.6 227965.4 180281.8 25623.3 25900.1 44817.7 3809785.6 480933.6 356633.3 838512.8 6084292.8
