year month date house_pred houseCooking_pred houseJHeating_pred salesOne_pred salesTwo_pred bizHeating_pred bizCooling_pred industry_pred heatFacility_pred heatCombined_pred CNG_pred pred_sum
2019 10 1 2133.0 1599.5 15583.7 5994.6 659.5 1348.6 733.2 119989.1 14719.6 6008.1 22469.6 191238.4
2019 10 2 1375.0 1574.7 12095.2 6000.5 659.5 1418.9 650.7 119989.1 14525.7 5709.4 21412.1 185410.8
2019 10 3 1003.0 1616.1 9353.0 8046.3 659.5 2632.5 0.0 99333.4 15968.2 1544.3 21571.5 161727.9
2019 10 4 905.4 1494.5 7111.6 6008.3 622.7 1456.6 589.1 120026.4 14018.6 4623.8 18709.7 175566.5
2019 10 5 1853.6 1345.8 13190.4 6514.9 659.5 1937.2 318.6 102409.9 13143.0 3876.4 16405.6 161654.8
2019 10 6 2039.4 1518.6 13656.7 7148.9 659.5 2135.3 308.8 113732.1 14607.7 3790.5 16840.6 176438.2
2019 10 7 2167.0 1494.2 15479.2 6918.1 659.5 2096.9 280.9 119871.7 14444.6 3360.9 19883.1 186656.3
2019 10 8 2133.0 1496.7 15583.7 6840.8 659.5 2056.8 299.2 119989.1 14553.9 3211.9 19628.4 186453.0
2019 10 9 1710.9 1616.1 11118.3 8046.3 640.3 2632.5 0.0 99333.4 15968.2 1544.3 21571.5 164181.8
2019 10 10 2348.9 1430.2 15045.5 6467.5 640.3 1984.9 212.6 119192.6 13542.3 3992.9 15399.3 180257.0
2019 10 11 2732.1 1455.6 17631.6 6703.2 640.3 2058.8 203.2 123929.1 14423.9 3059.4 19275.2 192112.4
2019 10 12 2806.6 1441.7 16066.8 7053.2 632.1 2346.3 0.0 115188.9 14225.6 1703.3 18290.8 179755.2
2019 10 13 2788.2 1724.2 17391.2 8099.0 640.3 2657.4 0.0 118412.2 16787.7 1747.4 16760.1 187007.7
2019 10 14 2271.2 1617.6 14883.6 7460.6 640.3 2471.3 0.0 118147.7 15771.1 1770.7 20260.0 185294.1
2019 10 15 2337.6 1664.8 15125.4 7512.7 640.3 2484.7 0.0 119192.6 16455.1 1678.0 21342.3 188433.5
2019 10 16 2316.5 1615.3 15004.8 7261.6 640.3 2409.1 0.0 118265.1 15623.9 1714.7 16836.9 181688.1
2019 10 17 2348.9 1505.7 15045.5 6627.7 640.3 2231.0 0.0 119192.6 14252.1 1881.4 14782.7 178507.9
2019 10 18 2228.4 1550.3 14393.6 6778.6 640.3 2285.7 0.0 118265.1 15567.4 1533.9 20396.7 183639.9
2019 10 19 2059.4 1572.4 13245.8 6690.9 640.3 2271.7 0.0 104403.3 15135.7 1991.3 20517.9 168528.6
2019 10 20 2273.9 1811.0 14827.6 7691.7 640.3 2582.7 0.0 113732.1 17774.1 1836.5 18447.7 181617.6
2019 10 21 2271.2 1601.2 14883.6 6652.2 640.3 2254.8 0.0 119871.7 15701.6 1786.5 20528.0 186191.1
2019 10 22 2136.4 1859.1 13631.0 7620.2 640.3 2579.0 0.0 119989.1 18612.2 1857.6 25440.1 194364.9
2019 10 23 2316.5 1597.5 15004.8 6493.1 640.3 2219.8 0.0 118265.1 15639.8 1736.7 19356.9 183270.4
2019 10 24 2843.0 1505.6 17792.3 6109.5 640.3 2082.0 0.0 124368.7 14244.4 1828.1 14478.1 185892.0
2019 10 25 2732.1 1572.8 17631.6 6310.2 640.3 2183.3 0.0 118265.1 16002.7 1399.6 21562.6 188300.4
2019 10 26 2573.6 1743.1 16066.8 6934.1 640.3 2427.7 0.0 115188.9 16593.2 2161.9 19564.9 183894.7
2019 10 27 3021.2 1833.3 17391.2 7318.0 632.1 2545.7 0.0 118412.2 18238.1 1670.9 18272.7 189335.3
2019 10 28 2988.3 1594.6 17630.4 6236.9 632.1 2224.4 0.0 118701.7 15927.2 1517.5 19159.0 186612.1
2019 10 29 3811.8 1954.1 21769.9 8209.1 653.6 3634.1 0.0 120165.3 23356.6 2930.3 27317.7 213802.6
2019 10 30 3924.6 1451.0 22356.4 6715.3 643.1 2985.3 0.0 134895.0 18444.1 2491.5 18685.1 212591.3
2019 10 31 4202.3 1482.4 22072.7 7222.4 643.1 3302.3 0.0 134932.4 18865.6 2502.9 12712.2 207938.2
2019 11 1 3913.9 1479.3 21417.2 7072.1 669.5 3234.0 0.0 134570.8 20164.4 1893.9 22000.9 216416.1
2019 11 2 3317.0 1611.0 18151.7 7648.7 614.5 3477.4 0.0 110754.6 20374.3 2524.9 17997.6 186471.7
2019 11 3 3531.4 1639.6 19860.6 7818.0 601.3 3523.7 0.0 124995.3 21294.6 2360.5 18471.2 204096.2
2019 11 4 3819.1 1525.2 22211.5 7258.1 668.1 3378.5 0.0 123909.1 20753.3 2269.0 21233.3 207025.3
2019 11 5 3877.1 1770.8 22382.6 8971.1 693.4 4793.8 0.0 125294.3 26674.6 6167.0 24771.4 225396.3
2019 11 6 3769.7 1508.1 22522.4 8573.5 700.2 4639.5 0.0 129780.7 25120.3 6351.2 20389.2 223354.8
2019 11 7 2891.7 1442.5 18500.4 8773.4 631.8 4809.0 0.0 127619.9 24182.1 5376.8 10933.0 205160.5
2019 11 8 3418.0 1486.5 17523.1 8617.7 615.4 4746.0 0.0 129434.4 25921.3 4655.8 19099.8 215518.0
2019 11 9 3313.2 1445.5 18090.8 8046.4 589.0 4392.3 0.0 110754.6 23570.9 6080.8 18498.7 194782.1
2019 11 10 3531.4 1581.8 19860.6 9032.7 601.3 5027.3 0.0 124995.3 26457.6 7070.8 18635.1 216793.8
2019 11 11 3819.1 1475.4 21298.8 8071.4 653.0 4516.3 0.0 123909.1 25641.2 5703.4 23435.6 218523.3
2019 11 12 3886.6 1623.0 22716.5 8997.7 672.4 5190.0 0.0 125294.3 28737.2 8389.5 21047.1 226554.4
2019 11 13 3930.2 1575.5 23325.4 9303.9 679.1 5397.5 0.0 130065.0 29864.1 9099.5 21308.4 234548.7
2019 11 14 3888.7 1442.4 23641.8 8840.8 700.2 5206.5 0.0 133079.4 26959.7 7984.9 11237.3 222981.6
2019 11 15 3778.1 1526.1 20835.9 8830.8 658.8 5245.9 0.0 131428.9 29738.6 7357.8 20499.1 229900.0
2019 11 16 3389.6 1398.7 18513.3 7931.0 614.5 4781.3 0.0 120281.7 26485.0 9263.3 19334.8 211993.1
2019 11 17 3531.4 1537.2 20138.5 8972.7 601.3 5367.7 0.0 124995.3 29077.3 9207.2 17443.7 220872.2
2019 11 18 4175.2 1491.9 20109.6 8240.0 653.0 4921.4 0.0 129874.1 29500.3 7812.8 25650.6 232428.9
2019 11 19 3882.9 1551.9 19317.6 8604.6 657.2 5196.9 0.0 131259.3 29811.4 9626.2 23235.9 233143.9
2019 11 20 3934.0 1689.8 22412.6 9371.0 664.0 5684.8 0.0 136492.9 31978.4 11293.5 23601.9 247123.0
2019 11 21 4274.3 1582.8 21695.6 8993.6 664.0 5529.0 0.0 148366.6 29340.2 9931.8 13542.3 243920.3
2019 11 22 4691.0 1550.7 24759.2 8176.5 669.5 5081.4 0.0 139589.0 29842.4 9452.9 24264.4 248077.0
2019 11 23 5493.3 1629.6 26759.7 8815.8 651.6 5542.7 0.0 139575.3 30189.3 11954.9 19656.2 250268.6
2019 11 24 5696.3 1668.3 27976.2 8995.0 664.0 5590.9 0.0 144593.8 31618.2 10477.4 21828.0 259108.0
2019 11 25 5677.9 1542.0 26999.9 8072.7 666.1 5033.1 0.0 138196.3 29763.8 9112.5 24120.6 249184.7
2019 11 26 6087.4 1696.1 27675.9 8588.0 664.5 5446.7 0.0 143402.8 33453.4 10817.8 26936.4 264769.1
2019 11 27 5870.8 1778.9 28090.7 9241.6 677.1 6258.8 0.0 157276.5 33880.4 11927.4 20827.2 275829.5
2019 11 28 5594.5 1732.9 27118.5 10004.2 677.1 7341.5 0.0 154843.2 38402.0 7669.2 15244.8 268627.9
2019 11 29 5127.0 1520.4 25143.1 8631.8 682.5 6275.5 0.0 141047.5 35320.0 7308.2 22748.7 253804.6
2019 11 30 5478.1 1621.1 26144.5 9438.3 651.6 6942.5 0.0 139575.3 36862.6 9090.3 17864.6 253668.9
2019 12 1 7898.1 1565.1 37494.5 9339.4 876.9 6883.2 0.0 136889.8 37147.0 6594.5 19993.0 264681.5
2019 12 2 7976.7 1496.7 36727.9 8909.9 949.5 6615.1 0.0 140448.6 36642.7 6680.8 23472.1 269919.9
2019 12 3 8263.5 1665.0 40131.3 9498.8 1015.9 7051.8 0.0 141444.0 41052.5 8201.1 28858.8 287182.7
2019 12 4 8263.5 1669.9 40458.0 9888.4 958.5 7784.8 0.0 141444.0 39618.4 8937.7 16800.4 275823.6
2019 12 5 8263.5 1724.4 41056.4 11137.0 1045.8 9221.9 0.0 141444.0 47494.9 5013.3 17710.7 284112.0
2019 12 6 8083.7 1469.2 39178.7 9512.2 1043.5 7773.1 0.0 141444.0 42149.7 4675.2 21939.1 277268.4
2019 12 7 8482.2 1539.7 38161.1 10099.1 908.3 8316.5 0.0 139345.9 43658.1 5518.2 17954.8 273983.9
2019 12 8 8482.2 1578.5 42159.7 10197.7 908.3 8332.2 0.0 139345.9 45575.3 4259.3 23247.3 284086.5
2019 12 9 7796.9 1471.2 38100.0 9591.1 1023.6 7881.0 0.0 140448.6 43627.3 4498.4 23912.7 278350.7
2019 12 10 8127.4 1614.1 40546.9 10146.1 1045.8 8348.7 0.0 141444.0 48094.7 5028.7 27221.7 291618.0
2019 12 11 8083.7 1648.4 39903.1 10610.4 1046.9 8943.6 0.0 141444.0 48537.1 5262.3 19435.3 284914.9
2019 12 12 8083.7 1708.8 39903.1 11473.7 1046.9 9785.5 0.0 141444.0 52891.3 1648.0 19372.6 287357.6
2019 12 13 8127.4 1473.5 39516.5 10173.4 1043.5 8674.8 0.0 141444.0 47761.1 1453.2 19465.6 279133.0
2019 12 14 7627.2 1445.3 33639.1 9990.2 948.9 8538.9 0.0 136889.8 46823.2 1681.8 17848.9 265433.3
2019 12 15 7769.1 1497.3 39010.5 10233.5 948.9 8724.8 0.0 136889.8 48912.7 1436.8 22095.4 277518.9
2019 12 16 8186.2 1525.8 41125.4 10377.3 1176.5 8859.7 0.0 144735.6 50593.5 1753.7 25640.4 293974.2
2019 12 17 8766.1 1586.1 45936.3 10746.7 1182.1 9189.2 0.0 148126.2 51993.8 1536.0 24244.1 303306.7
2019 12 18 8083.7 1559.9 39903.1 10592.4 1046.9 9085.6 0.0 141444.0 51151.7 1662.7 21420.2 285950.1
2019 12 19 8263.5 1575.8 41056.4 10717.0 992.6 9185.2 0.0 141444.0 51361.0 1612.1 20287.6 286495.2
2019 12 20 8263.5 1523.2 39733.6 10296.8 955.1 8827.6 0.0 141444.0 49535.6 1443.0 19486.0 281508.4
2019 12 21 7692.8 1360.8 33561.2 9170.3 934.3 7880.2 0.0 136889.8 45069.6 1643.6 20243.8 264446.4
2019 12 22 7834.8 1584.0 37730.5 10569.0 934.3 9069.5 0.0 136889.8 52109.3 1457.7 24220.9 282399.7
2019 12 23 7976.7 1473.6 37090.4 9774.6 969.3 8409.4 0.0 140448.6 48578.9 1645.2 22794.1 279160.8
2019 12 24 8083.7 1630.5 40546.9 10750.8 1046.9 9278.4 0.0 141444.0 53254.9 1636.2 23698.4 291370.8
2019 12 25 8083.7 1467.8 35870.5 10171.1 992.1 8485.7 0.0 141444.0 45535.7 695.2 20624.8 273370.6
2019 12 26 8083.7 1588.5 39903.1 10507.7 1046.9 9071.8 0.0 141444.0 51822.2 1598.5 21428.6 286495.0
2019 12 27 8968.2 1527.3 44786.8 10048.6 1073.6 8676.4 0.0 148126.2 49444.2 960.8 18891.4 292503.8
2019 12 28 8781.1 1346.6 41693.4 8981.0 1045.3 7782.2 0.0 146325.9 44186.6 1042.4 18568.6 279753.1
2019 12 29 8702.0 1491.2 44128.3 10165.1 1045.3 8539.6 0.0 146325.9 46983.2 1001.8 22054.9 290437.4
2019 12 30 8186.2 1429.1 40150.6 9891.7 982.4 8261.2 0.0 140348.4 44883.2 1046.7 19417.9 274597.3
2019 12 31 8766.1 1511.8 44961.4 10466.5 1005.8 8772.9 0.0 142799.3 48891.8 1046.8 25878.2 294100.8
2020 1 1 7676.4 1675.6 37560.2 11150.9 950.2 8789.9 0.0 147931.2 46899.1 12.2 20376.7 283022.6
2020 1 2 8070.6 1833.6 37366.7 12403.9 950.2 9752.2 0.0 147673.0 51799.7 14.0 20996.3 290860.3
2020 1 3 7021.2 1683.3 33872.1 11514.1 943.5 9030.3 0.0 147673.0 47816.1 15.4 30241.3 289810.4
2020 1 4 6433.8 1670.8 31955.7 11075.0 846.5 8725.0 0.0 140489.4 46669.7 12.5 27604.1 275482.6
2020 1 5 6820.3 1632.1 33632.6 10771.6 846.5 8477.4 0.0 140489.4 44672.2 13.2 24040.8 271396.2
2020 1 6 6826.0 1611.8 32556.6 10691.5 866.1 8415.2 0.0 138284.0 44692.5 13.0 22561.7 266518.5
2020 1 7 7041.0 1913.0 34638.9 12661.1 950.2 9967.6 0.0 147673.0 53100.4 15.0 21904.6 289865.0
2020 1 8 7358.4 1801.4 35343.4 11815.6 950.2 9301.6 0.0 147673.0 49521.4 13.4 18859.8 282638.5
2020 1 9 7854.1 1829.3 38340.7 12052.4 950.2 9533.2 0.0 147931.2 50896.8 13.9 23475.1 292877.1
2020 1 10 8269.0 1756.7 39875.0 11663.9 1051.0 9217.2 0.0 153645.0 49060.1 15.3 29755.4 304308.6
2020 1 11 7389.1 1737.2 37114.4 11258.5 1005.6 8925.7 0.0 148916.4 47725.7 13.1 26540.6 290626.4
2020 1 12 7615.0 1760.6 37689.0 11516.8 1005.6 9126.7 0.0 148916.4 48062.2 14.5 24969.2 290675.9
2020 1 13 7585.3 1819.7 35938.9 11613.6 993.5 9235.4 0.0 146618.0 49671.0 13.4 23547.9 287036.7
2020 1 14 8460.9 1909.4 39801.7 12245.3 1004.7 9718.7 0.0 153438.6 51799.2 14.9 20902.1 299295.5
2020 1 15 8014.0 1931.6 38669.1 12350.9 950.2 9797.6 0.0 147931.2 51946.3 14.8 15832.6 287438.5
2020 1 16 7854.1 1894.2 37893.5 11928.4 950.2 9631.1 0.0 147931.2 51772.4 14.7 26967.9 296837.8
2020 1 17 7854.1 1847.1 37709.3 11710.2 943.5 9439.0 0.0 147931.2 50401.5 15.9 27985.3 295837.2
2020 1 18 7389.1 1834.4 35920.7 11494.4 846.5 9262.0 0.0 140744.0 49382.5 14.4 25230.4 282118.5
2020 1 19 8215.1 1874.0 38007.0 11844.2 952.5 9569.2 0.0 148710.0 50417.4 17.1 24364.0 293970.4
2020 1 20 7041.6 1919.8 34911.4 11914.2 993.5 9659.0 0.0 146618.0 52070.6 15.8 23025.8 288169.7
2020 1 21 8451.3 1990.5 39353.2 12424.6 1004.7 10064.5 0.0 153438.6 53767.1 16.5 20204.6 300715.5
2020 1 22 8014.0 1973.4 38325.7 12263.4 1004.7 9931.4 0.0 153438.6 52987.3 16.3 16064.7 294019.6
2020 1 23 7161.9 1976.0 34678.0 12158.3 950.2 9982.6 0.0 147673.0 54062.3 21.9 30014.6 298678.9
2020 1 24 8057.9 1896.1 36941.3 11761.1 894.4 9626.5 0.0 147673.0 51300.5 23.1 26870.7 295044.8
2020 1 25 6574.4 1834.8 31517.9 11266.8 846.5 9200.2 0.0 140489.4 49607.3 19.1 27740.0 279096.4
2020 1 26 7615.0 1841.2 36890.5 11365.7 846.5 9312.6 0.0 140744.0 49484.9 23.5 25874.5 283998.5
2020 1 27 7585.3 1934.7 35938.9 11842.6 993.5 9724.1 0.0 146618.0 52604.5 23.7 23625.5 290890.8
2020 1 28 8033.8 2075.9 39064.8 12732.3 1057.8 10398.8 0.0 153645.0 56114.3 24.8 21299.6 304447.0
2020 1 29 8014.0 1994.9 39064.8 12237.3 966.6 9949.0 0.0 153645.0 55610.0 24.0 17877.2 299382.9
2020 1 30 8505.3 1950.0 40865.7 11956.8 1004.7 9734.8 0.0 153438.6 55175.3 28.5 31489.3 314149.0
2020 1 31 8269.0 1911.8 38886.2 11947.1 997.9 9693.6 0.0 153438.6 53948.2 29.7 26635.3 305757.3
2020 2 1 7874.5 1871.9 36668.9 11388.5 939.8 9298.0 0.0 143760.5 52472.0 31.3 29734.9 294040.3
2020 2 2 7921.6 1798.1 38364.3 10864.0 939.8 8885.1 0.0 147102.5 49651.8 34.7 26671.9 292233.8
2020 2 3 8068.3 1916.8 37148.1 11518.0 957.2 9416.0 0.0 143896.2 53829.9 33.0 27748.0 294531.6
2020 2 4 8447.1 2002.5 39911.6 12184.3 961.6 9924.2 0.0 159251.3 55592.4 30.9 23523.7 311829.7
2020 2 5 8820.2 1946.8 39606.5 11791.9 961.6 9557.9 0.0 159251.3 55637.2 44.2 19180.9 306798.6
2020 2 6 8642.0 1989.4 42197.2 11704.9 1035.5 9468.8 0.0 159251.3 55620.0 45.2 30030.9 319985.1
2020 2 7 8692.4 1969.9 39510.2 11789.0 961.6 9507.0 0.0 159251.3 54967.4 47.1 25529.3 312225.3
2020 2 8 7874.5 1953.9 37682.6 11399.3 1013.6 9146.6 0.0 143760.5 54802.0 59.1 28618.1 296310.4
2020 2 9 7921.6 1815.1 38396.6 10468.0 846.0 8390.3 0.0 137177.4 49939.5 60.6 24450.9 279466.0
2020 2 10 7543.2 1889.7 36771.8 10911.2 1031.1 8718.6 0.0 143896.2 52970.4 54.6 27207.0 290993.9
2020 2 11 8205.4 1970.3 39678.4 11529.3 949.9 9209.6 0.0 150375.1 54500.7 52.7 23552.1 300023.5
2020 2 12 7292.8 1908.1 34068.2 11101.4 949.9 8809.6 0.0 143151.7 52590.7 50.5 18537.4 278460.2
2020 2 13 8399.2 1887.1 38817.0 10855.6 905.0 8591.4 0.0 145060.4 50746.9 49.9 28173.9 293486.4
2020 2 14 7329.5 1921.0 34608.0 11137.9 949.9 8758.8 0.0 145561.4 51327.0 55.3 25604.7 287253.5
2020 2 15 7874.5 1912.0 36113.0 11082.7 840.1 8675.0 0.0 133835.5 51298.9 57.3 26103.7 277792.6
2020 2 16 7503.2 1775.0 33256.4 10322.3 846.0 8034.2 0.0 131579.1 46796.8 59.5 21962.1 262134.6
2020 2 17 6986.6 1845.3 33244.5 10775.1 880.0 8356.6 0.0 127687.8 49452.0 53.0 22813.3 262094.1
2020 2 18 8205.4 2034.1 39767.4 11924.9 949.9 9208.1 0.0 150375.1 53984.6 58.8 21428.8 297937.2
2020 2 19 8172.2 1897.5 36635.5 11175.4 905.0 8547.8 0.0 145060.4 50253.7 56.7 16626.4 279330.7
2020 2 20 7654.4 1775.5 35426.1 10650.9 949.9 8124.1 0.0 143151.7 47431.9 52.8 26120.7 281337.9
2020 2 21 8323.0 1837.3 38163.9 11064.1 949.9 8399.6 0.0 150375.1 48816.9 61.2 25845.0 293836.0
2020 2 22 6946.9 1804.4 30601.7 10845.8 840.1 8205.2 0.0 128237.2 47568.5 52.8 23238.6 258341.1
2020 2 23 7343.5 1739.5 33256.4 10490.2 846.0 7895.7 0.0 131579.1 45077.1 53.8 21419.4 259700.7
2020 2 24 7311.5 1793.2 33519.9 10794.0 880.0 8100.3 0.0 132495.0 46960.0 46.2 20269.7 262169.8
2020 2 25 7733.7 1989.3 35727.9 12093.8 949.9 8987.2 0.0 143151.7 52052.3 52.3 19470.4 282208.6
2020 2 26 7654.4 1914.8 35321.3 11151.9 949.9 8150.7 0.0 145060.4 46911.8 45.7 23990.3 281151.1
2020 2 27 7909.7 1712.7 37771.4 10018.9 918.8 7377.0 0.0 145060.4 42726.6 36.7 24469.1 278001.2
2020 2 28 7933.9 1880.3 37496.0 11014.2 918.8 8081.6 0.0 145060.4 46003.5 42.8 24332.9 282764.4
2020 2 29 6919.5 1751.9 32417.8 10385.4 866.5 7720.7 0.0 130145.8 44515.9 36.4 24477.8 259237.6
2020 3 1 5757.1 1723.8 25200.5 10235.1 684.1 7428.2 0.0 142047.9 42702.1 38.3 23482.2 259299.5
2020 3 2 6485.7 1809.4 28693.4 10684.6 740.0 7719.4 0.0 144994.2 44808.1 35.0 20515.9 266485.6
2020 3 3 5560.7 1999.9 27297.8 11823.9 660.1 8503.9 0.0 138724.6 49047.9 39.3 19132.0 262790.1
2020 3 4 4960.9 1931.9 23655.8 10961.5 681.5 7780.6 0.0 137441.7 45110.2 45.8 22844.8 255414.8
2020 3 5 4822.0 1813.0 23256.7 10172.8 681.5 7248.0 0.0 137441.7 42163.0 39.6 23205.2 250843.4
2020 3 6 5801.3 1902.7 25882.4 10775.3 681.8 7662.4 0.0 138724.6 43772.2 43.1 24823.0 260068.7
2020 3 7 5763.0 1756.1 25200.5 10001.3 684.1 7079.0 0.0 133760.4 40747.0 38.1 25643.3 250672.8
2020 3 8 5757.1 1771.3 25200.5 10081.3 684.1 7137.8 0.0 142047.9 40000.3 39.7 24819.0 257539.1
2020 3 9 6485.7 1861.8 28693.4 10522.5 740.0 7390.8 0.0 144994.2 41614.6 38.4 21235.0 263576.3
2020 3 10 6839.5 2002.7 29232.9 11439.5 740.0 8039.1 0.0 147874.7 44324.7 42.4 19013.9 269549.2
2020 3 11 6927.6 1936.8 29232.9 10655.6 740.0 7401.1 0.0 147874.7 40918.9 48.4 24178.4 269914.3
2020 3 12 6128.4 1851.2 27680.2 10073.9 681.8 6974.5 0.0 138724.6 38608.1 42.8 21220.9 251986.4
2020 3 13 5433.8 1892.5 24552.1 10430.2 680.5 7213.0 0.0 138724.6 39457.2 43.9 24859.6 253287.5
2020 3 14 5079.5 1810.3 22695.2 10084.9 605.5 6902.3 0.0 130010.6 37956.0 42.2 27631.2 242817.8
2020 3 15 5149.5 1777.7 22695.2 9970.6 605.5 6773.8 0.0 138298.1 36459.2 42.8 26097.2 247869.7
2020 3 16 5272.3 1877.7 26275.1 10459.7 660.1 7053.2 0.0 135844.1 38174.7 43.5 24397.4 250057.9
2020 3 17 4898.9 2071.6 23126.1 11614.6 659.1 7870.4 0.0 137441.7 41685.5 48.7 20059.6 249476.2
2020 3 18 4960.9 1927.9 23655.8 10703.1 681.5 7220.5 0.0 137441.7 38771.2 44.7 21867.6 247274.7
2020 3 19 4311.3 2013.9 22441.7 11122.9 642.7 7461.7 0.0 134925.7 39989.3 46.1 19888.1 242843.3
2020 3 20 5433.8 1849.8 24552.1 10257.7 680.5 6871.4 0.0 138724.6 36658.8 42.6 25408.2 250479.5
2020 3 21 5485.2 1878.8 25200.5 10543.2 684.1 7022.9 0.0 133760.4 37111.5 43.9 26720.8 248451.5
2020 3 22 5517.0 1839.7 24468.4 10390.7 606.8 6846.6 0.0 138298.1 35858.2 43.7 25059.9 248929.1
2020 3 23 5298.7 1897.5 26758.3 10657.5 660.1 6964.4 0.0 135844.1 36906.9 44.3 26393.4 251425.1
2020 3 24 5552.1 2011.2 24421.5 11481.8 659.1 7540.9 0.0 138724.6 39115.4 47.4 19945.5 249499.5
2020 3 25 5597.1 1913.6 27344.2 10857.4 682.5 6991.2 0.0 138724.6 37059.3 50.2 21479.4 250699.5
2020 3 26 5474.1 1911.2 26945.1 10844.6 681.8 6874.5 0.0 138724.6 36985.3 48.7 20448.8 248938.7
2020 3 27 4952.7 1786.1 24327.0 10211.4 680.5 6400.7 0.0 138724.6 34150.3 43.5 21826.2 243102.9
2020 3 28 4259.2 1813.0 22078.1 9893.0 605.5 6054.8 0.0 128549.9 33230.4 46.5 25599.7 232130.1
2020 3 29 4200.8 1779.1 20913.5 9736.8 606.8 5867.3 0.0 135782.1 32213.0 45.7 23774.7 234919.7
2020 3 30 2770.3 1798.1 16783.9 9825.4 560.2 5882.4 0.0 130115.2 32633.5 46.4 26591.9 227007.3
2020 3 31 2899.0 1932.6 16783.9 10523.8 560.2 6250.2 0.0 132995.7 34901.7 49.6 19455.4 226352.2
2020 4 1 2998.3 1810.7 18011.9 9869.7 552.5 5557.2 0.0 131384.3 32536.2 51.9 21573.0 224345.6
2020 4 2 3040.5 1881.2 18268.7 10136.6 566.1 5568.5 0.0 127753.5 33406.9 52.9 20639.2 221314.1
2020 4 3 3040.5 1767.7 18268.7 9544.2 566.1 5172.1 0.0 128617.1 30585.5 46.8 19561.0 217169.8
2020 4 4 3063.9 1795.6 17494.5 9157.8 587.7 4794.9 0.0 117427.7 29545.6 49.9 23087.6 207005.1
2020 4 5 3544.9 1766.9 19922.0 9029.2 592.0 4709.1 0.0 132354.9 28949.7 50.4 22855.1 223774.3
2020 4 6 4115.4 1763.8 22617.5 9003.2 641.5 4663.1 0.0 122369.1 29015.1 50.2 25136.7 219375.5
2020 4 7 4487.1 1841.4 25264.9 9321.2 689.7 4741.8 0.0 138170.8 29804.8 52.0 18830.0 233203.7
2020 4 8 3552.8 1819.4 20145.4 9062.3 552.5 4445.4 0.0 138411.9 29015.0 57.3 20662.4 227724.4
2020 4 9 3040.5 1735.7 18268.7 8603.4 566.1 4069.4 0.0 131261.8 27445.8 53.4 20690.9 215735.6
2020 4 10 2829.0 1786.7 16461.2 8969.9 524.7 4195.3 0.0 130069.3 27463.5 51.7 17218.6 209569.9
2020 4 11 3063.9 1784.0 17494.5 8348.4 587.7 3660.3 0.0 121140.9 26053.3 54.6 24503.4 206690.8
2020 4 12 3243.1 1723.6 18334.7 8159.8 592.0 3564.6 0.0 132354.9 24800.9 52.6 22647.7 215474.0
2020 4 13 2926.1 1687.7 17131.0 8006.7 557.5 3471.2 0.0 124739.8 24482.3 52.6 26063.3 209118.2
2020 4 14 2977.8 1838.0 17144.2 8636.4 552.5 3689.2 0.0 134962.3 26509.4 56.8 21377.0 217743.4
2020 4 15 3040.5 1810.7 18559.4 8454.9 554.4 3520.9 0.0 131384.3 25654.8 56.1 23050.0 216086.0
2020 4 16 2829.0 1801.7 16461.2 8464.4 553.4 3515.2 0.0 131261.8 25807.3 56.9 23113.2 213864.2
2020 4 17 3092.1 1761.4 17721.2 8341.9 551.3 3441.9 0.0 133714.6 24421.5 52.9 19020.9 212119.7
2020 4 18 3157.7 1817.1 17494.5 8561.3 587.7 3540.4 0.0 127680.7 25639.4 57.4 27697.7 216233.8
2020 4 19 3191.5 1825.5 18882.2 8761.1 594.0 3613.7 0.0 126661.3 25417.8 56.3 24181.9 213185.3
2020 4 20 2714.6 1714.6 15178.8 8244.0 532.8 3361.6 0.0 127997.1 23936.0 53.7 26320.4 210053.7
2020 4 21 2714.6 1854.8 15258.5 8897.1 524.4 3615.4 0.0 132089.6 26161.7 59.4 24171.0 215346.4
2020 4 22 2829.0 1845.1 16126.2 8826.1 524.7 3569.1 0.0 136478.9 25728.0 57.5 25173.8 221158.4
2020 4 23 2829.0 1745.7 16461.2 8591.3 533.0 3385.4 0.0 132789.0 24531.1 54.5 25114.3 216034.5
2020 4 24 2829.0 1777.6 16461.2 8671.8 524.7 3310.4 46.0 128135.2 23870.1 51.7 18200.7 203878.3
2020 4 25 1813.1 1704.0 10872.6 8260.7 443.1 3177.7 47.0 103336.4 23599.7 54.7 31058.9 184367.9
2020 4 26 2980.0 1809.2 16767.8 8989.7 586.2 3443.3 54.7 131129.1 24593.4 54.1 25786.7 216194.2
2020 4 27 2926.1 1651.3 17131.0 7711.5 544.6 2776.8 91.6 124874.1 21358.5 50.7 27319.6 206436.0
2020 4 28 2714.6 1741.2 15258.5 8153.0 524.4 2925.5 98.4 130155.4 22966.5 55.4 25077.8 209670.7
2020 4 29 2066.4 1779.0 11838.4 8259.4 466.2 2905.3 123.3 132306.5 23146.2 55.4 25295.2 208241.3
2020 4 30 1813.1 1708.9 11406.2 8238.6 469.2 2860.0 105.4 133209.0 22709.8 53.7 27944.7 210518.4
2020 5 1 1783.2 1624.8 12430.4 7714.2 605.8 2544.4 146.3 136567.4 20457.7 47.1 20759.1 204680.5
2020 5 2 1824.0 1509.6 12162.9 7195.3 583.5 2396.2 134.0 111849.7 19475.3 47.7 30182.2 187360.6
2020 5 3 3132.3 1825.2 17249.0 8718.8 669.9 2872.0 172.6 131187.8 23143.6 54.6 27698.0 216723.7
2020 5 4 2017.5 1586.8 12746.6 7163.3 604.9 2168.5 221.9 126064.1 18954.7 47.3 25212.7 196788.4
2020 5 5 1828.6 1620.5 12178.3 7339.6 604.9 2212.5 228.6 129751.5 19720.5 50.1 24144.9 199680.0
2020 5 6 1828.6 1764.6 12178.3 7831.8 604.9 2224.5 293.0 131435.2 20837.0 53.6 22806.8 201858.3
2020 5 7 1828.6 1619.2 12178.3 7576.2 604.9 2145.6 255.2 129438.4 19377.2 48.2 26422.8 201494.6
2020 5 8 1829.7 1573.8 12275.4 7134.3 604.9 1829.8 295.1 130084.2 18058.4 45.2 21671.8 195402.5
2020 5 9 2875.5 1456.1 17249.0 6579.3 669.9 1658.3 290.3 111542.0 16793.0 44.0 27070.3 186227.6
2020 5 10 3114.8 1768.6 17249.0 8090.3 669.9 2039.7 350.9 129662.1 20135.4 51.9 29004.4 212137.0
2020 5 11 1813.8 1545.3 12470.6 6697.7 605.8 1453.7 388.1 125236.9 16454.4 44.6 23860.6 190571.6
2020 5 12 1828.6 1526.9 12470.6 6396.9 605.8 1366.7 379.7 127338.1 16272.7 44.8 21947.7 190178.5
2020 5 13 1828.6 1796.9 12470.6 7479.3 605.8 1549.3 465.5 133766.2 19127.3 53.0 20962.4 200104.9
2020 5 14 1828.6 1599.7 12333.4 6843.6 605.8 1449.1 410.9 138848.3 17101.5 47.6 26892.3 207960.7
2020 5 15 1783.2 1541.6 12430.4 6454.7 615.8 1227.3 438.2 135254.3 15843.8 44.1 21250.6 196884.0
2020 5 16 1824.0 1464.6 12025.7 6152.1 583.7 1164.0 424.3 119092.8 15209.2 43.2 24452.8 182436.4
2020 5 17 1604.8 1794.8 12326.0 7562.3 618.8 1475.3 500.1 152933.2 18616.8 52.8 29602.0 227087.0
2020 5 18 1342.0 1576.8 10834.2 6822.4 614.4 1328.0 445.0 134752.0 16309.9 44.9 21677.9 195747.5
2020 5 19 1468.4 1579.6 12053.2 6579.7 617.0 1284.4 432.9 130477.2 16325.7 45.6 19637.0 190500.6
2020 5 20 1342.0 1828.5 10834.2 7615.5 614.4 1463.2 513.1 143892.7 18971.5 53.1 20953.3 208081.5
2020 5 21 1342.0 1622.7 10834.2 6811.0 614.4 1322.9 454.7 141767.3 16772.8 47.7 25428.0 207017.6
2020 5 22 1315.9 1610.7 10834.2 6755.5 615.0 1288.5 455.9 149579.7 16102.5 44.8 18383.4 206986.3
2020 5 23 1323.1 1586.7 10413.4 6611.0 604.2 1246.8 467.4 120715.2 16363.8 46.3 23961.0 183338.8
2020 5 24 2006.4 1841.4 13658.1 7676.5 621.4 1447.8 563.0 147124.3 18633.5 53.0 28883.8 222509.2
2020 5 25 1468.4 1653.8 12053.2 7038.2 617.0 1320.3 524.9 128376.0 16756.5 46.4 20987.7 190842.4
2020 5 26 1468.4 1676.3 12053.2 6839.4 617.0 1258.9 550.0 130477.2 16899.9 46.8 17202.6 189089.7
2020 5 27 1342.0 1884.0 10834.2 7689.5 615.0 1387.2 727.2 144170.1 19347.1 53.2 21421.9 209471.4
2020 5 28 1329.1 1634.4 10834.2 6949.4 615.0 1255.0 747.7 153475.5 16622.6 45.2 25170.3 218678.4
2020 5 29 1315.9 1627.4 10834.2 6898.6 614.4 1262.4 705.9 149431.8 16015.4 41.7 16804.7 205552.5
2020 5 30 1310.2 1555.8 10413.4 6535.2 603.5 1179.4 693.7 130353.7 15819.6 42.4 25030.5 193537.3
2020 5 31 1591.9 1830.3 12326.0 7678.9 619.5 1378.9 868.3 153210.7 18267.9 49.3 26790.0 224611.7
2020 6 1 874.8 1645.4 7040.2 6943.4 486.8 1198.9 792.2 113238.8 16196.3 42.3 21393.6 169852.6
2020 6 2 925.6 1701.1 7040.2 7093.5 486.8 1195.0 882.1 117687.9 16717.3 43.0 21953.6 175726.0
2020 6 3 970.4 1836.1 7084.4 7574.2 486.8 1264.9 978.6 120553.1 17971.4 46.5 21546.1 180312.5
2020 6 4 1356.8 1671.5 7830.2 7218.2 527.1 1197.0 1036.6 121365.9 16069.4 41.3 24174.2 182488.1
2020 6 5 1012.4 1570.1 7403.0 6749.4 484.3 1129.7 937.3 117585.8 14748.5 36.5 19476.5 171133.6
2020 6 6 1046.1 1598.1 7099.3 6669.3 472.4 1100.5 965.7 102194.1 15351.5 139.2 27078.5 163714.7
2020 6 7 1173.1 1887.2 7099.3 7990.2 488.4 1309.6 1198.0 120566.3 17643.6 156.1 24297.7 183809.7
2020 6 8 867.8 1707.5 7426.8 7011.6 486.8 1150.1 1097.4 113238.8 15628.4 135.8 22564.1 171315.1
2020 6 9 1085.7 1757.6 7693.8 7003.2 496.8 1115.9 1166.1 117687.9 16125.1 740.5 22802.3 177674.8
2020 6 10 1092.8 1857.5 7738.1 7341.5 496.8 1157.6 1266.0 120553.1 16892.4 799.7 22029.8 181225.3
2020 6 11 1102.6 1719.4 7879.3 7168.2 496.8 1124.7 1313.4 121365.9 15431.0 739.8 25106.8 183447.9
2020 6 12 983.8 1606.0 7016.3 6627.9 484.3 1044.3 1198.3 117585.8 14081.9 712.1 21778.7 173119.4
2020 6 13 727.3 1662.6 6617.9 6615.3 432.1 1031.3 1239.5 102194.1 14752.9 864.0 28597.9 164734.8
2020 6 14 854.4 1899.7 6726.2 7791.5 448.1 1210.6 1453.7 120566.3 16418.5 1051.6 22729.4 181150.1
2020 6 15 874.8 1743.9 7040.2 6905.6 486.8 1069.3 1328.0 113238.8 14747.2 915.2 23280.4 171630.1
2020 6 16 1120.3 1763.7 7693.8 6816.7 496.8 1047.9 1348.3 117687.9 15052.4 1518.5 23991.8 178538.0
2020 6 17 978.7 1820.2 7651.7 6939.2 496.8 1068.0 1347.3 120553.1 15239.5 1540.7 24620.5 182255.7
2020 6 18 846.0 1821.2 6920.0 7109.1 474.4 1090.3 1344.1 121887.2 15114.1 1721.5 24153.6 182481.3
2020 6 19 849.1 1711.8 6721.7 6600.8 494.3 1015.7 1244.2 118107.2 13946.8 1583.4 22070.0 174344.9
2020 6 20 727.3 1767.4 6617.9 6594.6 432.1 1007.8 1285.7 102194.1 14643.8 1681.4 28530.4 165482.5
2020 6 21 836.8 1942.8 6225.5 7426.4 458.1 1136.1 1426.1 120566.3 15741.8 1964.4 24945.4 182669.8
2020 6 22 940.3 1869.9 7263.6 6929.6 496.8 1058.3 1355.8 112202.8 14838.8 1832.8 23751.7 172540.4
2020 6 23 770.9 1848.1 6258.9 6715.2 445.0 1015.2 1334.8 115984.2 14689.6 2434.8 19375.4 170872.0
2020 6 24 995.1 2002.9 7307.8 7105.0 496.8 1062.3 1509.3 121074.5 16291.2 2691.7 26663.0 187199.6
2020 6 25 812.0 1873.3 6302.3 6793.8 445.0 1003.2 1467.8 121887.2 15077.9 2934.8 24594.8 183192.1
2020 6 26 977.9 1842.0 7104.9 6695.3 494.3 984.5 1525.5 118107.2 14565.9 2828.8 20334.4 175460.9
2020 6 27 644.5 1819.0 6130.2 6190.5 442.0 888.2 1490.7 102194.1 15777.7 4243.0 27576.6 167396.7
2020 6 28 771.6 1939.0 6238.5 6754.6 458.1 970.0 1621.4 120566.3 16741.9 4947.7 28774.8 189783.8
2020 6 29 820.1 1825.3 7238.7 6387.7 496.8 908.0 1533.7 112202.8 15791.9 4584.7 24316.2 176106.0
2020 6 30 1002.1 1809.8 7291.8 6334.4 496.8 886.2 1564.3 117687.9 15655.2 4637.1 18949.5 176315.1
2020 7 1 835.3 1986.7 6714.1 6890.0 438.5 954.1 1871.1 120383.6 17959.1 5588.6 28495.0 192116.1
2020 7 2 850.8 1880.6 6714.1 6715.9 438.5 917.2 1840.0 120383.6 16721.0 6953.0 23060.7 186475.4
2020 7 3 820.8 1871.4 6223.2 6734.1 438.5 917.3 1914.5 118678.4 16342.0 6833.3 18157.0 178930.4
2020 7 4 575.9 1755.6 5284.1 5912.5 438.5 781.7 1789.0 97879.8 16764.3 7213.8 27071.3 165466.5
2020 7 5 726.5 1849.3 5702.9 6349.3 438.5 838.1 1929.4 109647.8 17639.4 8008.3 33851.8 186981.1
2020 7 6 778.4 1815.1 6354.8 6260.3 438.5 817.9 1931.3 113613.0 17334.7 8472.1 25562.7 183378.8
2020 7 7 777.6 1810.5 6059.0 6219.2 438.5 801.2 1966.7 116468.5 17156.4 8224.2 18121.9 178043.6
2020 7 8 834.4 2050.7 6505.5 6740.9 438.5 848.9 2326.9 120383.6 20547.2 9099.4 28212.1 197988.1
2020 7 9 714.0 1883.1 5884.9 6278.4 438.5 774.9 2247.9 117599.6 18794.7 10341.2 24502.8 189459.9
2020 7 10 640.2 1786.8 5522.7 6086.0 431.0 753.5 2181.7 115411.9 17356.9 9514.5 18391.9 178077.1
2020 7 11 533.2 1719.2 4828.1 5477.7 431.0 649.7 2106.2 95404.8 18262.6 9563.4 28181.3 167157.1
2020 7 12 651.0 1852.8 5250.1 6064.0 431.0 719.6 2328.2 110007.0 19563.9 11494.5 33505.3 191867.4
2020 7 13 632.9 1766.6 5491.6 5812.6 443.1 683.7 2258.0 110391.8 18708.1 11631.0 27825.8 185645.3
2020 7 14 624.4 1827.3 5043.6 5987.2 431.0 700.0 2360.2 112436.3 19250.5 11456.5 17753.6 177870.6
2020 7 15 644.3 1908.3 5199.4 6068.4 431.0 709.1 2501.9 115411.9 20826.1 11510.4 26643.1 191854.0
2020 7 16 659.8 1935.2 5224.0 6253.9 431.0 730.9 2587.9 115411.9 21057.9 13673.7 24059.2 192025.4
2020 7 17 655.2 1766.8 5363.7 5798.0 431.0 684.7 2327.2 114197.2 18745.0 12914.3 17815.7 180698.9
2020 7 18 547.2 1670.8 4952.7 5404.0 431.0 634.3 2213.0 94190.2 18193.6 10168.3 29095.8 167501.0
2020 7 19 665.2 1862.3 5665.7 6103.8 457.9 720.8 2496.6 110007.0 19963.1 12729.4 29966.0 190637.8
2020 7 20 593.2 1869.9 5148.6 6141.0 450.4 721.1 2536.6 110391.8 20090.3 13462.7 29628.8 191034.5
2020 7 21 594.0 1842.2 5128.8 6021.6 450.4 704.3 2489.8 112436.3 19789.7 12035.2 17720.4 179212.8
2020 7 22 605.6 1823.0 5391.0 5871.8 450.4 690.3 2490.2 115411.9 19782.6 11867.9 25124.1 189508.7
2020 7 23 614.3 2031.9 5622.8 6554.1 457.9 771.7 2821.4 115411.9 22110.8 14722.2 24845.8 195964.7
2020 7 24 582.2 1708.4 5122.0 5573.9 417.8 658.0 2328.9 115080.6 18094.7 12766.3 18382.1 180714.9
2020 7 25 447.4 1763.3 4681.0 5668.9 417.8 655.6 2428.5 95073.6 19109.9 12330.4 29960.2 172536.5
2020 7 26 537.5 1973.0 4860.8 6446.9 417.8 753.6 2742.3 109675.8 21082.8 15625.0 22363.9 186479.6
2020 7 27 594.0 1942.3 5128.8 6327.3 450.4 739.3 2714.6 110391.8 20888.1 15379.9 30190.0 194746.5
2020 7 28 594.0 1945.7 5128.8 6026.7 450.4 691.4 2648.4 112105.1 20720.0 17399.4 16355.6 184065.5
2020 7 29 549.0 1759.2 4688.7 5506.4 417.8 639.9 2460.5 115326.1 18918.8 16559.3 20884.3 187710.0
2020 7 30 634.9 2026.5 5297.6 6319.0 450.4 730.9 2851.4 115411.9 21984.4 19386.4 24023.5 199117.0
2020 7 31 630.5 1781.8 5345.0 5631.1 450.4 654.9 2479.1 115411.9 18804.4 17742.9 16814.5 185746.5
2020 8 1 492.5 1675.4 4436.7 5288.7 424.0 612.7 2371.7 92683.4 18166.8 15911.2 31373.9 173437.0
2020 8 2 557.8 1865.9 4732.7 5969.3 457.4 700.8 2661.7 110051.8 20067.1 19020.9 19581.7 185667.1
2020 8 3 646.9 1925.4 5437.8 6121.9 565.6 716.7 2748.4 106406.7 20827.0 19622.8 29737.3 194756.5
2020 8 4 551.8 1958.2 4832.0 5886.1 484.0 674.2 2727.0 110818.2 20925.5 22718.8 13255.9 184831.6
2020 8 5 527.9 1787.4 4169.7 5476.1 419.5 627.9 2544.4 117997.1 19350.6 21772.9 17344.3 192017.9
2020 8 6 527.9 1925.9 4169.7 5845.2 412.0 665.3 2735.1 115425.6 20996.2 22731.5 25306.2 200740.6
2020 8 7 631.1 1703.2 5377.2 5232.3 576.1 599.8 2396.9 116782.3 18036.1 20654.3 16885.0 188874.5
2020 8 8 563.5 1592.9 4864.2 4831.9 549.8 540.7 2265.5 92683.4 17171.2 19459.8 31556.7 176079.6
2020 8 9 664.7 1829.5 5682.1 5600.3 624.8 630.0 2623.3 110051.8 19749.3 23197.7 20015.6 190669.2
2020 8 10 616.5 1777.7 5242.7 5419.2 540.2 609.9 2546.1 106406.7 19203.8 22279.1 29747.2 194389.1
2020 8 11 621.0 1874.7 5267.6 5389.3 540.2 595.8 2611.9 110070.8 19895.4 26553.0 14190.1 187609.8
2020 8 12 627.9 1745.1 5554.6 5139.3 597.1 569.8 2490.8 119353.8 18836.2 24532.8 13646.3 193093.8
2020 8 13 659.6 1804.2 5554.6 5196.7 604.8 565.2 2557.2 116041.3 19705.3 24752.3 26220.1 203661.3
2020 8 14 659.6 1744.8 5554.6 5147.4 608.6 572.3 2460.9 116041.3 18511.8 24087.4 16310.3 191699.1
2020 8 15 615.5 1417.3 5329.8 4107.8 579.3 450.7 2009.5 92683.4 15218.1 20124.7 31769.8 174305.9
2020 8 16 664.7 1694.8 5682.1 4923.7 624.8 541.1 2417.8 110051.8 18301.9 24148.8 23039.7 192091.0
2020 8 17 648.0 1666.2 5150.5 4834.2 489.7 532.6 2373.5 107427.0 17929.9 23328.4 28347.9 192727.8
2020 8 18 652.5 1805.9 5175.3 5201.0 478.9 570.1 2568.9 111803.0 19561.3 25587.2 17298.4 190702.6
2020 8 19 660.7 1688.2 5554.6 4904.9 569.2 539.8 2404.0 118933.5 18221.4 23169.5 13740.1 190385.9
2020 8 20 660.7 1677.1 5554.6 4786.9 569.8 518.4 2376.9 116185.7 18301.8 22537.4 27131.6 200300.9
2020 8 21 660.7 1687.5 5554.6 4893.7 573.7 539.1 2367.4 116185.7 17885.4 22828.7 17279.9 190456.5
2020 8 22 562.6 1516.0 5329.8 4324.7 579.3 473.1 2143.4 92683.4 16349.0 20757.9 30638.9 175358.1
2020 8 23 664.7 1723.6 5682.1 4934.6 589.8 541.5 2417.2 110051.8 18571.8 23705.7 25471.1 194354.0
2020 8 24 648.0 1671.8 5483.4 4817.4 539.0 531.0 2327.4 107427.0 17963.3 22306.0 27445.7 191159.9
2020 8 25 662.0 1735.8 5175.3 4951.2 481.8 543.9 2398.4 109398.4 18678.7 23417.8 20703.0 188146.5
2020 8 26 988.6 1737.6 8254.8 5054.1 655.4 569.9 2274.4 121481.4 18715.4 22084.0 17661.0 199476.4
2020 8 27 1037.6 1750.2 8254.8 5104.3 644.8 572.5 2215.4 127412.1 18918.5 22847.5 25397.6 214155.5
2020 8 28 879.2 1630.0 6989.4 4880.5 624.4 566.7 2060.1 119781.3 16358.8 18918.8 19326.5 192015.6
2020 8 29 821.3 1583.7 6368.7 4736.5 496.3 554.3 2001.9 100158.0 16333.0 17179.1 31859.2 182091.9
2020 8 30 944.8 1690.3 7285.6 5091.0 626.6 599.2 2088.8 122364.9 17110.4 19109.1 28555.8 205466.5
2020 8 31 964.3 1701.7 7738.2 5159.7 665.1 607.9 2069.2 112129.4 17277.9 18759.3 26042.5 193115.2
2020 9 1 860.3 1756.4 6054.4 5386.0 580.4 643.5 2139.2 119965.1 17818.3 19689.9 19323.8 194217.3
2020 9 2 979.3 1857.0 6645.0 5757.8 649.2 705.6 2090.9 124137.2 18882.2 19729.8 22740.3 204174.3
2020 9 3 862.5 1715.6 5390.5 5340.8 553.3 651.5 1858.6 120977.4 17296.9 19648.7 24754.8 199050.7
2020 9 4 760.2 1585.1 5171.7 5086.6 542.5 640.7 1704.6 119837.3 14709.7 15694.9 20428.1 186161.7
2020 9 5 744.9 1683.2 5019.4 5282.2 529.9 664.4 1821.0 99374.9 16393.1 15103.8 31111.4 177728.2
2020 9 6 1014.8 1782.8 6752.0 5654.4 641.3 717.6 1827.7 122956.3 16681.1 17002.1 31870.1 206900.2
2020 9 7 1033.0 1712.5 7846.3 5408.3 794.7 684.9 1716.7 122364.2 16181.1 16044.9 27661.6 201448.2
2020 9 8 1033.0 1684.3 7890.6 5286.1 798.0 673.0 1641.5 124217.5 15434.0 15490.8 20845.5 194994.3
2020 9 9 979.3 1881.2 6844.0 5819.9 649.2 753.0 1675.0 124916.8 17637.2 15772.1 27527.4 204454.9
2020 9 10 1005.4 1738.4 6785.9 5433.6 649.2 701.5 1482.8 126386.2 16000.5 16603.4 24940.9 201727.8
2020 9 11 956.7 1615.6 6404.4 5275.1 626.0 705.9 1330.6 124244.8 13381.0 12681.1 21019.8 188241.0
2020 9 12 887.7 1650.4 5861.6 5260.4 614.6 703.9 1359.1 99250.2 14373.8 11345.8 29184.1 170491.8
2020 9 13 1014.8 1828.6 6735.6 5825.7 641.3 779.8 1454.0 122695.9 15455.9 13839.6 33934.8 204206.0
2020 9 14 1003.1 1739.3 7778.8 5473.4 672.9 732.4 1330.2 123063.5 14720.8 13129.0 26586.1 196229.6
2020 9 15 1003.1 1727.1 7823.2 5410.0 676.2 729.9 1277.6 124916.8 14137.7 13123.2 20174.0 190998.7
2020 9 16 1033.0 1927.3 7622.1 5821.1 798.0 785.6 1388.4 124319.5 16253.3 12717.3 27856.6 200522.2
2020 9 17 1059.1 1692.4 7492.4 5181.9 798.0 699.4 1227.3 125686.9 13864.3 12874.5 24469.8 195045.9
2020 9 18 956.7 1728.2 6404.4 5447.2 626.0 735.7 1274.1 124244.8 13850.3 13380.2 18886.9 187534.4
2020 9 19 941.4 1676.5 6798.4 5084.5 763.4 685.6 1207.1 99432.5 13939.3 11222.6 26088.4 167839.6
2020 9 20 1086.4 1832.0 6588.4 5622.9 633.0 760.8 1310.1 122278.7 14828.9 13879.3 31978.2 200798.7
2020 9 21 1033.0 1732.8 7441.5 5224.7 637.6 710.5 1206.7 120871.6 14045.6 13067.9 25501.3 191473.1
2020 9 22 1033.0 1696.9 7654.9 5060.0 640.9 693.3 1151.9 124319.5 13570.3 12767.8 20902.4 189490.9
2020 9 23 1033.0 1856.2 7117.6 5314.0 640.9 754.1 1207.7 122724.9 15242.1 12044.2 25950.4 193885.0
2020 9 24 1059.1 1731.4 7040.6 5110.9 640.9 814.4 1063.4 125788.9 14104.0 12085.4 23742.5 193181.5
2020 9 25 956.7 1752.3 7007.7 5473.0 783.1 878.9 1068.9 124244.8 13778.7 13171.1 17215.5 186330.7
2020 9 26 887.7 1655.0 5861.6 5121.5 614.6 836.9 981.0 99250.2 13461.6 10514.0 25559.2 164743.3
2020 9 27 1086.4 1727.1 7055.1 6087.9 633.0 1263.5 900.2 122278.7 14109.2 10138.3 29278.7 194558.1
2020 9 28 1033.0 1735.1 7360.7 5947.3 637.6 1249.2 856.9 122466.2 14003.4 10012.6 24084.9 189386.8
2020 9 29 1042.5 1779.9 7966.3 6415.8 640.9 1477.4 766.0 122242.4 14629.2 9520.4 21177.2 187658.0
2020 9 30 1724.0 1782.9 10940.3 5932.4 711.3 1245.3 874.9 121067.6 14698.9 9311.8 23765.6 192055.0
2020 10 1 2035.8 1695.5 12075.2 6101.9 641.1 1426.5 729.2 126862.8 14279.9 10419.2 21323.6 197590.8
2020 10 2 914.7 1672.1 7008.8 6287.1 535.0 1470.7 689.5 124125.3 13741.1 11161.6 16764.2 184370.0
2020 10 3 928.0 1629.1 6333.8 6172.3 471.4 1479.0 632.6 100039.1 13897.5 8757.7 25053.6 165394.0
2020 10 4 1051.1 1644.5 7224.5 6933.6 539.7 1872.2 513.6 125445.3 14006.0 7715.4 25065.4 192011.4
2020 10 5 1966.6 1749.6 12009.5 7241.1 641.5 2025.9 444.0 120310.2 14657.7 7282.4 23743.0 192071.4
2020 10 6 2060.9 1770.1 12404.3 7512.1 649.9 2191.1 360.7 123922.0 14908.1 6606.3 19094.5 191480.1
2020 10 7 2052.7 1710.1 12268.1 6923.7 649.9 1937.8 441.3 125175.8 14560.6 6380.5 21847.3 193947.8
2020 10 8 2035.8 1731.8 12075.2 7225.4 641.1 2163.4 324.9 126862.8 14783.4 6206.3 19698.1 193748.3
2020 10 9 2156.9 1695.5 11673.2 7244.8 657.9 2154.2 283.7 126087.1 14111.4 7056.0 16051.7 189172.4
2020 10 10 2462.0 1704.5 11385.5 7333.8 585.9 2192.2 265.7 102000.9 14715.0 5730.3 23940.9 172316.6
2020 10 11 2976.1 1773.3 17599.9 8185.4 714.9 2638.2 381.3 136138.1 15268.8 3880.9 22173.1 211730.1
2020 10 12 3870.3 1881.1 17768.1 8356.8 680.4 2722.8 240.3 126236.7 15988.1 3651.8 20771.3 202167.8
2020 10 13 3204.9 1883.6 18444.2 8467.6 688.3 2814.0 78.5 131869.9 16052.7 3454.7 17251.9 204210.3
2020 10 14 2726.3 1891.1 15269.6 8172.3 705.4 2648.0 292.7 128241.1 16459.9 3597.5 21320.0 201323.9
2020 10 15 2661.4 1780.1 15269.6 7892.5 696.7 2613.6 117.7 135019.8 15148.9 3401.9 18629.2 203231.4
2020 10 16 2672.1 1816.7 14867.6 8018.6 680.3 2642.2 114.1 125010.6 15134.7 3595.8 15138.0 189690.5
2020 10 17 2666.0 1818.7 14070.5 7935.1 614.1 2628.0 103.8 107382.3 16041.4 3064.8 23046.3 179370.9
2020 10 18 2976.1 1963.1 16886.7 8396.1 714.9 2779.6 110.5 136138.1 16711.1 3650.1 21863.8 212190.1
2020 10 19 2490.1 1953.3 14874.7 8246.4 682.3 2761.0 0.0 121528.8 16874.8 3182.1 19735.8 192329.3
2020 10 20 2619.6 1860.0 15269.6 7685.6 690.7 2567.7 78.5 125140.7 15901.1 3517.8 13997.9 189329.3
2020 10 21 2619.6 2072.5 15269.6 8445.3 705.4 2818.7 75.1 133332.8 18413.8 3358.6 22513.4 209624.9
2020 10 22 2676.3 1868.1 15269.6 7670.2 711.2 2587.0 0.0 135019.8 16044.5 3177.9 20275.0 205299.6
2020 10 23 2672.1 1843.2 15580.7 7545.7 680.3 2527.4 0.0 125010.6 15430.9 3210.6 16142.6 190644.1
2020 10 24 3434.4 1835.5 17333.4 7350.8 617.7 2517.0 0.0 114413.0 16473.2 2612.6 24132.0 190719.6
2020 10 25 3291.7 2101.4 20149.6 8413.1 721.6 2997.0 0.0 149513.3 18178.1 3835.2 24277.6 233478.6
2020 10 26 3171.7 1901.6 17768.1 7517.0 679.9 2689.7 0.0 125191.8 17139.9 3101.0 19910.3 199070.9
2020 10 27 3204.9 1783.8 18444.2 7036.5 688.3 2592.9 0.0 131869.9 16079.5 2937.7 14777.0 199414.7
2020 10 28 3388.0 2170.1 18532.4 8686.6 709.9 3483.9 0.0 133578.2 22424.4 4618.9 25069.1 222661.5
2020 10 29 3955.6 1753.3 20923.4 7452.2 801.5 2961.0 0.0 143806.3 18236.5 4308.7 21828.3 226026.7
2020 10 30 4501.9 1716.3 22463.3 7307.3 748.5 2859.3 0.0 158474.1 17424.3 4203.9 18783.5 238482.4
2020 10 31 3747.8 1721.5 21315.5 7209.2 695.9 2923.5 0.0 138606.8 19292.8 3348.1 26786.9 225648.0
2020 11 1 4879.8 1882.4 24261.8 8296.3 697.7 3489.1 0.0 143338.3 20669.0 4986.9 28949.6 241450.9
2020 11 2 4252.8 1700.7 20807.1 7721.1 645.1 3323.7 0.0 133144.4 19919.4 4710.7 23554.6 219779.7
2020 11 3 4392.9 1674.2 21020.0 7785.9 657.1 3470.4 0.0 131448.3 20379.1 4460.2 15296.0 210584.2
2020 11 4 4498.5 1944.3 21451.9 9089.7 681.7 4262.4 0.0 131448.3 25144.9 6659.5 24919.5 230100.7
2020 11 5 4081.9 1724.7 21051.8 8667.7 684.7 4096.1 0.0 137359.9 23320.3 7240.8 21271.0 229498.8
2020 11 6 3534.5 1529.3 20066.6 7740.2 654.9 3636.8 0.0 134081.7 20347.1 6424.2 20815.6 218831.0
2020 11 7 3752.7 1587.4 18175.8 7795.1 556.5 3745.8 0.0 119490.0 22691.4 5544.4 27980.7 211319.9
2020 11 8 3940.4 1760.5 21176.5 8778.0 682.2 4378.5 0.0 145099.4 24242.6 7995.8 27538.3 245592.4
2020 11 9 4923.0 1707.6 22899.2 8891.0 651.7 4547.3 0.0 143110.9 24805.8 8943.2 22109.5 242589.3
2020 11 10 4351.6 1688.9 21020.0 8793.4 657.1 4572.0 0.0 131448.3 25554.3 7420.0 13247.2 218752.9
2020 11 11 5327.4 1819.0 24235.1 9479.9 688.3 5122.1 0.0 153920.1 28527.9 9517.7 23444.1 262081.6
2020 11 12 4703.2 1739.0 21451.9 9555.4 684.7 5183.9 0.0 136694.7 28647.0 10735.7 20081.6 239477.1
2020 11 13 4137.6 1522.1 20466.7 8463.8 654.9 4632.8 0.0 130587.5 24498.3 9859.0 19001.1 223823.8
2020 11 14 3193.9 1655.5 19016.3 8737.8 607.4 4853.2 0.0 122591.0 28361.3 8878.8 28888.2 226783.4
2020 11 15 5014.8 1712.5 24261.8 9248.5 697.7 5284.1 0.0 148958.1 28475.9 11816.7 24839.0 260309.0
2020 11 16 5536.8 1700.4 24130.7 9414.2 673.4 5364.6 0.0 137491.1 28909.2 12146.3 23374.0 248740.7
2020 11 17 4492.4 1741.6 21020.0 9508.4 657.1 5431.4 0.0 134277.3 30713.8 10395.6 13649.2 231886.8
2020 11 18 5781.4 1792.5 26651.3 9616.3 710.0 5570.9 0.0 155423.3 31140.4 11736.8 23195.9 271618.8
2020 11 19 5198.4 1889.0 24235.1 10104.1 696.8 5894.5 0.0 152495.7 31989.2 14083.0 18369.9 264955.6
2020 11 20 4578.1 1670.4 23249.8 9030.2 670.4 5327.5 0.0 146916.3 27913.6 12792.1 18447.4 250595.7
2020 11 21 4375.3 1800.4 22199.5 9218.6 622.9 5477.5 0.0 141296.5 31383.1 11755.0 27771.5 255900.4
2020 11 22 7035.9 1870.4 29520.9 9755.7 743.2 5907.3 0.0 150858.3 31521.8 14898.2 22575.0 274686.6
2020 11 23 6722.5 1893.8 28835.5 9893.0 673.4 5976.1 0.0 152344.1 32703.5 14101.5 22867.7 276011.2
2020 11 24 6880.6 1813.7 29210.0 9498.5 685.4 5848.3 0.0 153477.0 32283.4 11890.5 13479.5 265066.9
2020 11 25 6526.7 1949.6 29433.4 9702.6 710.0 6061.7 0.0 155423.3 35734.0 13189.0 24129.9 282860.1
2020 11 26 7052.2 1909.7 29433.4 9653.2 735.7 6224.2 0.0 160015.7 33803.8 15092.3 16937.7 280857.9
2020 11 27 6554.8 1829.5 28509.0 9923.7 709.3 6716.9 0.0 148816.5 35246.4 10710.3 18539.6 267556.0
2020 11 28 5658.4 1772.9 24615.8 9626.9 668.4 6467.0 0.0 148816.5 35970.6 9993.3 27025.6 270615.5
2020 11 29 6260.3 1842.9 26678.0 10082.2 743.2 6886.9 0.0 150858.3 36670.9 12324.0 25649.5 277996.2
2020 11 30 6722.5 1793.4 28835.5 9760.5 673.4 6671.5 0.0 152344.1 36283.0 10626.0 22640.8 276350.8
2020 12 1 11317.8 1783.9 44769.9 10520.5 970.6 7567.1 0.0 147507.9 39364.5 9288.7 15714.1 288804.8
2020 12 2 10409.5 1897.1 44769.9 10586.1 1038.0 7570.7 0.0 147507.9 42468.9 10465.6 25806.2 302519.9
2020 12 3 9935.4 1748.2 41781.0 9977.1 1027.1 7316.2 0.0 147507.9 37573.3 11879.9 16669.6 285415.7
2020 12 4 10391.0 1830.4 44769.9 11183.0 1032.0 8437.2 0.0 147507.9 43371.6 7616.5 21409.6 297549.0
2020 12 5 8844.6 1679.5 39737.3 10525.3 946.1 7891.3 0.0 136921.5 41975.3 7161.9 26179.6 281862.6
2020 12 6 9318.7 1754.3 41934.7 10948.1 948.2 8271.8 0.0 138631.3 43392.8 8467.6 27994.2 291661.8
2020 12 7 9424.9 1780.4 42312.0 11017.1 954.9 8357.6 0.0 137334.9 44457.0 7656.8 21479.0 284774.5
2020 12 8 10889.7 1807.3 50078.0 11805.5 1223.4 9217.0 0.0 159341.2 47777.9 6121.6 16820.6 315082.2
2020 12 9 10761.1 1816.0 46870.2 11389.3 1085.1 8868.0 0.0 150526.1 49115.5 6460.5 23311.3 310203.2
2020 12 10 9324.3 1732.9 44769.9 11000.2 1102.9 8746.5 0.0 147507.9 46295.8 7091.0 16568.6 294140.0
2020 12 11 11303.4 1795.1 48956.3 11985.1 1065.5 9675.0 0.0 150526.1 50926.1 3285.7 22428.3 311946.6
2020 12 12 10254.2 1593.9 44505.8 11103.2 933.5 8972.4 0.0 139771.3 48027.6 3207.8 27249.2 295618.9
2020 12 13 9572.8 1661.7 43339.9 11494.5 977.3 9323.0 0.0 141481.0 49529.9 3682.5 27619.4 298682.0
2020 12 14 9477.5 1681.5 44168.3 11579.0 1193.4 9443.6 0.0 148471.0 50469.8 3627.2 21262.3 301373.7
2020 12 15 10999.8 1824.9 50078.0 12837.3 1223.4 10569.2 0.0 159341.2 56026.8 2784.6 18689.3 324374.5
2020 12 16 10642.9 1698.8 50078.0 11932.5 1212.2 9804.5 0.0 159341.2 53101.7 2487.0 22477.3 322776.1
2020 12 17 11273.6 1665.7 48956.3 11667.9 1085.1 9625.8 0.0 150526.1 51857.9 2788.1 18312.6 307759.0
2020 12 18 9294.5 1680.0 44769.9 11729.7 1077.9 9658.9 0.0 147507.9 52304.9 2492.8 24664.0 305180.5
2020 12 19 9552.8 1590.3 39737.3 11022.4 917.6 9082.8 0.0 136921.5 49871.2 2452.6 27294.6 288443.2
2020 12 20 9617.6 1647.9 41934.7 11400.0 928.8 9440.4 0.0 138631.3 51211.6 2675.9 25967.4 293455.7
2020 12 21 8612.2 1706.0 37198.1 11727.8 847.4 9681.8 0.0 134269.6 53280.8 2424.6 23586.5 283334.8
2020 12 22 10581.2 1721.2 44769.9 11880.4 985.3 9890.4 0.0 147507.9 53847.5 2182.2 20668.7 304034.6
2020 12 23 11146.2 1732.1 44769.9 11880.5 1023.2 9902.4 0.0 147507.9 54680.8 2025.8 20123.1 304791.8
2020 12 24 9290.4 1733.8 44769.9 11866.8 1097.5 9913.0 0.0 147507.9 54899.9 2237.6 18161.6 301478.4
2020 12 25 9324.3 1686.5 44769.9 11527.5 1083.3 9593.1 0.0 147507.9 53060.0 1998.1 24566.4 305117.1
2020 12 26 8592.0 1576.7 39737.3 10769.1 945.9 8944.8 0.0 136921.5 49672.1 1934.4 25218.7 284312.6
2020 12 27 10985.0 1588.3 49063.9 10899.4 1134.0 9084.0 0.0 152412.1 49718.3 2010.3 25797.4 312692.7
2020 12 28 10089.5 1633.9 44675.8 11680.2 1123.5 9517.5 0.0 148471.0 49692.7 1241.8 22964.2 301090.1
2020 12 29 11686.4 1578.1 50078.0 11383.2 1153.2 9316.5 0.0 159341.2 48599.1 1408.2 21603.8 316147.6
2020 12 30 10775.0 1740.5 50078.0 12567.5 1222.3 10255.0 0.0 159341.2 53677.0 1288.4 21314.3 322259.1
2020 12 31 11246.4 1652.3 50078.0 11825.3 1109.8 9684.6 0.0 159341.2 51014.4 1408.5 19741.6 317102.1
2021 1 1 9310.9 2004.9 40932.6 13000.2 1070.1 9986.2 0.0 158027.3 49120.7 13.9 25680.7 309147.7
2021 1 2 8738.7 1862.3 35610.8 12174.2 931.4 9330.1 0.0 146978.8 45877.6 15.6 29364.1 290883.8
2021 1 3 8204.8 2152.0 36069.5 13954.3 977.5 10690.9 0.0 152410.1 52373.2 15.3 25020.1 301867.7
2021 1 4 7806.5 1926.3 33344.0 12477.7 929.6 9571.6 0.0 138582.2 46630.3 14.6 23444.2 274727.1
2021 1 5 8544.3 2019.4 38655.9 13212.2 1095.5 10123.2 0.0 158357.2 49349.0 15.5 24998.5 306370.7
2021 1 6 8794.0 2087.9 38316.3 13571.6 1133.6 10436.5 0.0 159850.4 51408.6 15.4 33651.0 319265.3
2021 1 7 8419.5 2094.6 37944.0 13362.9 1092.0 10271.8 0.0 156450.6 50395.2 14.3 28951.2 308996.2
2021 1 8 8688.6 2071.3 38541.6 13197.0 1082.2 10156.8 0.0 159199.3 50023.5 14.7 26650.5 309625.6
2021 1 9 8609.0 1967.6 36666.8 12574.2 927.8 9665.9 0.0 147888.4 47736.5 15.7 29139.0 295190.9
2021 1 10 9040.8 2188.5 41604.4 13909.0 1117.6 10681.2 0.0 162088.2 52319.4 15.4 24200.8 317165.4
2021 1 11 9294.5 1984.0 38282.2 12694.0 992.8 9755.1 0.0 151520.9 47439.4 15.1 22128.6 294106.6
2021 1 12 10554.1 2128.5 45530.0 13622.9 1062.1 10498.1 0.0 174404.1 51429.9 16.0 26005.0 335250.6
2021 1 13 10591.1 2102.1 45768.1 13423.6 1100.8 10362.7 0.0 170506.4 51034.8 15.5 33154.1 338059.3
2021 1 14 9952.9 2134.5 43796.7 13436.1 1118.5 10367.1 0.0 166429.3 50725.9 14.8 28197.4 326173.2
2021 1 15 9577.1 2108.7 42483.7 13218.6 1042.0 10245.8 0.0 162570.7 50588.7 15.2 27222.7 319073.1
2021 1 16 8609.0 2020.1 36666.8 12687.8 951.7 9824.1 0.0 147888.4 48531.8 16.2 28920.6 296116.6
2021 1 17 8207.2 2203.4 36221.7 13798.8 1001.6 10663.6 0.0 152355.2 52222.8 15.9 24076.1 300766.2
2021 1 18 7960.0 2084.4 35974.2 13055.2 911.4 10107.8 0.0 145507.8 49126.8 16.8 20920.5 285665.0
2021 1 19 9935.5 2275.0 43810.2 14024.1 1108.2 10935.5 0.0 166809.5 54012.5 18.4 29049.0 331977.9
2021 1 20 10677.9 2187.6 45706.3 13449.6 1100.8 10486.3 0.0 170506.4 51674.1 17.5 31705.7 337512.2
2021 1 21 9790.5 2244.2 42990.9 13733.2 1122.3 10702.0 0.0 166429.3 52526.6 17.3 27594.7 327151.0
2021 1 22 9584.3 2213.8 42404.7 13520.1 1125.1 10581.3 0.0 166248.9 52626.4 18.2 28191.5 326514.4
2021 1 23 10853.3 2149.8 44621.5 13150.8 1098.1 10276.5 0.0 166938.9 50898.9 18.8 28462.4 328469.0
2021 1 24 11009.4 2274.9 46826.9 13878.8 1148.6 10821.4 0.0 171942.9 53433.2 18.5 23656.1 335010.6
2021 1 25 10051.2 2145.4 41655.0 13086.5 1000.4 10221.4 0.0 151615.4 50276.6 20.2 20475.6 300547.6
2021 1 26 10743.5 2340.0 46327.9 14152.0 1062.1 11125.9 0.0 174404.1 55667.8 22.6 32218.6 348064.5
2021 1 27 10591.1 2259.0 45768.1 13661.5 1100.8 10693.6 0.0 170506.4 53426.6 21.3 29987.4 338015.8
2021 1 28 9577.1 2266.1 43122.4 13674.5 1172.9 10683.4 0.0 166967.8 54056.7 20.7 28766.4 330308.1
2021 1 29 9577.1 2227.6 42483.7 13388.0 1042.0 10496.0 0.0 162570.7 53898.1 21.6 29271.4 324976.1
2021 1 30 9101.7 2219.3 39003.0 13383.5 1095.0 10465.8 0.0 156580.6 53296.8 22.7 29531.2 314699.8
2021 1 31 9694.7 2315.7 43001.9 13865.7 1144.9 10806.0 0.0 163996.9 55716.1 27.5 24118.5 324687.9
2021 2 1 9503.5 2156.9 39328.6 13013.1 1058.2 10334.5 0.0 152033.3 51683.4 31.0 21459.7 300602.1
2021 2 2 10783.2 2365.4 46848.1 14156.9 1074.4 11271.9 0.0 159440.8 57477.2 33.2 33652.6 337103.7
2021 2 3 10783.2 2297.9 46848.1 13867.6 1087.7 11002.2 0.0 159440.8 55332.3 27.0 28845.8 329532.6
2021 2 4 10004.8 2272.6 43642.6 13654.4 1092.7 10812.4 0.0 159440.8 55712.7 28.5 29882.8 326544.3
2021 2 5 10057.1 2216.5 43434.7 13184.9 1092.7 10435.6 0.0 159440.8 54266.1 29.0 29386.7 323544.2
2021 2 6 10014.3 2245.2 41841.3 13425.4 1082.1 10586.9 0.0 156128.1 54463.5 30.0 30826.1 320642.9
2021 2 7 10192.6 2339.0 43086.2 13875.1 1082.1 10909.0 0.0 156128.1 57161.7 38.7 24997.4 319809.9
2021 2 8 8285.0 2147.1 37537.6 12721.4 1108.3 9979.5 0.0 152033.3 52031.0 41.5 21910.1 297794.7
2021 2 9 9981.8 2335.1 43860.6 13769.4 1073.2 10798.1 0.0 157075.3 57181.3 42.0 32929.2 329046.0
2021 2 10 9981.8 2266.0 43506.9 13508.9 1121.4 10539.9 0.0 159440.8 55004.1 36.1 28978.3 324384.1
2021 2 11 9777.8 2201.5 41957.0 13096.0 1073.2 10165.7 0.0 154928.1 54414.6 57.3 30061.1 317732.2
2021 2 12 9066.2 2065.9 38615.4 12160.0 1070.3 9432.0 0.0 154928.1 50843.0 55.3 29435.9 307672.1
2021 2 13 8763.3 2170.8 36836.4 12845.2 971.6 9932.7 0.0 148241.4 53112.4 59.5 30963.8 303897.1
2021 2 14 8524.6 2276.3 37230.3 13386.1 1002.9 10301.1 0.0 151693.3 55728.6 72.2 25520.5 305735.8
2021 2 15 8288.9 2070.5 37537.6 12194.0 983.2 9324.1 0.0 146094.9 50150.9 76.2 21327.2 288047.6
2021 2 16 9283.7 2278.7 40003.5 13403.6 1075.3 10222.6 0.0 155091.5 55637.5 74.3 30703.5 317774.2
2021 2 17 9066.2 2216.1 38604.2 13183.4 1073.2 10020.8 0.0 154928.1 53797.9 65.8 28692.8 311648.6
2021 2 18 9777.8 2167.7 41957.0 12897.4 1073.2 9747.7 0.0 154928.1 52684.1 69.1 27461.1 312763.2
2021 2 19 9471.4 1995.0 40352.4 11753.8 1025.9 8875.1 0.0 154928.1 48303.1 64.6 27480.7 304250.1
2021 2 20 8628.3 2081.7 34724.1 12310.1 1000.4 9267.5 0.0 150368.5 50124.0 70.0 28492.9 297067.4
2021 2 21 9233.9 2234.0 39752.5 13233.6 1002.9 9912.1 0.0 151693.3 53304.3 75.5 24399.3 304841.4
2021 2 22 8054.1 2023.3 34841.8 11933.0 985.4 8869.7 0.0 146094.9 47235.7 70.7 23830.6 283939.2
2021 2 23 9066.2 2161.7 39806.6 12805.2 1075.3 9504.4 0.0 155091.5 50854.4 65.6 28894.1 309325.0
2021 2 24 9777.8 2182.6 41821.3 13039.5 1073.2 9614.0 0.0 154928.1 51267.4 66.2 28051.9 311822.0
2021 2 25 9348.2 2120.1 38812.2 12369.7 1075.3 8981.6 0.0 154928.1 48286.1 53.6 26219.7 302194.6
2021 2 26 9348.2 1893.0 39364.0 11127.0 1070.3 8100.5 0.0 154928.1 43789.8 44.8 25839.5 295505.3
2021 2 27 8440.1 2054.6 33681.7 12115.9 982.1 8786.8 0.0 148241.4 47066.0 50.4 24770.5 286189.5
2021 2 28 8929.8 2158.9 38543.3 12716.1 982.9 9179.1 0.0 149566.2 48863.8 51.3 24197.7 295189.2
2021 3 1 7730.1 1959.5 31749.4 11407.5 833.9 7903.9 0.0 156185.0 42867.6 45.6 29233.4 289916.0
2021 3 2 7730.1 2150.2 34385.0 12539.8 862.0 8678.9 0.0 164152.6 46958.4 44.3 26156.6 303657.9
2021 3 3 6410.0 2152.7 32604.8 12474.5 848.6 8602.9 0.0 154786.8 46606.1 42.0 27094.0 291622.4
2021 3 4 5329.3 2112.8 27869.8 11849.4 808.2 8053.3 0.0 151043.1 44062.4 52.7 25639.8 276820.7
2021 3 5 5329.3 1998.7 27398.5 11246.0 774.0 7654.3 0.0 150315.2 42112.2 44.2 23103.4 269975.8
2021 3 6 5987.8 2124.4 26222.5 12100.1 735.1 8215.0 0.0 138385.1 44307.3 49.9 21820.1 259947.3
2021 3 7 6666.2 2157.4 29168.9 12165.2 760.7 8212.2 0.0 148709.6 44145.4 53.0 26723.7 278762.3
2021 3 8 7730.1 2003.7 31749.4 11174.1 833.9 7518.1 0.0 156185.0 39873.5 48.2 26959.7 284075.6
2021 3 9 7730.1 2213.0 34385.0 12369.9 862.0 8280.6 0.0 164152.6 43568.6 50.0 26337.5 299949.2
2021 3 10 7734.7 2131.2 34391.5 11937.2 868.0 7961.3 0.0 164959.9 41659.0 46.8 29665.5 301355.0
2021 3 11 7734.7 2058.4 33737.1 11137.3 845.0 7300.7 0.0 163744.2 38702.7 55.8 28903.2 294219.2
2021 3 12 6728.9 2048.0 30579.3 11135.8 798.5 7277.5 0.0 150650.9 38515.0 51.2 24775.4 272560.5
2021 3 13 5987.8 2127.7 23361.0 11743.7 658.6 7683.9 0.0 139151.4 39987.4 53.9 22208.1 252963.4
2021 3 14 5987.8 2173.5 23941.8 11974.9 658.6 7780.4 0.0 142959.6 40386.3 57.5 26210.2 262130.5
2021 3 15 5675.4 2095.0 24903.5 11504.7 749.3 7427.7 0.0 137713.5 37926.0 56.0 24339.0 252389.9
2021 3 16 6345.0 2225.7 32226.2 12206.3 809.6 7846.3 0.0 150783.1 39966.5 57.7 27555.9 280022.3
2021 3 17 5386.0 2201.3 27968.4 12007.4 816.4 7681.5 0.0 154852.1 39035.0 56.5 29819.2 279823.8
2021 3 18 5329.3 2125.4 27869.8 11585.7 808.2 7353.9 0.0 151043.1 37504.0 54.8 28085.2 271759.4
2021 3 19 4344.4 2174.8 23032.2 11843.9 709.8 7476.0 0.0 147688.6 38286.3 55.7 26918.7 262530.5
2021 3 20 5987.8 2150.9 23361.0 11861.0 702.3 7503.8 0.0 138385.1 37818.4 55.9 22684.1 250510.3
2021 3 21 6492.0 2180.3 28564.2 12088.2 760.7 7612.5 0.0 148709.6 38161.0 58.8 25057.3 269684.7
2021 3 22 6888.0 2160.9 30145.1 11998.2 781.5 7481.9 0.0 136831.1 37250.4 58.9 23378.0 256974.0
2021 3 23 6345.0 2210.3 32842.3 12248.4 809.6 7575.9 0.0 150783.1 37929.0 58.7 26589.2 277391.7
2021 3 24 6410.0 2130.6 29743.3 11824.5 835.3 7262.9 0.0 154877.4 36366.8 57.1 29377.3 278885.2
2021 3 25 6410.0 2105.2 29863.7 11654.2 819.1 6977.9 0.0 152975.3 35602.2 63.7 26867.9 273339.2
2021 3 26 6297.6 2128.5 29844.1 11727.1 792.0 6981.9 0.0 150650.9 35969.6 64.2 28760.6 273216.5
2021 3 27 5318.2 2050.8 21283.3 11381.5 658.6 6734.4 0.0 140529.1 34184.6 59.9 22874.9 245075.3
2021 3 28 5004.4 2105.5 25369.3 11457.1 683.1 6695.8 0.0 139796.7 34357.9 66.0 25256.3 250792.2
2021 3 29 4051.4 2064.8 17244.4 11268.5 658.5 6509.8 0.0 136550.8 33524.1 65.3 24214.2 236151.7
2021 3 30 3517.5 2099.1 19162.4 11444.6 628.6 6549.1 0.0 143131.4 33869.0 65.1 23988.6 244455.4
2021 3 31 3517.5 2056.9 17291.5 10914.7 628.6 6118.1 0.0 140540.8 32639.1 64.9 26852.7 240624.9
2021 4 1 3555.9 2075.0 19151.7 11067.3 622.9 5840.5 0.0 143864.6 32677.0 72.8 24684.0 243611.7
2021 4 2 3562.7 2088.5 19384.2 10988.0 629.1 5725.2 0.0 143772.4 32637.6 74.2 27430.9 246292.8
2021 4 3 3509.0 2049.7 19316.2 10785.9 669.6 5535.2 0.0 127510.8 31084.4 69.4 20677.9 221208.1
2021 4 4 3569.6 2039.0 20538.3 10439.3 669.9 5268.7 0.0 140366.6 30259.6 74.4 24190.1 237415.5
2021 4 5 4269.3 2021.7 19810.5 10359.1 659.4 5163.9 0.0 135972.3 29907.4 75.3 23621.4 231860.3
2021 4 6 4370.2 2041.2 24151.9 10498.6 681.7 5181.1 0.0 144852.8 30109.4 74.2 20364.2 242325.3
2021 4 7 5312.6 2002.7 28670.3 9953.6 804.3 4723.7 0.0 150352.4 28627.9 74.8 26064.1 256586.3
2021 4 8 4041.1 1997.9 21414.7 9814.0 618.1 4480.2 0.0 148993.9 28159.5 82.5 24451.3 244053.0
2021 4 9 3397.2 1970.3 19227.5 9622.6 642.3 4357.3 0.0 143474.0 27672.6 81.1 27983.2 238428.3
2021 4 10 3499.6 2021.7 17329.9 9855.3 646.8 4334.7 0.0 131101.8 27307.1 79.3 21079.5 217255.7
2021 4 11 3562.0 2049.8 20538.3 9679.3 669.9 4170.1 0.0 140366.6 27250.0 85.1 24379.2 232750.3
2021 4 12 3574.5 1963.2 17941.4 9373.9 614.3 3993.5 0.0 135972.3 25854.3 81.7 25479.3 224848.3
2021 4 13 3494.8 1955.8 18935.8 9399.8 635.1 3969.8 0.0 140791.0 25750.3 81.4 20909.2 225923.0
2021 4 14 3539.7 2063.9 18390.6 9685.8 635.0 3987.5 0.0 146553.2 26881.3 87.2 28024.7 239849.0
2021 4 15 3563.5 1983.8 19151.7 9264.5 622.9 3709.9 0.0 143864.6 25412.3 84.7 25872.5 233530.5
2021 4 16 3351.7 1989.7 18503.4 9299.6 644.5 3705.2 0.0 147111.1 25682.7 86.1 28128.2 238502.3
2021 4 17 3453.4 2031.0 18550.6 9554.0 665.1 3782.3 0.0 130855.3 25493.5 83.5 24175.7 218644.3
2021 4 18 4071.2 2074.9 22396.8 9689.6 681.3 3821.0 0.0 142580.0 26364.2 89.4 27241.3 239009.7
2021 4 19 3564.9 2019.1 17833.0 9595.3 637.7 3761.4 0.0 136151.5 25475.6 86.0 27669.8 226794.3
2021 4 20 3269.7 1972.2 17969.1 9429.5 636.0 3633.8 24.9 144428.0 24631.3 82.9 20930.8 227008.1
2021 4 21 3421.5 2118.1 17818.6 10070.7 580.1 3883.3 25.4 150509.7 26919.8 92.1 31260.7 246699.9
2021 4 22 2726.8 2018.3 14170.1 9610.8 577.6 3671.4 29.6 143961.5 25357.5 87.0 27904.2 230114.9
2021 4 23 3351.7 1928.3 18503.4 9191.3 644.5 3438.2 49.5 147111.1 24215.7 81.7 30181.2 238696.8
2021 4 24 3453.7 1955.7 17492.7 9164.0 653.5 3360.2 51.5 130323.7 23603.2 78.5 27591.1 217727.8
2021 4 25 2439.3 2043.9 13198.4 9558.8 531.9 3498.3 58.7 143115.4 25188.9 86.5 29490.6 229210.6
2021 4 26 3085.9 1954.9 14929.9 9341.8 585.1 3387.6 58.0 139368.3 23902.9 80.6 32045.5 228740.6
2021 4 27 3564.9 1940.1 18935.8 9133.1 637.7 3134.4 103.2 140791.0 22730.1 77.6 22329.2 223377.0
2021 4 28 3421.5 1990.0 17818.6 9336.0 580.1 3224.6 103.4 150509.7 24005.5 84.1 33558.1 244631.5
2021 4 29 2430.9 2011.0 12622.3 9402.3 577.6 3191.3 127.8 143961.5 23991.8 83.3 29197.2 227597.1
2021 4 30 2033.4 1911.1 12025.6 8960.2 564.8 2962.2 131.1 147907.4 22785.5 78.7 29589.6 228949.6
2021 5 1 2242.9 1817.9 12171.5 8267.2 603.0 2628.7 181.2 128656.7 20582.4 70.7 28442.0 205664.1
2021 5 2 2258.0 1892.7 13346.6 8678.9 656.9 2763.1 187.4 148614.2 21724.6 76.8 29126.7 229325.8
2021 5 3 3570.0 1974.2 16836.2 9079.5 739.4 2854.5 201.5 139608.5 22602.4 78.6 32185.3 229730.2
2021 5 4 2857.9 1878.4 13680.7 8554.4 686.0 2517.0 246.7 140742.8 20513.2 71.2 23941.8 215690.1
2021 5 5 2173.1 1860.7 12234.1 8486.4 654.6 2495.5 247.4 145349.6 20877.1 74.8 31529.4 225982.7
2021 5 6 2514.9 1986.8 12482.6 8925.5 649.0 2539.2 296.6 145349.6 21933.5 78.2 30263.6 227019.4
2021 5 7 2446.6 1801.8 12482.6 8205.0 650.6 2246.0 289.7 143919.4 19604.9 68.7 28674.9 220390.3
2021 5 8 2125.2 1740.7 12078.7 7461.2 590.4 1839.3 334.3 127500.0 18011.8 64.5 26728.5 198474.7
2021 5 9 3657.6 1874.7 18950.6 8070.6 825.2 1961.9 370.4 142407.8 19372.9 70.4 25269.0 222831.2
2021 5 10 3415.8 1941.6 16836.2 8404.0 715.9 2047.7 380.2 139225.5 20052.0 72.7 32240.8 225332.4
2021 5 11 2177.1 1831.1 12116.9 7897.0 632.5 1748.1 421.3 137528.4 18090.2 65.6 24134.5 206642.7
2021 5 12 2171.9 1753.5 12234.1 7591.6 650.1 1646.3 420.4 147885.1 17493.9 64.8 28989.0 220900.6
2021 5 13 2173.2 2010.0 12234.1 8632.8 674.5 1840.5 496.3 148947.8 20133.0 74.8 30321.1 227538.3
2021 5 14 2184.4 1796.3 12326.9 7874.5 678.3 1658.3 453.3 150574.8 17822.2 67.4 26517.9 221954.1
2021 5 15 2242.9 1706.0 12171.5 7198.3 669.6 1355.6 468.5 128656.7 16252.8 62.0 23918.1 194702.0
2021 5 16 2424.7 1862.4 13439.3 7821.8 683.9 1459.0 515.8 149753.2 17709.6 68.3 23444.8 219182.8
2021 5 17 1692.2 1961.1 9778.9 8239.5 617.6 1588.3 525.3 140552.1 18791.6 73.0 31476.6 215296.1
2021 5 18 1748.4 1809.3 10197.1 7758.2 640.8 1464.2 497.0 144657.1 17043.3 64.1 21878.9 207758.5
2021 5 19 1739.9 1780.4 12073.7 7670.8 719.5 1445.8 498.4 149803.4 16944.2 64.7 26813.0 219553.7
2021 5 20 1711.2 2018.2 10440.3 8657.7 669.8 1616.8 578.9 150036.2 19304.8 73.9 31255.6 226363.5
2021 5 21 1688.6 1805.3 10314.4 7859.0 668.8 1477.8 519.1 150250.4 17169.8 66.5 24990.6 216810.2
2021 5 22 1569.3 1739.1 10043.8 7497.5 654.0 1371.5 507.6 160711.9 16066.4 61.2 21497.7 221719.9
2021 5 23 1870.4 1970.9 11384.9 8349.5 710.4 1507.3 604.4 152727.6 18567.3 71.2 22481.5 220245.4
2021 5 24 2074.5 1942.3 11695.0 8315.5 656.8 1497.5 644.9 134154.5 18155.0 70.8 31343.7 210550.4
2021 5 25 1765.4 1833.1 11956.4 7993.1 670.6 1435.4 622.1 137528.4 16921.9 63.4 18879.1 199668.9
2021 5 26 1739.9 1811.3 12073.7 7860.1 719.5 1400.7 635.2 149803.4 16837.8 60.8 26967.1 219909.5
2021 5 27 1736.0 2060.5 10314.4 8938.0 706.0 1562.0 852.5 152512.8 19388.2 69.7 29267.3 227407.4
2021 5 28 1569.3 1820.6 10199.2 7776.0 720.3 1372.9 744.0 166429.1 16886.0 62.8 24056.1 231636.2
2021 5 29 1569.3 1783.3 10043.8 7632.4 654.0 1345.5 728.4 160711.9 16110.6 57.4 22133.8 222770.4
2021 5 30 1738.1 1930.5 11269.6 8130.0 726.3 1410.6 825.7 165997.2 17853.6 65.0 23412.8 233359.4
2021 5 31 1703.9 1927.2 9778.9 8219.7 649.4 1416.2 921.8 142347.9 17622.3 64.8 29757.5 214409.6
2021 6 1 1023.8 1826.3 8337.4 7830.6 620.5 1311.9 888.7 122083.4 16299.8 50.0 19245.7 179518.3
2021 6 2 1139.8 1858.7 8460.9 7836.7 620.5 1294.0 959.2 125526.7 16709.6 68.2 28777.3 193251.7
2021 6 3 1301.1 2032.8 8672.3 8513.2 620.5 1390.7 1104.3 131657.1 18082.6 74.5 27521.5 200970.6
2021 6 4 1554.7 1846.1 9515.0 7478.6 650.8 1232.3 990.0 124311.6 16016.7 67.9 25253.8 188917.3
2021 6 5 1041.5 1815.6 7676.8 7338.0 572.8 1205.6 975.4 109836.2 15400.1 181.4 26285.6 172329.0
2021 6 6 1462.4 1991.9 9225.5 7883.2 615.3 1271.9 1104.1 126142.0 17145.3 315.9 23793.5 190951.0
2021 6 7 1381.6 2001.1 9237.9 8003.3 652.2 1280.2 1202.1 121268.6 16799.1 317.0 29224.2 191367.2
2021 6 8 1106.1 1867.6 8395.2 7514.2 620.5 1193.5 1172.8 122083.4 15571.5 290.4 22369.1 182184.5
2021 6 9 1281.3 1923.6 9138.2 7606.4 682.3 1188.3 1260.2 125526.7 16153.0 337.6 30564.8 195662.5
2021 6 10 1354.3 2056.8 9138.2 8130.4 682.3 1255.8 1405.4 131657.1 16998.0 367.2 24900.4 197945.9
2021 6 11 1280.2 1901.7 8743.0 7270.8 672.7 1130.0 1282.0 124311.6 15325.2 368.2 26149.8 188435.3
2021 6 12 903.5 1858.5 7619.0 7029.3 572.8 1090.4 1239.2 109836.2 14704.5 573.2 27423.1 172849.7
2021 6 13 971.2 2030.8 7619.0 7509.2 583.7 1150.0 1369.0 126142.0 16140.0 830.4 25889.0 190234.4
2021 6 14 1060.8 2049.5 8337.4 7659.8 620.5 1169.1 1415.2 121268.6 15845.9 879.2 28444.5 188750.8
2021 6 15 1023.8 1953.6 8337.4 7305.8 620.5 1108.2 1386.4 122083.4 15011.0 850.7 23689.5 183370.4
2021 6 16 1307.2 1988.4 9138.2 7345.7 682.3 1104.2 1447.3 125526.7 15486.4 882.1 31311.0 196219.6
2021 6 17 1275.9 2089.6 8696.2 7673.9 660.4 1155.1 1479.8 131743.2 15854.2 922.2 25701.0 197251.4
2021 6 18 957.4 1965.9 7467.4 7189.3 634.3 1081.0 1378.8 124397.8 14709.8 948.8 27450.1 188180.4
2021 6 19 776.6 1927.9 6689.2 6960.9 582.2 1045.6 1334.8 109836.2 14161.7 1125.7 25655.6 170096.3
2021 6 20 971.2 2133.7 7619.0 7503.4 583.7 1118.0 1482.7 126142.0 15871.4 1540.4 28935.2 193900.8
2021 6 21 939.8 2130.3 7487.6 7546.0 657.1 1122.0 1485.4 117745.8 15456.4 1666.8 28720.1 184957.2
2021 6 22 1097.2 2082.6 8600.4 7372.1 660.4 1091.2 1490.1 120158.5 15043.4 1636.7 22761.9 181994.5
2021 6 23 951.0 2058.2 6864.7 7172.2 576.8 1051.1 1496.6 125612.9 15171.3 1919.3 30340.9 193214.9
2021 6 24 1165.6 2247.8 8759.5 7707.0 660.4 1116.9 1707.2 131743.2 16855.0 2293.1 28165.7 202421.5
2021 6 25 944.4 2042.0 6726.2 7105.2 572.2 1028.7 1541.4 124397.8 15170.0 2407.4 27546.3 189481.4
2021 6 26 950.1 1985.7 7286.1 6937.3 582.2 996.9 1532.8 109836.2 14523.0 2371.6 22081.9 169083.6
2021 6 27 890.4 2175.2 7060.7 7255.9 595.2 1024.3 1694.7 126142.0 16903.1 2705.1 31150.7 197597.3
2021 6 28 1170.1 2129.4 8537.1 7259.9 657.1 1021.3 1705.6 117745.8 16443.6 3001.3 28351.2 188022.5
2021 6 29 1097.2 2089.1 8600.4 7153.7 660.4 999.9 1718.7 120158.5 16069.3 3173.3 20168.5 181889.0
2021 6 30 1231.1 2037.3 8696.2 6800.6 660.4 931.7 1717.2 125612.9 16136.9 3498.4 29558.0 196880.7
2021 7 1 1010.9 2274.4 7018.1 7614.7 559.6 1020.8 2138.7 130538.5 18732.8 5151.3 32841.7 208901.6
2021 7 2 984.1 2000.7 6997.2 6849.0 559.6 919.8 1870.3 128547.6 16232.9 5535.9 28578.3 199075.4
2021 7 3 850.8 1973.1 6435.8 6857.8 559.6 914.9 1890.9 105762.8 15749.9 5354.9 21137.2 167487.7
2021 7 4 785.9 2150.9 5923.2 7111.9 608.5 924.1 2103.6 120481.3 18387.3 5722.0 31951.7 196150.2
2021 7 5 788.6 2126.2 5713.7 7164.8 547.8 925.8 2145.4 112732.9 18111.9 6418.2 29305.0 185980.3
2021 7 6 928.9 2058.4 6846.3 6976.5 559.6 894.9 2127.0 122471.7 17401.5 6610.1 19396.7 186271.6
2021 7 7 930.6 2021.7 6741.8 6695.4 608.5 838.7 2144.2 129396.3 17558.3 6561.4 29639.5 203136.3
2021 7 8 930.6 2278.2 6741.8 7242.3 608.5 885.7 2525.8 130538.5 20812.5 7515.1 34984.5 215063.5
2021 7 9 830.6 2029.0 6404.4 6560.1 608.5 800.0 2270.1 126460.4 18427.3 8339.3 29351.0 202080.7
2021 7 10 709.3 1948.6 5689.3 6439.3 595.3 783.1 2215.9 96177.1 17349.8 8060.9 19892.5 159861.3
2021 7 11 736.6 2136.4 5619.4 6749.0 568.6 798.1 2473.7 112705.3 20248.3 8261.8 30099.4 190396.4
2021 7 12 734.8 2114.1 5713.7 6814.0 547.8 806.0 2508.5 114564.5 19972.3 9196.3 29768.5 192740.4
2021 7 13 763.2 2001.1 5819.6 6507.4 595.3 765.3 2412.0 115937.1 18779.7 9528.0 20177.5 183286.3
2021 7 14 757.5 2022.7 5885.5 6499.1 547.8 751.4 2476.5 124003.9 19333.1 8643.3 29846.5 200767.2
2021 7 15 757.5 2142.4 5885.5 6737.8 547.8 770.9 2656.8 124003.9 21100.1 9123.2 33892.2 207618.1
2021 7 16 757.5 2049.5 5885.5 6529.5 568.6 743.8 2588.9 124003.9 20189.8 10334.3 30899.3 204550.7
2021 7 17 697.2 1924.8 5583.4 6237.0 568.6 716.4 2396.0 94345.4 18468.2 9963.3 19610.3 160510.7
2021 7 18 752.9 2043.2 5619.4 6501.5 568.6 741.7 2583.6 111055.2 20109.6 9732.5 29199.7 188907.8
2021 7 19 763.2 2107.6 5830.4 6763.3 605.6 775.8 2688.7 115935.7 20566.2 11106.8 29665.9 196809.3
2021 7 20 716.6 2016.3 5613.8 6496.8 582.5 742.9 2582.0 118276.9 19553.3 11321.1 20879.9 188782.1
2021 7 21 739.3 2042.9 5732.9 6564.3 582.5 744.6 2632.4 124971.3 20002.4 9961.3 30170.4 204144.3
2021 7 22 739.3 2064.7 6002.2 6596.6 595.9 746.4 2684.3 126343.7 20335.7 10513.0 28415.0 205036.8
2021 7 23 739.3 2155.7 6002.2 6905.9 595.9 775.9 2846.3 125375.1 21421.5 12168.0 31611.3 210597.2
2021 7 24 557.4 1933.5 5150.7 6218.9 563.8 701.2 2511.9 95613.2 18628.0 12020.6 19199.1 163098.3
2021 7 25 613.0 2019.6 5186.6 6422.3 563.8 713.7 2679.2 112141.4 19899.1 12203.9 26300.2 188742.9
2021 7 26 649.4 2081.5 5531.3 6677.6 563.8 747.7 2784.8 117001.1 20432.5 13633.0 28399.1 198501.9
2021 7 27 716.6 2023.3 5613.8 6517.8 582.5 729.4 2710.2 116904.5 19773.9 13812.2 20722.6 190106.9
2021 7 28 721.3 2077.1 5732.9 6533.9 582.5 720.2 2768.5 124971.3 20394.9 15728.8 30633.5 210864.8
2021 7 29 600.2 1927.4 4452.0 6120.3 507.5 678.4 2592.1 122853.1 18805.7 14911.0 23361.5 196809.3
2021 7 30 739.3 2146.5 5732.9 6743.4 582.5 739.3 2904.9 123440.1 21209.1 17653.7 32134.7 214026.3
2021 7 31 606.5 1936.1 5233.2 6069.3 582.5 668.6 2586.1 98516.8 18528.3 17395.4 16898.8 169021.6
2021 8 1 614.2 1946.3 5910.0 6096.1 684.1 671.6 2672.9 111765.2 19103.1 18585.9 22857.3 190906.9
2021 8 2 650.6 2015.5 6018.0 6366.1 684.1 705.5 2787.3 116568.4 19799.9 19668.0 28091.2 203354.5
2021 8 3 773.0 1991.7 6145.7 6297.6 715.7 697.7 2748.6 117451.5 19495.3 19364.6 19838.8 195520.3
2021 8 4 650.7 2013.4 5588.5 6207.0 684.1 674.9 2770.2 124850.4 19750.8 21688.0 31458.8 216336.8
2021 8 5 611.2 1842.5 5180.0 5740.1 611.3 626.3 2562.3 123467.2 18104.2 19997.0 21550.3 200292.4
2021 8 6 611.2 2073.1 5180.0 6375.7 611.3 687.7 2882.9 123467.2 20593.3 23522.6 32397.0 218402.0
2021 8 7 585.0 1860.0 5948.4 5720.3 700.2 622.3 2571.9 95045.0 17897.8 22285.8 15740.4 168977.3
2021 8 8 675.2 1877.9 5948.4 5701.7 700.2 606.8 2634.3 111765.2 18376.2 24484.1 19092.0 191862.1
2021 8 9 773.0 2007.6 6145.7 6120.9 715.7 649.2 2843.5 116206.3 19820.0 26354.1 28143.9 209779.8
2021 8 10 716.1 1917.9 6145.7 5866.1 711.8 625.8 2707.3 118446.1 18756.9 24786.3 19723.0 200403.1
2021 8 11 740.1 1864.0 6056.4 5546.7 700.2 582.1 2617.4 126594.4 18244.0 26443.7 33482.6 222871.5
2021 8 12 762.9 1761.8 6145.7 5294.6 711.8 556.6 2503.4 125599.8 17356.1 23736.9 22683.7 207113.2
2021 8 13 819.8 1990.2 6145.7 5873.4 715.7 611.1 2816.1 125599.8 19797.2 27605.4 31220.1 223194.5
2021 8 14 679.4 1841.6 6134.9 5507.0 715.7 585.6 2608.4 97177.6 17894.0 25633.1 17013.8 175790.9
2021 8 15 769.5 1762.9 6134.9 5202.8 715.7 550.0 2497.1 113897.8 17190.1 26448.2 17970.5 193139.3
2021 8 16 773.0 1945.6 6145.7 5723.3 715.7 601.0 2777.1 116206.3 19204.6 28716.2 29638.8 212447.3
2021 8 17 748.3 1884.3 6145.7 5571.1 679.2 589.9 2681.3 116205.4 18371.7 27139.4 19230.6 199247.1
2021 8 18 776.9 1862.3 6145.7 5434.4 679.2 569.0 2660.9 124353.7 18418.5 26961.8 32533.5 220395.9
2021 8 19 819.8 1761.3 6145.7 5199.3 715.7 547.2 2533.2 125599.8 17441.6 24150.6 25181.9 210096.0
2021 8 20 819.8 1905.4 6145.7 5566.3 715.7 580.8 2723.6 124353.7 19008.0 26647.8 30579.2 219046.1
2021 8 21 679.4 1803.3 6134.9 5348.3 715.7 569.5 2589.5 95931.5 17698.3 24796.7 20655.0 176921.8
2021 8 22 712.6 1819.8 6134.9 5315.0 711.8 566.1 2570.4 113897.8 17933.3 25893.8 18625.9 194181.5
2021 8 23 773.0 1938.5 6145.7 5670.0 715.7 602.9 2715.5 116206.3 19190.1 27386.5 29497.2 210841.4
2021 8 24 773.0 1896.9 6145.7 5620.5 715.7 605.7 2633.2 116205.4 18408.3 25548.4 20036.5 198589.2
2021 8 25 776.9 1885.9 6145.7 5519.1 679.2 592.8 2608.3 124353.7 18488.3 25300.6 32972.2 219322.7
2021 8 26 1232.5 1919.7 8150.5 5717.8 773.3 632.3 2540.7 130441.9 18794.6 24101.6 26255.3 220560.1
2021 8 27 1176.1 1929.3 8030.7 5716.4 773.3 625.4 2527.4 128421.3 18947.2 24765.7 28156.8 221069.7
2021 8 28 887.6 1801.6 6886.5 5445.2 689.5 610.6 2364.2 105051.3 17120.1 20592.9 21962.0 183411.6
2021 8 29 1101.6 1953.4 7165.5 5874.3 689.5 667.7 2459.2 126925.9 18673.0 21396.8 22513.7 209420.7
2021 8 30 1318.1 1926.8 8287.2 5819.3 794.5 663.2 2374.4 119597.3 18295.8 21694.8 29519.4 210290.8
2021 8 31 1176.9 1913.3 8121.1 5871.3 773.3 677.0 2319.2 122293.6 17769.4 19956.0 20953.2 201824.2
2021 9 1 894.2 1955.9 6559.6 6008.4 810.5 704.6 2376.6 130127.0 18364.4 20072.7 32199.5 220073.4
2021 9 2 1118.3 2052.3 7853.1 6376.7 825.4 770.5 2312.4 130127.0 19157.9 19871.7 30001.9 220466.9
2021 9 3 838.9 1887.6 5780.6 5829.0 729.5 697.1 2099.9 130127.0 17532.1 19544.7 29409.4 214475.8
2021 9 4 763.4 1768.6 4721.1 5567.9 697.1 677.6 1951.6 116549.0 15763.7 15654.3 23096.6 187210.7
2021 9 5 899.8 2081.5 5941.7 6402.7 728.6 783.0 2205.3 124913.0 18919.3 17399.3 26535.6 206809.8
2021 9 6 1255.6 1980.6 8705.0 6110.3 845.5 751.8 1994.2 128721.7 17617.2 17029.5 29852.8 214864.4
2021 9 7 1255.6 1932.3 8201.4 6032.3 1033.4 749.3 1885.3 128721.7 16764.9 15568.4 22089.1 204233.7
2021 9 8 1190.2 1898.1 7945.8 5838.0 1033.4 729.9 1808.1 130127.0 16286.7 13948.8 32652.2 213458.2
2021 9 9 1118.3 2173.1 7853.1 6615.5 834.7 841.4 1898.8 130127.0 18727.1 15283.0 33206.9 218678.7
2021 9 10 1053.0 1916.6 7166.8 5826.6 764.5 737.8 1633.8 130127.0 16314.3 14648.2 29764.8 209953.4
2021 9 11 1049.3 1807.0 6107.3 5652.9 750.1 729.3 1493.9 116549.0 14528.4 10912.5 24024.8 183604.5
2021 9 12 1125.0 2058.4 7453.6 6264.9 763.6 810.6 1648.4 124913.0 16955.3 11346.4 31064.9 204404.0
2021 9 13 1255.6 2021.5 8705.0 6113.4 836.2 791.2 1560.0 128721.7 16382.1 11764.4 30307.2 208458.3
2021 9 14 1255.6 1949.7 8201.4 5910.3 845.5 768.7 1441.6 128721.7 15477.8 10940.4 21197.1 196709.9
2021 9 15 1118.3 1879.1 7945.8 5593.2 836.2 733.0 1337.9 130127.0 14758.5 9220.1 30333.9 203882.9
2021 9 16 1190.2 2169.8 7853.1 6293.4 1033.4 824.6 1499.8 130127.0 17219.3 9852.2 34596.3 212658.9
2021 9 17 1134.3 1894.3 7166.8 5518.0 1033.4 723.0 1300.0 130127.0 14706.9 10123.2 29646.9 203373.7
2021 9 18 1049.3 1881.3 6107.3 5609.4 750.1 736.8 1294.1 116549.0 14219.2 9801.8 23395.2 181393.4
2021 9 19 1206.3 2057.3 7453.6 5913.8 1016.0 780.6 1379.3 124913.0 15915.4 9760.7 29914.6 200310.5
2021 9 20 1258.3 1981.9 8705.0 5720.1 835.5 774.2 1297.1 128721.7 15117.2 9866.4 30685.9 204963.3
2021 9 21 1241.0 1937.3 8201.4 5601.3 818.6 764.5 1238.3 127198.9 14616.4 10197.5 20081.3 191896.6
2021 9 22 1184.9 1875.4 7945.8 5314.7 855.5 733.4 1156.9 130127.0 14142.3 8899.9 28998.6 201234.2
2021 9 23 1166.3 2109.9 7853.1 5953.3 797.0 873.5 1245.3 128604.1 16144.0 8681.3 32392.9 205820.6
2021 9 24 1143.4 1966.3 7166.8 5711.1 754.9 937.9 1077.8 130127.0 14946.2 8802.8 26397.4 199031.6
2021 9 25 1057.2 1903.6 6107.3 5876.8 984.6 984.0 1046.4 116549.0 14142.9 8495.7 23820.5 180968.0
2021 9 26 1125.0 2014.5 7453.6 5945.0 763.6 976.8 1097.9 124913.0 15262.1 8373.0 27705.5 195629.9
2021 9 27 1258.3 1970.5 8705.0 6392.2 1052.7 1238.3 959.4 128721.7 14972.8 8296.6 28694.3 202261.8
2021 9 28 1241.0 1947.5 8201.4 6453.4 818.6 1282.6 907.0 127198.9 14759.4 8545.9 19070.1 190425.8
2021 9 29 1289.7 1988.9 8401.9 6980.1 850.4 1546.2 788.0 128604.1 15457.9 7105.0 27821.3 200833.5
2021 9 30 2013.4 2028.7 11502.4 6857.0 925.3 1448.0 882.6 128604.1 15762.1 6627.2 29555.3 206206.2
