insu_sum
209699
163619
248739
182056
248126
237765
169423
188894
188304
255092
237629
213084
243835
194642
263593
185433
244860
237573
263212
250440
224214
262921
222586
284405
223065
223623
235252
168507
208726
204055
242634
261150
246007
237086
211634
224234
176920
251561
226497
269790
254237
219509
225647
191369
248418
236810
233121
224826
209777
203798
168667
254627
207557
234129
237102
167017
234772
187458
229312
248035
199088
239890
168756
205841
183958
261259
233072
232849
216463
169963
183218
178641
240909
246926
219776
215485
189387
177069
167587
235705
168254
239250
167003
204643
196305
178368
227701
207868
154455
216205
152846
176894
157345
206138
149588
190096
155174
190759
154564
158962
164818
207085
164839
172986
165723
171899
158572
159522
197535
172371
167762
147961
209705
155658
154971
155590
168867
203330
108229
169489
111010
122719
158973
131277
119810
107744
162895
128183
120184
203329
167431
162860
127230
182810
154040
159921
171826
165581
209445
142088
190177
167474
174747
200313
167912
173642
140407
219072
186623
196816
226258
177058
154973
126357
185986
136739
136815
147463
176517
141003
124389
188483
150247
152444
169106
148086
147952
134427
175237
140827
144168
144036
193259
171323
132111
152398
150321
148764
157631
145224
175782
131161
158689
133825
137362
131987
180057
177392
113997
118098
151843
141318
175828
168249
127042
105401
168283
138830
149236
142983
175371
179892
127031
184247
186048
138153
130127
193236
137042
171750
218611
193762
195774
245135
199866
216447
97950
139325
167693
203880
227023
140483
174870
116624
145150
130290
149625
137297
134697
169194
112999
138749
140242
145470
175278
135899
167096
126593
151272
139482
144148
144627
184804
129757
109845
145610
141511
153746
161385
158141
172724
139978
199262
156343
159234
149660
159975
185551
145999
178003
190214
215941
215745
191942
190141
136462
187155
174100
140405
140682
142762
183891
129210
114862
111552
107375
95307
105714
114272
106510
121828
155732
185903
157447
172890
165478
152787
201115
181051
161188
176920
161723
205377
133017
189779
134299
111463
140793
111111
100354
70201
164645
111000
115373
166658
141072
130241
107524
112890
137744
136151
185236
234666
185679
171252
224331
285255
195063
201181
224306
210902
206034
273894
184347
183504
248377
286081
258888
246012
290841
221520
222215
264665
276171
284962
233432
279561
224570
268575
214690
209129
276204
248258
299022
227607
309468
303780
338711
284848
259165
295457
274064
320418
257461
305174
264802
225890
256011
229588
213568
270806
273349
266100
246585
255976
