year month date house_pred houseCooking_pred houseJHeating_pred salesOne_pred salesTwo_pred bizHeating_pred bizCooling_pred industry_pred heatFacility_pred heatCombined_pred CNG_pred pred_sum
2019 10 1 2099.5 1599.5 16354.3 5994.6 656.2 1348.6 733.2 118749.6 14719.6 6008.1 22469.6 190732.6
2019 10 2 1363.5 1574.7 11910.1 6000.5 656.2 1418.9 650.7 119925.0 14525.7 5709.4 21412.1 185146.9
2019 10 3 1095.2 1616.1 9038.3 8046.3 656.2 2632.5 0.0 93295.1 15968.2 1544.3 21571.5 155463.7
2019 10 4 969.4 1494.5 6677.3 6008.3 645.3 1456.6 589.1 117228.9 14018.6 4623.8 18709.7 172421.3
2019 10 5 1930.0 1345.8 12979.8 6514.9 611.6 1937.2 318.6 93550.7 13143.0 3876.4 16405.6 152613.6
2019 10 6 1956.8 1518.6 13565.9 7148.9 611.6 2135.3 308.8 106092.5 14607.7 3790.5 16840.6 168577.3
2019 10 7 2099.5 1494.2 16076.0 6918.1 656.2 2096.9 280.9 115904.5 14444.6 3360.9 19883.1 183215.1
2019 10 8 2099.5 1496.7 16354.3 6840.8 656.2 2056.8 299.2 118749.6 14553.9 3211.9 19628.4 185947.3
2019 10 9 1836.8 1616.1 10755.0 8046.3 656.2 2632.5 0.0 95783.1 15968.2 1544.3 21571.5 160410.1
2019 10 10 2305.0 1430.2 15413.1 6467.5 656.2 1984.9 212.6 125115.9 13542.3 3992.9 15399.3 186519.8
2019 10 11 2779.5 1455.6 17531.3 6703.2 656.2 2058.8 203.2 126810.4 14423.9 3059.4 19275.2 194956.7
2019 10 12 2896.8 1441.7 15862.9 7053.2 611.6 2346.3 0.0 101829.6 14225.6 1703.3 18290.8 166261.6
2019 10 13 2680.9 1724.2 18175.9 8099.0 611.6 2657.4 0.0 132787.6 16787.7 1747.4 16760.1 202031.7
2019 10 14 2305.0 1617.6 14311.6 7460.6 656.2 2471.3 0.0 113436.6 15771.1 1770.7 20260.0 180060.7
2019 10 15 2305.0 1664.8 15194.8 7512.7 656.2 2484.7 0.0 122010.5 16455.1 1678.0 21342.3 191304.2
2019 10 16 2305.0 1615.3 15539.0 7261.6 656.2 2409.1 0.0 118035.6 15623.9 1714.7 16836.9 181997.2
2019 10 17 2305.0 1505.7 15413.1 6627.7 656.2 2231.0 0.0 125115.9 14252.1 1881.4 14782.7 184770.8
2019 10 18 2281.1 1550.3 14917.6 6778.6 656.2 2285.7 0.0 115339.5 15567.4 1533.9 20396.7 181306.9
2019 10 19 2153.6 1572.4 13533.9 6690.9 611.6 2271.7 0.0 97390.2 15135.7 1991.3 20517.9 161869.3
2019 10 20 2180.4 1811.0 15483.1 7691.7 611.6 2582.7 0.0 113820.3 17774.1 1836.5 18447.7 182239.1
2019 10 21 2305.0 1601.2 14232.9 6652.2 656.2 2254.8 0.0 119165.5 15701.6 1786.5 20528.0 184883.9
2019 10 22 2105.2 1859.1 13813.3 7620.2 656.2 2579.0 0.0 122010.5 18612.2 1857.6 25440.1 196553.3
2019 10 23 2305.0 1597.5 15539.0 6493.1 656.2 2219.8 0.0 118035.6 15639.8 1736.7 19356.9 183579.5
2019 10 24 2794.2 1505.6 18026.7 6109.5 656.2 2082.0 0.0 130857.8 14244.4 1828.1 14478.1 192582.6
2019 10 25 2779.5 1572.8 17531.3 6310.2 656.2 2183.3 0.0 115805.7 16002.7 1399.6 21562.6 185803.9
2019 10 26 2654.2 1743.1 16226.7 6934.1 611.6 2427.7 0.0 107234.4 16593.2 2161.9 19564.9 176151.8
2019 10 27 2923.6 1833.3 18175.9 7318.0 611.6 2545.7 0.0 133333.5 18238.1 1670.9 18272.7 204923.1
2019 10 28 3016.7 1594.6 17350.5 6236.9 656.2 2224.4 0.0 119352.3 15927.2 1517.5 19159.0 187035.4
2019 10 29 3663.0 1954.1 22876.9 8209.1 656.2 3634.1 0.0 125775.3 23356.6 2930.3 27317.7 220373.4
2019 10 30 3964.4 1451.0 22267.5 6715.3 656.2 2985.3 0.0 161705.3 18444.1 2491.5 18685.1 239365.7
2019 10 31 3964.4 1482.4 21096.5 7222.4 656.2 3302.3 0.0 143880.8 18865.6 2502.9 12712.2 215685.6
2019 11 1 3966.2 1479.3 21287.5 7072.1 656.6 3234.0 0.0 131986.3 20164.4 1893.9 22000.9 213741.4
2019 11 2 3487.6 1611.0 19128.8 7648.7 620.0 3477.4 0.0 109646.2 20374.3 2524.9 17997.6 186516.5
2019 11 3 3487.6 1639.6 19704.7 7818.0 590.6 3523.7 0.0 130650.2 21294.6 2360.5 18471.2 209540.7
2019 11 4 3737.8 1525.2 21623.9 7258.1 664.3 3378.5 0.0 122558.7 20753.3 2269.0 21233.3 205002.2
2019 11 5 3737.8 1770.8 21684.9 8971.1 670.3 4793.8 0.0 127362.4 26674.6 6167.0 24771.4 226604.1
2019 11 6 3578.2 1508.1 21692.2 8573.5 670.3 4639.5 0.0 129059.4 25120.3 6351.2 20389.2 221582.0
2019 11 7 2867.3 1442.5 18366.9 8773.4 670.3 4809.0 0.0 129192.6 24182.1 5376.8 10933.0 206613.8
2019 11 8 3438.1 1486.5 17906.2 8617.7 656.6 4746.0 0.0 127865.9 25921.3 4655.8 19099.8 214394.0
2019 11 9 3487.6 1445.5 19128.8 8046.4 590.6 4392.3 0.0 108493.7 23570.9 6080.8 18498.7 193735.2
2019 11 10 3487.6 1581.8 19704.7 9032.7 590.6 5027.3 0.0 130650.2 26457.6 7070.8 18635.1 222238.3
2019 11 11 3737.8 1475.4 21623.9 8071.4 664.3 4516.3 0.0 122558.7 25641.2 5703.4 23435.6 217428.0
2019 11 12 3737.8 1623.0 21684.9 8997.7 670.3 5190.0 0.0 126757.6 28737.2 8389.5 21047.1 226835.1
2019 11 13 3737.8 1575.5 21998.8 9303.9 670.3 5397.5 0.0 131528.2 29864.1 9099.5 21308.4 234484.1
2019 11 14 3737.8 1442.4 21998.8 8840.8 670.3 5206.5 0.0 136854.4 26959.7 7984.9 11237.3 224932.7
2019 11 15 3737.8 1526.1 21295.5 8830.8 656.6 5245.9 0.0 134490.3 29738.6 7357.8 20499.1 233378.5
2019 11 16 3716.0 1398.7 19128.8 7931.0 620.0 4781.3 0.0 119065.5 26485.0 9263.3 19334.8 211724.5
2019 11 17 3487.6 1537.2 19704.7 8972.7 590.6 5367.7 0.0 130650.2 29077.3 9207.2 17443.7 226038.8
2019 11 18 4278.4 1491.9 21615.9 8240.0 664.3 4921.4 0.0 125911.8 29500.3 7812.8 25650.6 230087.6
2019 11 19 3966.2 1551.9 21676.9 8604.6 670.3 5196.9 0.0 131442.1 29811.4 9626.2 23235.9 235782.4
2019 11 20 3737.8 1689.8 21998.8 9371.0 670.3 5684.8 0.0 138434.3 31978.4 11293.5 23601.9 248460.6
2019 11 21 3966.2 1582.8 21990.8 8993.6 670.3 5529.0 0.0 150921.4 29340.2 9931.8 13542.3 246468.5
2019 11 22 4921.0 1550.7 24602.8 8176.5 656.6 5081.4 0.0 137004.5 29842.4 9452.9 24264.4 245553.3
2019 11 23 5688.2 1629.6 26051.8 8815.8 637.2 5542.7 0.0 136839.5 30189.3 11954.9 19656.2 247005.3
2019 11 24 5688.2 1668.3 26622.5 8995.0 637.2 5590.9 0.0 149773.8 31618.2 10477.4 21828.0 262899.4
2019 11 25 5849.1 1542.0 27971.4 8072.7 673.6 5033.1 0.0 137230.0 29763.8 9112.5 24120.6 249368.8
2019 11 26 5946.7 1696.1 28214.5 8588.0 675.1 5446.7 0.0 147863.0 33453.4 10817.8 26936.4 269637.7
2019 11 27 5849.1 1778.9 28382.2 9241.6 679.6 6258.8 0.0 161232.8 33880.4 11927.4 20827.2 280058.1
2019 11 28 5121.4 1732.9 25306.1 10004.2 679.6 7341.5 0.0 158549.9 38402.0 7669.2 15244.8 270051.6
2019 11 29 5121.4 1520.4 24602.8 8631.8 666.0 6275.5 0.0 140061.6 35320.0 7308.2 22748.7 252256.3
2019 11 30 5688.2 1621.1 26046.6 9438.3 637.2 6942.5 0.0 136839.5 36862.6 9090.3 17864.6 251030.9
2019 12 1 7728.0 1565.1 37245.0 9339.4 959.5 6883.2 0.0 143068.7 37147.0 6594.5 19993.0 270523.5
2019 12 2 7705.0 1496.7 36575.6 8909.9 980.6 6615.1 0.0 142518.4 36642.7 6680.8 23472.1 271596.8
2019 12 3 8200.8 1665.0 39780.8 9498.8 1030.7 7051.8 0.0 143918.1 41052.5 8201.1 28858.8 289258.4
2019 12 4 8236.7 1669.9 39939.8 9888.4 1030.7 7784.8 0.0 143918.1 39618.4 8937.7 16800.4 277824.9
2019 12 5 8487.4 1724.4 42353.8 11137.0 1030.7 9221.9 0.0 143918.1 47494.9 5013.3 17710.7 288092.3
2019 12 6 7843.5 1469.2 37591.0 9512.2 1030.7 7773.1 0.0 143918.1 42149.7 4675.2 21939.1 277901.8
2019 12 7 8142.6 1539.7 38975.0 10099.1 962.3 8316.5 0.0 141930.4 43658.1 5518.2 17954.8 277096.7
2019 12 8 8496.3 1578.5 43045.2 10197.7 962.3 8332.2 0.0 141930.4 45575.3 4259.3 23247.3 287624.6
2019 12 9 7327.0 1471.2 37969.3 9591.1 980.6 7881.0 0.0 142518.4 43627.3 4498.4 23912.7 279777.1
2019 12 10 8294.4 1614.1 40596.6 10146.1 1030.7 8348.7 0.0 143918.1 48094.7 5028.7 27221.7 294293.6
2019 12 11 7858.7 1648.4 39471.4 10610.4 1030.7 8943.6 0.0 143918.1 48537.1 5262.3 19435.3 286716.2
2019 12 12 7843.5 1708.8 39489.4 11473.7 1030.7 9785.5 0.0 143918.1 52891.3 1648.0 19372.6 289161.7
2019 12 13 8279.2 1473.5 39545.7 10173.4 1030.7 8674.8 0.0 143918.1 47761.1 1453.2 19465.6 281775.3
2019 12 14 6892.9 1445.3 33302.4 9990.2 962.3 8538.9 0.0 141930.4 46823.2 1681.8 17848.9 269416.4
2019 12 15 7763.1 1497.3 40352.8 10233.5 962.3 8724.8 0.0 141930.4 48912.7 1436.8 22095.4 283909.3
2019 12 16 7840.5 1525.8 40260.9 10377.3 1113.3 8859.7 0.0 144227.6 50593.5 1753.7 25640.4 292192.8
2019 12 17 9066.4 1586.1 45838.8 10746.7 1113.3 9189.2 0.0 145466.5 51993.8 1536.0 24244.1 300781.0
2019 12 18 7858.7 1559.9 39471.4 10592.4 1030.7 9085.6 0.0 143918.1 51151.7 1662.7 21420.2 287751.4
2019 12 19 8487.4 1575.8 42076.9 10717.0 1030.7 9185.2 0.0 143918.1 51361.0 1612.1 20287.6 290251.8
2019 12 20 8236.7 1523.2 39233.5 10296.8 1030.7 8827.6 0.0 143918.1 49535.6 1443.0 19486.0 283531.3
2019 12 21 7129.3 1360.8 33309.6 9170.3 959.5 7880.2 0.0 143068.7 45069.6 1643.6 20243.8 269835.4
2019 12 22 7656.5 1584.0 37919.1 10569.0 959.5 9069.5 0.0 143068.7 52109.3 1457.7 24220.9 288614.2
2019 12 23 7713.4 1473.6 37263.6 9774.6 980.6 8409.4 0.0 142518.4 48578.9 1645.2 22794.1 281151.8
2019 12 24 8198.3 1630.5 40402.4 10750.8 1030.7 9278.4 0.0 143918.1 53254.9 1636.2 23698.4 293798.8
2019 12 25 7371.2 1467.8 34709.0 10171.1 1030.7 8485.7 0.0 143918.1 45535.7 695.2 20624.8 274009.5
2019 12 26 7843.5 1588.5 38281.8 10507.7 1030.7 9071.8 0.0 143918.1 51822.2 1598.5 21428.6 287091.4
2019 12 27 9306.4 1527.3 44474.3 10048.6 1047.8 8676.4 0.0 145466.5 49444.2 960.8 18891.4 289843.8
2019 12 28 8666.1 1346.6 40342.2 8981.0 1038.7 7782.2 0.0 144583.9 44186.6 1042.4 18568.6 276538.3
2019 12 29 8680.8 1491.2 42128.3 10165.1 1038.7 8539.6 0.0 144583.9 46983.2 1001.8 22054.9 286667.5
2019 12 30 7840.5 1429.1 39083.5 9891.7 967.8 8261.2 0.0 142518.4 44883.2 1046.7 19417.9 275339.9
2019 12 31 9066.4 1511.8 44565.8 10466.5 1017.9 8772.9 0.0 144795.2 48891.8 1046.8 25878.2 296013.4
2020 1 1 7819.3 1675.6 37953.2 11150.9 951.0 8789.9 0.0 147184.9 46899.1 12.2 20376.7 282812.8
2020 1 2 8180.5 1833.6 37526.0 12403.9 951.0 9752.2 0.0 145044.5 51799.7 14.0 20996.3 288501.6
2020 1 3 6859.4 1683.3 34174.0 11514.1 943.7 9030.3 0.0 145044.5 47816.1 15.4 30241.3 287322.2
2020 1 4 6461.2 1670.8 30901.1 11075.0 844.3 8725.0 0.0 138842.9 46669.7 12.5 27604.1 272806.6
2020 1 5 6905.3 1632.1 33004.9 10771.6 849.4 8477.4 0.0 138842.9 44672.2 13.2 24040.8 269209.8
2020 1 6 6722.5 1611.8 31458.9 10691.5 886.3 8415.2 0.0 136116.2 44692.5 13.0 22561.7 263169.8
2020 1 7 7039.4 1913.0 35192.5 12661.1 951.0 9967.6 0.0 145044.5 53100.4 15.0 21904.6 287789.1
2020 1 8 7257.9 1801.4 34834.0 11815.6 951.0 9301.6 0.0 145044.5 49521.4 13.4 18859.8 279400.7
2020 1 9 7953.4 1829.3 38558.2 12052.4 951.0 9533.2 0.0 148278.4 50896.8 13.9 23475.1 293541.7
2020 1 10 8092.7 1756.7 39746.3 11663.9 1031.7 9217.2 0.0 156161.6 49060.1 15.3 29755.4 306500.9
2020 1 11 7511.1 1737.2 36424.0 11258.5 1018.8 8925.7 0.0 150345.3 47725.7 13.1 26540.6 291500.1
2020 1 12 7628.6 1760.6 38542.6 11516.8 1018.8 9126.7 0.0 150345.3 48062.2 14.5 24969.2 292985.3
2020 1 13 7633.6 1819.7 36170.3 11613.6 952.3 9235.4 0.0 148274.3 49671.0 13.4 23547.9 288931.5
2020 1 14 8579.7 1909.4 40714.1 12245.3 957.4 9718.7 0.0 156161.6 51799.2 14.9 20902.1 303002.4
2020 1 15 7980.0 1931.6 39390.2 12350.9 951.0 9797.6 0.0 148278.4 51946.3 14.8 15832.6 288473.5
2020 1 16 7943.7 1894.2 38188.9 11928.4 951.0 9631.1 0.0 147184.9 51772.4 14.7 26967.9 296477.2
2020 1 17 7943.7 1847.1 38067.8 11710.2 943.7 9439.0 0.0 147184.9 50401.5 15.9 27985.3 295539.2
2020 1 18 7551.6 1834.4 35080.5 11494.4 844.3 9262.0 0.0 139776.9 49382.5 14.4 25230.4 280471.3
2020 1 19 8164.1 1874.0 38425.7 11844.2 958.4 9569.2 0.0 151688.4 50417.4 17.1 24364.0 297322.6
2020 1 20 7035.0 1919.8 35210.2 11914.2 952.3 9659.0 0.0 148274.3 52070.6 15.8 23025.8 290077.0
2020 1 21 8579.7 1990.5 39807.1 12424.6 957.4 10064.5 0.0 156161.6 53767.1 16.5 20204.6 303973.5
2020 1 22 7943.9 1973.4 38867.3 12263.4 957.4 9931.4 0.0 156161.6 52987.3 16.3 16064.7 297166.7
2020 1 23 6967.2 1976.0 34858.9 12158.3 951.0 9982.6 0.0 145044.5 54062.3 21.9 30014.6 296037.2
2020 1 24 8108.8 1896.1 37404.8 11761.1 906.3 9626.5 0.0 145044.5 51300.5 23.1 26870.7 292942.5
2020 1 25 6554.6 1834.8 30485.6 11266.8 844.3 9200.2 0.0 138842.9 49607.3 19.1 27740.0 276395.5
2020 1 26 7669.0 1841.2 37662.5 11365.7 849.4 9312.6 0.0 139776.9 49484.9 23.5 25874.5 283860.3
2020 1 27 7633.6 1934.7 36170.3 11842.6 952.3 9724.1 0.0 148274.3 52604.5 23.7 23625.5 292785.5
2020 1 28 8013.8 2075.9 40091.7 12732.3 1031.7 10398.8 0.0 156161.6 56114.3 24.8 21299.6 307944.5
2020 1 29 7951.6 1994.9 39705.5 12237.3 955.3 9949.0 0.0 156161.6 55610.0 24.0 17877.2 302466.5
2020 1 30 8717.3 1950.0 40770.1 11956.8 957.4 9734.8 0.0 156161.6 55175.3 28.5 31489.3 316941.2
2020 1 31 8263.1 1911.8 39122.1 11947.1 957.4 9693.6 0.0 156161.6 53948.2 29.7 26635.3 308669.8
2020 2 1 7797.1 1871.9 36743.9 11388.5 927.3 9298.0 0.0 145147.8 52472.0 31.3 29734.9 295412.6
2020 2 2 7933.7 1798.1 38112.7 10864.0 978.3 8885.1 0.0 147740.1 49651.8 34.7 26671.9 292670.5
2020 2 3 8005.0 1916.8 36494.9 11518.0 982.7 9416.0 0.0 144568.0 53829.9 33.0 27748.0 294512.3
2020 2 4 8497.2 2002.5 39473.6 12184.3 1008.4 9924.2 0.0 157852.8 55592.4 30.9 23523.7 310090.1
2020 2 5 8924.5 1946.8 40234.2 11791.9 1008.4 9557.9 0.0 157852.8 55637.2 44.2 19180.9 306178.9
2020 2 6 8668.5 1989.4 40459.0 11704.9 1066.2 9468.8 0.0 159534.6 55620.0 45.2 30030.9 318587.5
2020 2 7 8705.9 1969.9 39473.6 11789.0 989.5 9507.0 0.0 156681.4 54967.4 47.1 25529.3 309660.3
2020 2 8 7797.1 1953.9 37729.4 11399.3 985.1 9146.6 0.0 146829.6 54802.0 59.1 28618.1 299320.2
2020 2 9 8047.4 1815.1 38053.0 10468.0 865.6 8390.3 0.0 137258.8 49939.5 60.6 24450.9 279349.2
2020 2 10 7330.2 1889.7 36719.7 10911.2 1040.5 8718.6 0.0 146249.7 52970.4 54.6 27207.0 293091.8
2020 2 11 8417.7 1970.3 38659.7 11529.3 967.6 9209.6 0.0 150084.6 54500.7 52.7 23552.1 298944.3
2020 2 12 7115.4 1908.1 35410.1 11101.4 963.9 8809.6 0.0 142751.2 52590.7 50.5 18537.4 279238.2
2020 2 13 8528.2 1887.1 37749.5 10855.6 901.3 8591.4 0.0 146170.8 50746.9 49.9 28173.9 293654.7
2020 2 14 7115.4 1921.0 36006.5 11137.9 948.7 8758.8 0.0 144389.9 51327.0 55.3 25604.7 287265.3
2020 2 15 7910.8 1912.0 36165.4 11082.7 814.5 8675.0 0.0 131840.0 51298.9 57.3 26103.7 275860.2
2020 2 16 7399.6 1775.0 33701.8 10322.3 829.6 8034.2 0.0 133923.1 46796.8 59.5 21962.1 264804.0
2020 2 17 6934.9 1845.3 33224.9 10775.1 851.4 8356.6 0.0 130653.6 49452.0 53.0 22813.3 264960.0
2020 2 18 8417.7 2034.1 38659.7 11924.9 967.6 9208.1 0.0 150084.6 53984.6 58.8 21428.8 296769.0
2020 2 19 8242.5 1897.5 36354.5 11175.4 891.6 8547.8 0.0 145591.7 50253.7 56.7 16626.4 279637.9
2020 2 20 7637.1 1775.5 35758.8 10650.9 963.9 8124.1 0.0 144427.4 47431.9 52.8 26120.7 282943.0
2020 2 21 8449.2 1837.3 38659.7 11064.1 948.7 8399.6 0.0 148719.7 48816.9 61.2 25845.0 292801.5
2020 2 22 6781.6 1804.4 32221.3 10845.8 827.9 8205.2 0.0 129905.8 47568.5 52.8 23238.6 261451.8
2020 2 23 7144.6 1739.5 33353.1 10490.2 829.6 7895.7 0.0 132246.9 45077.1 53.8 21419.4 260249.9
2020 2 24 7246.0 1793.2 33520.6 10794.0 851.4 8100.3 0.0 133220.8 46960.0 46.2 20269.7 262802.2
2020 2 25 7768.2 1989.3 35758.8 12093.8 963.9 8987.2 0.0 143147.6 52052.3 52.3 19470.4 282283.9
2020 2 26 7637.1 1914.8 35758.8 11151.9 965.6 8150.7 0.0 145165.3 46911.8 45.7 23990.3 281692.0
2020 2 27 7804.4 1712.7 36354.5 10018.9 917.8 7377.0 0.0 145591.7 42726.6 36.7 24469.1 277009.3
2020 2 28 7975.4 1880.3 36354.5 11014.2 911.6 8081.6 0.0 145398.1 46003.5 42.8 24332.9 281995.1
2020 2 29 6914.4 1751.9 33510.2 10385.4 820.2 7720.7 0.0 131070.1 44515.9 36.4 24477.8 261203.1
2020 3 1 5635.8 1723.8 26915.8 10235.1 650.1 7428.2 0.0 136934.5 42702.1 38.3 23482.2 255746.0
2020 3 2 6508.8 1809.4 29667.3 10684.6 659.7 7719.4 0.0 143575.3 44808.1 35.0 20515.9 265983.5
2020 3 3 5392.2 1999.9 29109.0 11823.9 628.3 8503.9 0.0 136502.9 49047.9 39.3 19132.0 262179.2
2020 3 4 4913.6 1931.9 24774.5 10961.5 622.6 7780.6 0.0 139088.1 45110.2 45.8 22844.8 258073.7
2020 3 5 4738.3 1813.0 24757.5 10172.8 622.6 7248.0 0.0 139088.1 42163.0 39.6 23205.2 253848.0
2020 3 6 5499.5 1902.7 28231.5 10775.3 628.3 7662.4 0.0 139326.0 43772.2 43.1 24823.0 262664.1
2020 3 7 5697.2 1756.1 26915.8 10001.3 650.1 7079.0 0.0 137004.2 40747.0 38.1 25643.3 255532.0
2020 3 8 5635.8 1771.3 26915.8 10081.3 650.1 7137.8 0.0 136934.5 40000.3 39.7 24819.0 253985.7
2020 3 9 6508.8 1861.8 29667.3 10522.5 659.7 7390.8 0.0 143575.3 41614.6 38.4 21235.0 263074.2
2020 3 10 6646.8 2002.7 31082.4 11439.5 659.7 8039.1 0.0 145193.7 44324.7 42.4 19013.9 268444.9
2020 3 11 6783.8 1936.8 31082.4 10655.6 659.7 7401.1 0.0 149920.2 40918.9 48.4 24178.4 273585.3
2020 3 12 5581.5 1851.2 29236.6 10073.9 628.3 6974.5 0.0 140104.0 38608.1 42.8 21220.9 254321.8
2020 3 13 5467.4 1892.5 26009.1 10430.2 622.6 7213.0 0.0 139326.0 39457.2 43.9 24859.6 255321.7
2020 3 14 5136.2 1810.3 23669.2 10084.9 613.0 6902.3 0.0 133149.2 37956.0 42.2 27631.2 246994.5
2020 3 15 5136.2 1777.7 23669.2 9970.6 613.0 6773.8 0.0 134282.2 36459.2 42.8 26097.2 244822.0
2020 3 16 5254.3 1877.7 27574.0 10459.7 628.3 7053.2 0.0 133965.9 38174.7 43.5 24397.4 249428.8
2020 3 17 4808.7 2071.6 24774.5 11614.6 622.6 7870.4 0.0 135486.9 41685.5 48.7 20059.6 249043.2
2020 3 18 4913.6 1927.9 24774.5 10703.1 622.6 7220.5 0.0 139088.1 38771.2 44.7 21867.6 249933.7
2020 3 19 4224.8 2013.9 23376.0 11122.9 622.6 7461.7 0.0 135935.1 39989.3 46.1 19888.1 244680.4
2020 3 20 5467.4 1849.8 26009.1 10257.7 622.6 6871.4 0.0 139326.0 36658.8 42.6 25408.2 252513.7
2020 3 21 5473.4 1878.8 26915.8 10543.2 650.1 7022.9 0.0 137004.2 37111.5 43.9 26720.8 253364.6
2020 3 22 5227.8 1839.7 25891.6 10390.7 618.7 6846.6 0.0 134282.2 35858.2 43.7 25059.9 246059.2
2020 3 23 5254.3 1897.5 27668.8 10657.5 628.3 6964.4 0.0 133965.9 36906.9 44.3 26393.4 250381.2
2020 3 24 5451.7 2011.2 26967.7 11481.8 622.6 7540.9 0.0 136502.9 39115.4 47.4 19945.5 249687.0
2020 3 25 5497.1 1913.6 29014.3 10857.4 628.3 6991.2 0.0 140104.0 37059.3 50.2 21479.4 253594.7
2020 3 26 5444.8 1911.2 28997.2 10844.6 628.3 6874.5 0.0 140104.0 36985.3 48.7 20448.8 252287.4
2020 3 27 4843.1 1786.1 25643.3 10211.4 622.6 6400.7 0.0 139326.0 34150.3 43.5 21826.2 244853.2
2020 3 28 4089.2 1813.0 22331.9 9893.0 613.0 6054.8 0.0 129564.1 33230.4 46.5 25599.7 233235.6
2020 3 29 4000.6 1779.1 22577.2 9736.8 613.0 5867.3 0.0 133922.6 32213.0 45.7 23774.7 234530.0
2020 3 30 2799.4 1798.1 16306.7 9825.4 567.4 5882.4 0.0 131619.4 32633.5 46.4 26591.9 228070.7
2020 3 31 2854.9 1932.6 17397.6 10523.8 567.4 6250.2 0.0 132877.6 34901.7 49.6 19455.4 226811.0
2020 4 1 3033.4 1810.7 17728.2 9869.7 565.9 5557.2 0.0 132916.2 32536.2 51.9 21573.0 225642.5
2020 4 2 3033.4 1881.2 17728.2 10136.6 564.1 5568.5 0.0 131609.8 33406.9 52.9 20639.2 224620.8
2020 4 3 3033.4 1767.7 17728.2 9544.2 565.2 5172.1 0.0 128416.2 30585.5 46.8 19561.0 216420.4
2020 4 4 3033.4 1795.6 17728.2 9157.8 582.4 4794.9 0.0 123681.1 29545.6 49.9 23087.6 213456.5
2020 4 5 3504.3 1766.9 18974.5 9029.2 613.5 4709.1 0.0 133502.6 28949.7 50.4 22855.1 223955.4
2020 4 6 4123.4 1763.8 23634.6 9003.2 627.5 4663.1 0.0 125258.1 29015.1 50.2 25136.7 223275.6
2020 4 7 4430.5 1841.4 24511.8 9321.2 706.8 4741.8 0.0 134182.8 29804.8 52.0 18830.0 228423.1
2020 4 8 3504.3 1819.4 18974.5 9062.3 569.8 4445.4 0.0 135426.7 29015.0 57.3 20662.4 223537.1
2020 4 9 3033.4 1735.7 17728.2 8603.4 564.1 4069.4 0.0 131609.8 27445.8 53.4 20690.9 215534.0
2020 4 10 2806.0 1786.7 16168.2 8969.9 528.0 4195.3 0.0 128416.2 27463.5 51.7 17218.6 207604.1
2020 4 11 3033.4 1784.0 17728.2 8348.4 582.4 3660.3 0.0 125982.9 26053.3 54.6 24503.4 211730.8
2020 4 12 3066.4 1723.6 17728.2 8159.8 612.3 3564.6 0.0 133502.6 24800.9 52.6 22647.7 215858.8
2020 4 13 3033.4 1687.7 17728.2 8006.7 568.3 3471.2 0.0 128638.9 24482.3 52.6 26063.3 213732.7
2020 4 14 3033.4 1838.0 17728.2 8636.4 550.6 3689.2 0.0 132851.7 26509.4 56.8 21377.0 216270.6
2020 4 15 3033.4 1810.7 17728.2 8454.9 565.9 3520.9 0.0 132916.2 25654.8 56.1 23050.0 216791.1
2020 4 16 2806.0 1801.7 16461.0 8464.4 561.1 3515.2 0.0 131609.8 25807.3 56.9 23113.2 214196.8
2020 4 17 3033.4 1761.4 17728.2 8341.9 551.9 3441.9 0.0 133753.8 24421.5 52.9 19020.9 212107.9
2020 4 18 3033.4 1817.1 17728.2 8561.3 596.6 3540.4 0.0 129879.7 25639.4 57.4 27697.7 218551.2
2020 4 19 3066.4 1825.5 17728.2 8761.1 598.1 3613.7 0.0 129605.8 25417.8 56.3 24181.9 214854.9
2020 4 20 2806.0 1714.6 16461.0 8244.0 551.4 3361.6 0.0 128638.9 23936.0 53.7 26320.4 212087.8
2020 4 21 2806.0 1854.8 16168.2 8897.1 493.1 3615.4 0.0 130986.9 26161.7 59.4 24171.0 215213.5
2020 4 22 2806.0 1845.1 16168.2 8826.1 511.4 3569.1 0.0 133731.6 25728.0 57.5 25173.8 218416.8
2020 4 23 2806.0 1745.7 16461.0 8591.3 561.1 3385.4 0.0 132425.2 24531.1 54.5 25114.3 215675.7
2020 4 24 2806.0 1777.6 16168.2 8671.8 509.7 3310.4 46.0 128416.2 23870.1 51.7 18200.7 203828.3
2020 4 25 1881.0 1704.0 11914.1 8260.7 400.8 3177.7 47.0 115474.4 23599.7 54.7 31058.9 197573.0
2020 4 26 2851.3 1809.2 16513.2 8989.7 593.1 3443.3 54.7 129605.8 24593.4 54.1 25786.7 214294.6
2020 4 27 3033.4 1651.3 17728.2 7711.5 540.8 2776.8 91.6 128638.9 21358.5 50.7 27319.6 210901.4
2020 4 28 2806.0 1741.2 16168.2 8153.0 493.1 2925.5 98.4 130986.9 22966.5 55.4 25077.8 211472.0
2020 4 29 2092.4 1779.0 12397.0 8259.4 480.5 2905.3 123.3 133731.6 23146.2 55.4 25295.2 210265.3
2020 4 30 1881.0 1708.9 11914.1 8238.6 476.8 2860.0 105.4 132425.2 22709.8 53.7 27944.7 210318.1
2020 5 1 1918.6 1624.8 11619.6 7714.2 545.2 2544.4 146.3 134229.6 20457.7 47.1 20759.1 201606.5
2020 5 2 1965.1 1509.6 11426.7 7195.3 528.8 2396.2 134.0 125043.5 19475.3 47.7 30182.2 199904.5
2020 5 3 2978.8 1825.2 17154.8 8718.8 666.8 2872.0 172.6 134560.4 23143.6 54.6 27698.0 219845.5
2020 5 4 2186.0 1586.8 12051.9 7163.3 539.7 2168.5 221.9 132270.9 18954.7 47.3 25212.7 202403.8
2020 5 5 1965.1 1620.5 11557.9 7339.6 539.7 2212.5 228.6 133298.0 19720.5 50.1 24144.9 202677.3
2020 5 6 1965.1 1764.6 11557.9 7831.8 539.7 2224.5 293.0 132907.4 20837.0 53.6 22806.8 202781.3
2020 5 7 1965.1 1619.2 11650.9 7576.2 539.7 2145.6 255.2 132907.4 19377.2 48.2 26422.8 204507.5
2020 5 8 1965.1 1573.8 11650.9 7134.3 539.7 1829.8 295.1 132613.1 18058.4 45.2 21671.8 197377.2
2020 5 9 2931.4 1456.1 16537.1 6579.3 647.9 1658.3 290.3 126822.0 16793.0 44.0 27070.3 200829.7
2020 5 10 2978.8 1768.6 17154.8 8090.3 666.8 2039.7 350.9 134560.4 20135.4 51.9 29004.4 216802.0
2020 5 11 1965.1 1545.3 11599.4 6697.7 539.7 1453.7 388.1 132661.4 16454.4 44.6 23860.6 197210.1
2020 5 12 1965.1 1526.9 11599.4 6396.9 539.7 1366.7 379.7 133298.0 16272.7 44.8 21947.7 195337.7
2020 5 13 1965.1 1796.9 11599.4 7479.3 539.7 1549.3 465.5 133298.0 19127.3 53.0 20962.4 198835.9
2020 5 14 1965.1 1599.7 11619.6 6843.6 545.2 1449.1 410.9 134229.6 17101.5 47.6 26892.3 202704.1
2020 5 15 1918.6 1541.6 11619.6 6454.7 558.4 1227.3 438.2 133726.3 15843.8 44.1 21250.6 194623.2
2020 5 16 1965.1 1464.6 11353.8 6152.1 534.3 1164.0 424.3 126660.0 15209.2 43.2 24452.8 189423.4
2020 5 17 1625.4 1794.8 11878.3 7562.3 578.0 1475.3 500.1 138341.3 18616.8 52.8 29602.0 212027.1
2020 5 18 1578.1 1576.8 10017.0 6822.4 563.2 1328.0 445.0 137201.1 16309.9 44.9 21677.9 197564.2
2020 5 19 1643.4 1579.6 11480.9 6579.7 563.2 1284.4 432.9 133327.1 16325.7 45.6 19637.0 192899.4
2020 5 20 1578.1 1828.5 10017.0 7615.5 563.2 1463.2 513.1 137837.7 18971.5 53.1 20953.3 201394.1
2020 5 21 1578.1 1622.7 10078.5 6811.0 563.2 1322.9 454.7 136915.1 16772.8 47.7 25428.0 201594.6
2020 5 22 1578.1 1610.7 10078.5 6755.5 563.2 1288.5 455.9 139570.9 16102.5 44.8 18383.4 196432.1
2020 5 23 1578.1 1586.7 9812.7 6611.0 552.3 1246.8 467.4 134033.9 16363.8 46.3 23961.0 196260.0
2020 5 24 1966.0 1841.4 13419.3 7676.5 578.0 1447.8 563.0 136572.8 18633.5 53.0 28883.8 211635.0
2020 5 25 1643.4 1653.8 11480.9 7038.2 563.2 1320.3 524.9 132690.5 16756.5 46.4 20987.7 194705.7
2020 5 26 1643.4 1676.3 11480.9 6839.4 563.2 1258.9 550.0 133327.1 16899.9 46.8 17202.6 191488.4
2020 5 27 1578.1 1884.0 10017.0 7689.5 563.2 1387.2 727.2 137837.7 19347.1 53.2 21421.9 202505.9
2020 5 28 1578.1 1634.4 10078.5 6949.4 563.2 1255.0 747.7 139570.9 16622.6 45.2 25170.3 204215.3
2020 5 29 1578.1 1627.4 10098.6 6898.6 563.2 1262.4 705.9 139570.9 16015.4 41.7 16804.7 195166.9
2020 5 30 1578.1 1555.8 9832.8 6535.2 552.3 1179.4 693.7 139570.9 15819.6 42.4 25030.5 202390.5
2020 5 31 1625.4 1830.3 11878.3 7678.9 578.0 1378.9 868.3 138341.3 18267.9 49.3 26790.0 209286.6
2020 6 1 912.6 1645.4 7759.8 6943.4 441.6 1198.9 792.2 112514.1 16196.3 42.3 21393.6 169840.3
2020 6 2 942.0 1701.1 7759.8 7093.5 441.6 1195.0 882.1 118246.2 16717.3 43.0 21953.6 176975.2
2020 6 3 1010.1 1836.1 7963.9 7574.2 449.4 1264.9 978.6 121194.1 17971.4 46.5 21546.1 181835.3
2020 6 4 1283.7 1671.5 9127.0 7218.2 555.3 1197.0 1036.6 121194.1 16069.4 41.3 24174.2 183568.3
2020 6 5 1027.1 1570.1 8073.8 6749.4 463.1 1129.7 937.3 120186.7 14748.5 36.5 19476.5 174398.8
2020 6 6 1034.7 1598.1 7665.9 6669.3 493.7 1100.5 965.7 101029.1 15351.5 139.2 27078.5 163126.3
2020 6 7 1145.3 1887.2 8241.6 7990.2 516.6 1309.6 1198.0 120660.3 17643.6 156.1 24297.7 185046.3
2020 6 8 924.9 1707.5 7759.8 7011.6 441.6 1150.1 1097.4 112514.1 15628.4 135.8 22564.1 170935.4
2020 6 9 1034.7 1757.6 8129.8 7003.2 584.4 1115.9 1166.1 118246.2 16125.1 740.5 22802.3 178705.8
2020 6 10 1057.9 1857.5 8333.9 7341.5 592.1 1157.6 1266.0 121194.1 16892.4 799.7 22029.8 182522.6
2020 6 11 1088.1 1719.4 8333.9 7168.2 593.8 1124.7 1313.4 121194.1 15431.0 739.8 25106.8 183813.3
2020 6 12 981.3 1606.0 7825.6 6627.9 463.1 1044.3 1198.3 120186.7 14081.9 712.1 21778.7 176505.9
2020 6 13 744.2 1662.6 6402.0 6615.3 384.6 1031.3 1239.5 101029.1 14752.9 864.0 28597.9 163323.4
2020 6 14 858.7 1899.7 6977.7 7791.5 420.9 1210.6 1453.7 120660.3 16418.5 1051.6 22729.4 181472.6
2020 6 15 912.6 1743.9 7759.8 6905.6 441.6 1069.3 1328.0 112514.1 14747.2 915.2 23280.4 171617.7
2020 6 16 1061.3 1763.7 8237.8 6816.7 584.4 1047.9 1348.3 118246.2 15052.4 1518.5 23991.8 179669.0
2020 6 17 950.5 1820.2 7922.5 6939.2 535.9 1068.0 1347.3 121194.1 15239.5 1540.7 24620.5 183178.4
2020 6 18 840.8 1821.2 6904.3 7109.1 493.7 1090.3 1344.1 121194.1 15114.1 1721.5 24153.6 181786.7
2020 6 19 857.7 1711.8 7086.5 6600.8 504.5 1015.7 1244.2 120186.7 13946.8 1583.4 22070.0 176808.1
2020 6 20 744.2 1767.4 6402.0 6594.6 384.6 1007.8 1285.7 101029.1 14643.8 1681.4 28530.4 164071.0
2020 6 21 825.8 1942.8 6551.9 7426.4 441.5 1136.1 1426.1 120660.3 15741.8 1964.4 24945.4 183062.6
2020 6 22 947.8 1869.9 7797.5 6929.6 533.1 1058.3 1355.8 112514.1 14838.8 1832.8 23751.7 173429.6
2020 6 23 761.6 1848.1 6266.4 6715.2 442.6 1015.2 1334.8 118246.2 14689.6 2434.8 19375.4 173129.7
2020 6 24 986.4 2002.9 7922.5 7105.0 534.3 1062.3 1509.3 121194.1 16291.2 2691.7 26663.0 187962.6
2020 6 25 798.3 1873.3 6524.3 6793.8 456.2 1003.2 1467.8 121194.1 15077.9 2934.8 24594.8 182718.5
2020 6 26 991.0 1842.0 7784.2 6695.3 504.5 984.5 1525.5 120186.7 14565.9 2828.8 20334.4 178243.0
2020 6 27 710.1 1819.0 6284.8 6190.5 402.8 888.2 1490.7 101029.1 15777.7 4243.0 27576.6 166412.6
2020 6 28 826.7 1939.0 6860.5 6754.6 439.1 970.0 1621.4 120660.3 16741.9 4947.7 28774.8 190535.9
2020 6 29 822.9 1825.3 7407.4 6387.7 533.1 908.0 1533.7 112514.1 15791.9 4584.7 24316.2 176625.2
2020 6 30 987.2 1809.8 7826.4 6334.4 528.0 886.2 1564.3 118246.2 15655.2 4637.1 18949.5 177424.4
2020 7 1 818.7 1986.7 6573.0 6890.0 442.6 954.1 1871.1 122306.4 17959.1 5588.6 28495.0 193885.1
2020 7 2 828.8 1880.6 6573.0 6715.9 442.6 917.2 1840.0 122306.4 16721.0 6953.0 23060.7 188239.1
2020 7 3 813.4 1871.4 6270.5 6734.1 442.6 917.3 1914.5 121217.3 16342.0 6833.3 18157.0 181513.3
2020 7 4 582.1 1755.6 5305.3 5912.5 447.4 781.7 1789.0 94734.3 16764.3 7213.8 27071.3 162357.4
2020 7 5 734.3 1849.3 5782.7 6349.3 447.4 838.1 1929.4 117346.1 17639.4 8008.3 33851.8 194776.1
2020 7 6 770.2 1815.1 6333.9 6260.3 442.6 817.9 1931.3 111698.3 17334.7 8472.1 25562.7 181439.0
2020 7 7 762.9 1810.5 6015.0 6219.2 456.7 801.2 1966.7 113459.4 17156.4 8224.2 18121.9 174994.0
2020 7 8 805.9 2050.7 6336.1 6740.9 456.7 848.9 2326.9 122306.4 20547.2 9099.4 28212.1 199731.3
2020 7 9 714.2 1883.1 5708.9 6278.4 456.7 774.9 2247.9 116302.0 18794.7 10341.2 24502.8 188004.7
2020 7 10 655.8 1786.8 5422.2 6086.0 426.6 753.5 2181.7 114667.9 17356.9 9514.5 18391.9 177243.9
2020 7 11 539.2 1719.2 5037.0 5477.7 417.7 649.7 2106.2 91309.8 18262.6 9563.4 28181.3 163263.6
2020 7 12 655.5 1852.8 5421.9 6064.0 426.6 719.6 2328.2 109288.9 19563.9 11494.5 33505.3 191321.1
2020 7 13 633.8 1766.6 5268.1 5812.6 440.8 683.7 2258.0 107649.1 18708.1 11631.0 27825.8 182677.7
2020 7 14 628.1 1827.3 5194.8 5987.2 426.6 700.0 2360.2 111393.3 19250.5 11456.5 17753.6 176977.9
2020 7 15 653.3 1908.3 5284.6 6068.4 426.6 709.1 2501.9 115757.0 20826.1 11510.4 26643.1 192288.8
2020 7 16 663.4 1935.2 5300.0 6253.9 426.6 730.9 2587.9 115757.0 21057.9 13673.7 24059.2 192445.7
2020 7 17 666.1 1766.8 5300.0 5798.0 417.7 684.7 2327.2 114667.9 18745.0 12914.3 17815.7 181103.4
2020 7 18 549.5 1670.8 5037.0 5404.0 417.7 634.3 2213.0 91309.8 18193.6 10168.3 29095.8 164693.9
2020 7 19 656.4 1862.3 5544.1 6103.8 469.9 720.8 2496.6 109288.9 19963.1 12729.4 29966.0 189801.3
2020 7 20 594.4 1869.9 5136.0 6141.0 445.6 721.1 2536.6 108062.5 20090.3 13462.7 29628.8 188688.9
2020 7 21 589.9 1842.2 5121.1 6021.6 445.6 704.3 2489.8 111806.7 19789.7 12035.2 17720.4 178566.5
2020 7 22 604.9 1823.0 5326.0 5871.8 445.6 690.3 2490.2 116555.1 19782.6 11867.9 25124.1 190581.4
2020 7 23 614.8 2031.9 5422.2 6554.1 465.1 771.7 2821.4 116555.1 22110.8 14722.2 24845.8 196915.1
2020 7 24 575.3 1708.4 5052.8 5573.9 417.8 658.0 2328.9 113920.1 18094.7 12766.3 18382.1 179478.4
2020 7 25 445.2 1763.3 4506.4 5668.9 417.8 655.6 2428.5 89587.0 19109.9 12330.4 29960.2 166873.1
2020 7 26 539.0 1973.0 4762.1 6446.9 417.8 753.6 2742.3 107566.1 21082.8 15625.0 22363.9 184272.6
2020 7 27 591.8 1942.3 5115.8 6327.3 445.6 739.3 2714.6 108062.5 20888.1 15379.9 30190.0 192397.2
2020 7 28 589.9 1945.7 5121.1 6026.7 445.6 691.4 2648.4 109708.9 20720.0 17399.4 16355.6 181652.6
2020 7 29 551.5 1759.2 4744.5 5506.4 417.8 639.9 2460.5 116942.3 18918.8 16559.3 20884.3 189384.5
2020 7 30 623.9 2026.5 5236.4 6319.0 445.6 730.9 2851.4 117107.0 21984.4 19386.4 24023.5 200735.0
2020 7 31 623.2 1781.8 5256.7 5631.1 450.3 654.9 2479.1 116017.9 18804.4 17742.9 16814.5 186256.7
2020 8 1 421.9 1675.4 4791.8 5288.7 546.6 612.7 2371.7 92683.4 18166.8 15911.2 31373.9 173844.0
2020 8 2 546.2 1865.9 4990.3 5969.3 546.6 700.8 2661.7 110051.8 20067.1 19020.9 19581.7 186002.3
2020 8 3 637.7 1925.4 5429.9 6121.9 562.1 716.7 2748.4 107282.0 20827.0 19622.8 29737.3 195611.2
2020 8 4 526.6 1958.2 4873.1 5886.1 546.6 674.2 2727.0 110995.4 20925.5 22718.8 13255.9 185087.2
2020 8 5 508.6 1787.4 4294.7 5476.1 537.1 627.9 2544.4 116184.1 19350.6 21772.9 17344.3 190428.2
2020 8 6 513.5 1925.9 4294.7 5845.2 537.1 665.3 2735.1 116184.1 20996.2 22731.5 25306.2 201734.9
2020 8 7 639.3 1703.2 5307.6 5232.3 554.8 599.8 2396.9 117766.8 18036.1 20654.3 16885.0 189776.4
2020 8 8 524.2 1592.9 5223.1 4831.9 554.8 540.7 2265.5 92683.4 17171.2 19459.8 31556.7 176404.2
2020 8 9 679.4 1829.5 5348.6 5600.3 562.1 630.0 2623.3 110051.8 19749.3 23197.7 20015.6 190287.7
2020 8 10 571.0 1777.7 5400.7 5419.2 554.8 609.9 2546.1 107282.0 19203.8 22279.1 29747.2 195391.6
2020 8 11 573.7 1874.7 5400.7 5389.3 554.8 595.8 2611.9 110483.3 19895.4 26553.0 14190.1 188122.8
2020 8 12 601.7 1745.1 5433.1 5139.3 562.1 569.8 2490.8 117417.5 18836.2 24532.8 13646.3 190974.8
2020 8 13 676.3 1804.2 5433.1 5196.7 562.1 565.2 2557.2 117306.3 19705.3 24752.3 26220.1 204778.9
2020 8 14 674.9 1744.8 5433.1 5147.4 562.1 572.3 2460.9 117306.3 18511.8 24087.4 16310.3 192811.4
2020 8 15 559.8 1417.3 5348.6 4107.8 562.1 450.7 2009.5 92683.4 15218.1 20124.7 31769.8 174251.8
2020 8 16 684.1 1694.8 5348.6 4923.7 562.1 541.1 2417.8 110051.8 18301.9 24148.8 23039.7 191714.3
2020 8 17 607.7 1666.2 5420.6 4834.2 544.2 532.6 2373.5 108082.7 17929.9 23328.4 28347.9 193667.8
2020 8 18 620.9 1805.9 5420.6 5201.0 543.6 570.1 2568.9 112571.3 19561.3 25587.2 17298.4 191749.3
2020 8 19 674.1 1688.2 5433.1 4904.9 554.0 539.8 2404.0 116957.0 18221.4 23169.5 13740.1 188286.0
2020 8 20 682.0 1677.1 5433.1 4786.9 554.0 518.4 2376.9 116688.6 18301.8 22537.4 27131.6 200687.7
2020 8 21 680.6 1687.5 5433.1 4893.7 554.0 539.1 2367.4 116688.6 17885.4 22828.7 17279.9 190838.0
2020 8 22 493.2 1516.0 5348.6 4324.7 562.1 473.1 2143.4 92683.4 16349.0 20757.9 30638.9 175290.4
2020 8 23 685.1 1723.6 5348.6 4934.6 554.0 541.5 2417.2 110051.8 18571.8 23705.7 25471.1 194005.1
2020 8 24 643.4 1671.8 5429.9 4817.4 554.0 531.0 2327.4 108082.7 17963.3 22306.0 27445.7 191772.4
2020 8 25 645.6 1735.8 5420.6 4951.2 543.6 543.9 2398.4 109554.5 18678.7 23417.8 20703.0 188593.2
2020 8 26 1062.2 1737.6 7800.5 5054.1 568.3 569.9 2274.4 122219.8 18715.4 22084.0 17661.0 199746.9
2020 8 27 1125.2 1750.2 7800.5 5104.3 568.3 572.5 2215.4 123518.3 18918.5 22847.5 25397.6 209818.3
2020 8 28 909.3 1630.0 7030.9 4880.5 568.3 566.7 2060.1 118957.9 16358.8 18918.8 19326.5 191207.6
2020 8 29 807.0 1583.7 6788.7 4736.5 552.4 554.3 2001.9 100158.0 16333.0 17179.1 31859.2 182553.7
2020 8 30 1034.8 1690.3 7065.9 5091.0 552.4 599.2 2088.8 122364.9 17110.4 19109.1 28555.8 205262.6
2020 8 31 1007.8 1701.7 7800.5 5159.7 568.3 607.9 2069.2 111575.2 17277.9 18759.3 26042.5 192569.9
2020 9 1 823.0 1756.4 6349.6 5386.0 605.8 643.5 2139.2 122553.6 17818.3 19689.9 19323.8 197089.2
2020 9 2 953.0 1857.0 7097.0 5757.8 660.6 705.6 2090.9 122553.6 18882.2 19729.8 22740.3 203027.9
2020 9 3 748.9 1715.6 5574.8 5340.8 588.6 651.5 1858.6 122553.6 17296.9 19648.7 24754.8 200732.9
2020 9 4 637.0 1585.1 5378.8 5086.6 579.6 640.7 1704.6 122553.6 14709.7 15694.9 20428.1 188999.0
2020 9 5 666.8 1683.2 4626.0 5282.2 579.6 664.4 1821.0 105476.1 16393.1 15103.8 31111.4 183407.6
2020 9 6 942.6 1782.8 7179.8 5654.4 651.6 717.6 1827.7 120457.2 16681.1 17002.1 31870.1 204767.1
2020 9 7 1084.9 1712.5 7508.2 5408.3 760.5 684.9 1716.7 121672.1 16181.1 16044.9 27661.6 200435.7
2020 9 8 1075.1 1684.3 7779.4 5286.1 760.5 673.0 1641.5 122553.6 15434.0 15490.8 20845.5 193223.8
2020 9 9 953.0 1881.2 7097.0 5819.9 660.6 753.0 1675.0 122553.6 17637.2 15772.1 27527.4 202329.9
2020 9 10 938.0 1738.4 6813.8 5433.6 660.6 701.5 1482.8 122553.6 16000.5 16603.4 24940.9 197867.2
2020 9 11 895.9 1615.6 6692.6 5275.1 658.9 705.9 1330.6 122553.6 13381.0 12681.1 21019.8 186810.1
2020 9 12 840.4 1650.4 5865.0 5260.4 651.6 703.9 1359.1 105476.1 14373.8 11345.8 29184.1 176710.8
2020 9 13 942.6 1828.6 7179.8 5825.7 651.6 779.8 1454.0 120457.2 15455.9 13839.6 33934.8 202349.6
2020 9 14 1021.9 1739.3 7317.3 5473.4 677.8 732.4 1330.2 121672.1 14720.8 13129.0 26586.1 194400.4
2020 9 15 1012.1 1727.1 7588.6 5410.0 677.8 729.9 1277.6 122553.6 14137.7 13123.2 20174.0 188411.5
2020 9 16 1038.3 1927.3 7287.8 5821.1 760.5 785.6 1388.4 122553.6 16253.3 12717.3 27856.6 198389.9
2020 9 17 1023.3 1692.4 7004.6 5181.9 760.5 699.4 1227.3 122553.6 13864.3 12874.5 24469.8 191351.6
2020 9 18 895.9 1728.2 6692.6 5447.2 658.9 735.7 1274.1 122553.6 13850.3 13380.2 18886.9 186103.6
2020 9 19 925.7 1676.5 6055.9 5084.5 751.5 685.6 1207.1 105476.1 13939.3 11222.6 26088.4 173112.9
2020 9 20 1047.4 1832.0 7254.6 5622.9 658.9 760.8 1310.1 120457.2 14828.9 13879.3 31978.2 199630.3
2020 9 21 1084.9 1732.8 7392.1 5224.7 667.9 710.5 1206.7 121672.1 14045.6 13067.9 25501.3 192306.5
2020 9 22 1075.1 1696.9 7663.4 5060.0 667.9 693.3 1151.9 122553.6 13570.3 12767.8 20902.4 187802.6
2020 9 23 1038.3 1856.2 7171.8 5314.0 667.9 754.1 1207.7 122553.6 15242.1 12044.2 25950.4 193800.3
2020 9 24 1023.3 1731.4 6888.6 5110.9 667.9 814.4 1063.4 122553.6 14104.0 12085.4 23742.5 189785.4
2020 9 25 895.9 1752.3 6808.7 5473.0 751.5 878.9 1068.9 122553.6 13778.7 13171.1 17215.5 184348.1
2020 9 26 840.4 1655.0 5865.0 5121.5 651.6 836.9 981.0 105476.1 13461.6 10514.0 25559.2 170962.3
2020 9 27 1047.4 1727.1 7254.6 6087.9 658.9 1263.5 900.2 120457.2 14109.2 10138.3 29278.7 192923.0
2020 9 28 1084.9 1735.1 7392.1 5947.3 667.9 1249.2 856.9 121672.1 14003.4 10012.6 24084.9 188706.4
2020 9 29 1075.1 1779.9 7858.2 6415.8 667.9 1477.4 766.0 122553.6 14629.2 9520.4 21177.2 187920.7
2020 9 30 1791.5 1782.9 10085.8 5932.4 710.5 1245.3 874.9 122553.6 14698.9 9311.8 23765.6 192753.2
2020 10 1 2052.3 1695.5 11960.7 6101.9 643.5 1426.5 729.2 125731.2 14279.9 10419.2 21323.6 196363.6
2020 10 2 974.8 1672.1 6801.4 6287.1 550.5 1470.7 689.5 127362.9 13741.1 11161.6 16764.2 187475.8
2020 10 3 899.9 1629.1 6625.7 6172.3 503.2 1479.0 632.6 100144.2 13897.5 8757.7 25053.6 165794.8
2020 10 4 1037.9 1644.5 7130.1 6933.6 542.5 1872.2 513.6 125002.3 14006.0 7715.4 25065.4 191463.7
2020 10 5 1850.0 1749.6 12369.4 7241.1 643.5 2025.9 444.0 121062.0 14657.7 7282.4 23743.0 193068.7
2020 10 6 1962.3 1770.1 12300.2 7512.1 643.5 2191.1 360.7 123208.5 14908.1 6606.3 19094.5 190557.6
2020 10 7 1962.3 1710.1 12361.2 6923.7 643.5 1937.8 441.3 124548.3 14560.6 6380.5 21847.3 193316.6
2020 10 8 2052.3 1731.8 11960.7 7225.4 643.5 2163.4 324.9 125731.2 14783.4 6206.3 19698.1 192521.2
2020 10 9 2168.7 1695.5 11722.0 7244.8 676.0 2154.2 283.7 126545.1 14111.4 7056.0 16051.7 189709.1
2020 10 10 2325.9 1704.5 12024.1 7333.8 624.4 2192.2 265.7 99889.9 14715.0 5730.3 23940.9 170746.6
2020 10 11 2998.2 1773.3 16981.8 8185.4 698.8 2638.2 381.3 145480.3 15268.8 3880.9 22173.1 220460.1
2020 10 12 3689.1 1881.1 18219.4 8356.8 682.0 2722.8 240.3 130352.4 15988.1 3651.8 20771.3 206555.2
2020 10 13 3451.3 1883.6 18219.4 8467.6 682.0 2814.0 78.5 129252.9 16052.7 3454.7 17251.9 201608.6
2020 10 14 2709.9 1891.1 15119.7 8172.3 692.6 2648.0 292.7 125965.0 16459.9 3597.5 21320.0 198868.6
2020 10 15 2749.5 1780.1 14837.9 7892.5 692.6 2613.6 117.7 130351.0 15148.9 3401.9 18629.2 198215.0
2020 10 16 2671.2 1816.7 14789.0 8018.6 671.7 2642.2 114.1 125624.0 15134.7 3595.8 15138.0 190216.0
2020 10 17 2546.0 1818.7 14697.4 7935.1 631.8 2628.0 103.8 103410.7 16041.4 3064.8 23046.3 175923.9
2020 10 18 2998.2 1963.1 16531.7 8396.1 698.8 2779.6 110.5 145480.3 16711.1 3650.1 21863.8 221183.3
2020 10 19 2547.3 1953.3 15127.9 8246.4 669.6 2761.0 0.0 123307.0 16874.8 3182.1 19735.8 194405.1
2020 10 20 2659.6 1860.0 15127.9 7685.6 669.6 2567.7 78.5 124625.2 15901.1 3517.8 13997.9 188690.9
2020 10 21 2659.6 2072.5 15119.7 8445.3 692.6 2818.7 75.1 129527.3 18413.8 3358.6 22513.4 205696.5
2020 10 22 2749.5 1868.1 14837.9 7670.2 736.0 2587.0 0.0 131586.6 16044.5 3177.9 20275.0 201532.9
2020 10 23 2671.2 1843.2 15209.4 7545.7 671.7 2527.4 0.0 125624.0 15430.9 3210.6 16142.6 190876.8
2020 10 24 3362.0 1835.5 17678.2 7350.8 645.0 2517.0 0.0 119175.1 16473.2 2612.6 24132.0 195781.3
2020 10 25 3351.2 2101.4 19722.3 8413.1 711.9 2997.0 0.0 149412.6 18178.1 3835.2 24277.6 233000.4
2020 10 26 3339.0 1901.6 18219.4 7517.0 682.0 2689.7 0.0 126796.3 17139.9 3101.0 19910.3 201296.2
2020 10 27 3451.3 1783.8 18219.4 7036.5 682.0 2592.9 0.0 129252.9 16079.5 2937.7 14777.0 196813.0
2020 10 28 3475.5 2170.1 18211.2 8686.6 714.5 3483.9 0.0 128600.5 22424.4 4618.9 25069.1 217454.8
2020 10 29 4049.1 1753.3 21037.0 7452.2 775.7 2961.0 0.0 143328.4 18236.5 4308.7 21828.3 225730.1
2020 10 30 4561.3 1716.3 22177.0 7307.3 736.4 2859.3 0.0 149278.5 17424.3 4203.9 18783.5 229047.8
2020 10 31 4364.9 1721.5 20609.0 7209.2 711.4 2923.5 0.0 136291.2 19292.8 3348.1 26786.9 223258.5
2020 11 1 4732.2 1882.4 23489.6 8296.3 674.0 3489.1 0.0 145767.0 20669.0 4986.9 28949.6 242936.2
2020 11 2 4212.5 1700.7 21959.3 7721.1 665.0 3323.7 0.0 132591.9 19919.4 4710.7 23554.6 220358.9
2020 11 3 4326.7 1674.2 23084.7 7785.9 672.4 3470.4 0.0 133236.2 20379.1 4460.2 15296.0 214385.9
2020 11 4 4441.0 1944.3 22939.6 9089.7 689.0 4262.4 0.0 135089.4 25144.9 6659.5 24919.5 235179.3
2020 11 5 4047.5 1724.7 21709.6 8667.7 707.0 4096.1 0.0 135324.8 23320.3 7240.8 21271.0 228109.3
2020 11 6 3454.9 1529.3 19520.6 7740.2 637.4 3636.8 0.0 133554.9 20347.1 6424.2 20815.6 217661.1
2020 11 7 3610.2 1587.4 19107.9 7795.1 559.5 3745.8 0.0 119743.7 22691.4 5544.4 27980.7 212366.3
2020 11 8 3984.5 1760.5 20534.5 8778.0 656.6 4378.5 0.0 144603.7 24242.6 7995.8 27538.3 244473.1
2020 11 9 4909.8 1707.6 23652.4 8891.0 672.8 4547.3 0.0 142737.1 24805.8 8943.2 22109.5 242976.5
2020 11 10 4253.7 1688.9 22862.5 8793.4 672.4 4572.0 0.0 133236.2 25554.3 7420.0 13247.2 222300.6
2020 11 11 5390.4 1819.0 27037.0 9479.9 712.0 5122.1 0.0 155030.5 28527.9 9517.7 23444.1 266080.5
2020 11 12 4707.5 1739.0 23427.4 9555.4 707.0 5183.9 0.0 135324.8 28647.0 10735.7 20081.6 240109.3
2020 11 13 4091.8 1522.1 20742.1 8463.8 637.4 4632.8 0.0 133554.9 24498.3 9859.0 19001.1 227003.3
2020 11 14 3305.8 1655.5 16977.8 8737.8 600.5 4853.2 0.0 120832.8 28361.3 8878.8 28888.2 223091.8
2020 11 15 5201.4 1712.5 24478.0 9248.5 666.7 5284.1 0.0 148518.9 28475.9 11816.7 24839.0 260241.7
2020 11 16 5597.5 1700.4 22477.4 9414.2 643.6 5364.6 0.0 140018.5 28909.2 12146.3 23374.0 249645.8
2020 11 17 4564.6 1741.6 23725.5 9508.4 672.4 5431.4 0.0 133236.2 30713.8 10395.6 13649.2 233638.8
2020 11 18 5741.3 1792.5 25910.5 9616.3 693.3 5570.9 0.0 158983.1 31140.4 11736.8 23195.9 274381.1
2020 11 19 5142.2 1889.0 25506.8 10104.1 722.4 5894.5 0.0 154018.2 31989.2 14083.0 18369.9 267719.3
2020 11 20 4592.7 1670.4 23557.8 9030.2 667.8 5327.5 0.0 146523.9 27913.6 12792.1 18447.4 250523.2
2020 11 21 4294.2 1800.4 21056.0 9218.6 630.9 5477.5 0.0 139731.3 31383.1 11755.0 27771.5 253118.5
2020 11 22 7108.8 1870.4 30482.9 9755.7 743.5 5907.3 0.0 152951.9 31521.8 14898.2 22575.0 277815.3
2020 11 23 6707.6 1893.8 26768.4 9893.0 643.6 5976.1 0.0 153768.7 32703.5 14101.5 22867.7 275323.9
2020 11 24 6911.7 1813.7 27813.8 9498.5 651.0 5848.3 0.0 154703.8 32283.4 11890.5 13479.5 264894.3
2020 11 25 6506.1 1949.6 29679.3 9702.6 693.3 6061.7 0.0 158983.1 35734.0 13189.0 24129.9 286628.6
2020 11 26 7046.3 1909.7 31190.9 9653.2 764.9 6224.2 0.0 161203.0 33803.8 15092.3 16937.7 283826.0
2020 11 27 6585.3 1829.5 28914.1 9923.7 725.7 6716.9 0.0 150956.8 35246.4 10710.3 18539.6 270148.3
2020 11 28 5600.8 1772.9 24067.8 9626.9 700.4 6467.0 0.0 146916.2 35970.6 9993.3 27025.6 268141.6
2020 11 29 6277.9 1842.9 27130.9 10082.2 743.5 6886.9 0.0 152951.9 36670.9 12324.0 25649.5 280560.5
2020 11 30 6707.6 1793.4 26768.4 9760.5 643.6 6671.5 0.0 153768.7 36283.0 10626.0 22640.8 275663.5
2020 12 1 10976.9 1783.9 44999.8 10520.5 996.6 7567.1 0.0 148894.4 39364.5 9288.7 15714.1 290106.4
2020 12 2 10311.7 1897.1 44999.8 10586.1 1041.0 7570.7 0.0 148894.4 42468.9 10465.6 25806.2 304041.5
2020 12 3 9942.2 1748.2 42125.2 9977.1 1041.0 7316.2 0.0 144204.2 37573.3 11879.9 16669.6 282476.9
2020 12 4 10360.7 1830.4 44952.7 11183.0 1041.0 8437.2 0.0 148645.5 43371.6 7616.5 21409.6 298848.1
2020 12 5 9201.2 1679.5 40796.5 10525.3 952.7 7891.3 0.0 131397.6 41975.3 7161.9 26179.6 277761.1
2020 12 6 9268.3 1754.3 40905.5 10948.1 985.5 8271.8 0.0 135185.8 43392.8 8467.6 27994.2 287174.0
2020 12 7 9568.9 1780.4 42651.5 11017.1 966.1 8357.6 0.0 136764.8 44457.0 7656.8 21479.0 284699.2
2020 12 8 10917.2 1807.3 49549.3 11805.5 1193.8 9217.0 0.0 163345.9 47777.9 6121.6 16820.6 318556.2
2020 12 9 10621.6 1816.0 46920.8 11389.3 1065.6 8868.0 0.0 154630.2 49115.5 6460.5 23311.3 314199.0
2020 12 10 9613.1 1732.9 44723.4 11000.2 1103.1 8746.5 0.0 150132.3 46295.8 7091.0 16568.6 297007.0
2020 12 11 11236.8 1795.1 49067.3 11985.1 1070.7 9675.0 0.0 154381.4 50926.1 3285.7 22428.3 315851.6
2020 12 12 10041.2 1593.9 45900.5 11103.2 952.5 8972.4 0.0 134597.4 48027.6 3207.8 27249.2 291645.7
2020 12 13 9923.1 1661.7 42705.1 11494.5 982.1 9323.0 0.0 139537.1 49529.9 3682.5 27619.4 296458.4
2020 12 14 9568.9 1681.5 43981.1 11579.0 1193.8 9443.6 0.0 147107.9 50469.8 3627.2 21262.3 299915.1
2020 12 15 10917.2 1824.9 49569.8 12837.3 1193.8 10569.2 0.0 163345.9 56026.8 2784.6 18689.3 327758.9
2020 12 16 10890.4 1698.8 49549.3 11932.5 1167.4 9804.5 0.0 163345.9 53101.7 2487.0 22477.3 326454.8
2020 12 17 11236.8 1665.7 49114.4 11667.9 1065.6 9625.8 0.0 154935.3 51857.9 2788.1 18312.6 312270.2
2020 12 18 9541.3 1680.0 44676.3 11729.7 1077.1 9658.9 0.0 147109.6 52304.9 2492.8 24664.0 304934.5
2020 12 19 9762.0 1590.3 41073.0 11022.4 944.9 9082.8 0.0 131755.0 49871.2 2452.6 27294.6 284849.0
2020 12 20 9640.1 1647.9 41181.9 11400.0 995.0 9440.4 0.0 136721.7 51211.6 2675.9 25967.4 290882.0
2020 12 21 8810.7 1706.0 37632.1 11727.8 936.2 9681.8 0.0 122084.6 53280.8 2424.6 23586.5 271871.1
2020 12 22 10338.6 1721.2 44999.8 11880.4 996.6 9890.4 0.0 148894.4 53847.5 2182.2 20668.7 305419.7
2020 12 23 10967.3 1732.1 44999.8 11880.5 1051.7 9902.4 0.0 148894.4 54680.8 2025.8 20123.1 306257.9
2020 12 24 9541.3 1733.8 44723.4 11866.8 1103.1 9913.0 0.0 147663.5 54899.9 2237.6 18161.6 301844.1
2020 12 25 9613.1 1686.5 44676.3 11527.5 1073.7 9593.1 0.0 149578.4 53060.0 1998.1 24566.4 307373.2
2020 12 26 8743.0 1576.7 40796.5 10769.1 955.9 8944.8 0.0 130219.1 49672.1 1934.4 25218.7 278830.2
2020 12 27 11048.5 1588.3 48157.5 10899.4 1113.7 9084.0 0.0 153881.6 49718.3 2010.3 25797.4 313299.0
2020 12 28 10131.3 1633.9 44893.6 11680.2 1097.9 9517.5 0.0 147107.9 49692.7 1241.8 22964.2 299961.1
2020 12 29 11484.6 1578.1 49928.4 11383.2 1084.8 9316.5 0.0 163345.9 48599.1 1408.2 21603.8 319732.5
2020 12 30 10890.4 1740.5 49569.8 12567.5 1193.8 10255.0 0.0 163345.9 53677.0 1288.4 21314.3 325842.6
2020 12 31 11236.8 1652.3 49569.8 11825.3 1092.7 9684.6 0.0 163216.3 51014.4 1408.5 19741.6 320442.3
2021 1 1 9370.3 2004.9 40845.4 13000.2 1060.4 9986.2 0.0 157678.3 49120.7 13.9 25680.7 308761.0
2021 1 2 8527.7 1862.3 35469.0 12174.2 923.3 9330.1 0.0 156730.7 45877.6 15.6 29364.1 300274.7
2021 1 3 8230.2 2152.0 36368.1 13954.3 984.4 10690.9 0.0 157669.1 52373.2 15.3 25020.1 307457.7
2021 1 4 7764.2 1926.3 33617.7 12477.7 947.0 9571.6 0.0 155930.8 46630.3 14.6 23444.2 292324.5
2021 1 5 8463.0 2019.4 38754.5 13212.2 1101.3 10123.2 0.0 158472.9 49349.0 15.5 24998.5 306509.4
2021 1 6 8794.8 2087.9 38055.0 13571.6 1132.3 10436.5 0.0 158144.4 51408.6 15.4 33651.0 317297.6
2021 1 7 8463.0 2094.6 37728.7 13362.9 1094.7 10271.8 0.0 157678.3 50395.2 14.3 28951.2 310054.8
2021 1 8 8685.0 2071.3 37785.5 13197.0 1106.6 10156.8 0.0 158144.4 50023.5 14.7 26650.5 307835.3
2021 1 9 8669.7 1967.6 36943.9 12574.2 947.3 9665.9 0.0 156730.7 47736.5 15.7 29139.0 304390.5
2021 1 10 9119.7 2188.5 41127.2 13909.0 1115.7 10681.2 0.0 158242.3 52319.4 15.4 24200.8 312919.3
2021 1 11 9286.9 1984.0 37786.2 12694.0 1023.2 9755.1 0.0 157375.0 47439.4 15.1 22128.6 299487.5
2021 1 12 10517.1 2128.5 46181.9 13622.9 1082.9 10498.1 0.0 159374.3 51429.9 16.0 26005.0 320856.6
2021 1 13 10591.6 2102.1 45975.8 13423.6 1094.4 10362.7 0.0 159374.3 51034.8 15.5 33154.1 327128.9
2021 1 14 9941.4 2134.5 43510.2 13436.1 1113.9 10367.1 0.0 159018.3 50725.9 14.8 28197.4 318459.7
2021 1 15 9544.6 2108.7 42786.3 13218.6 1048.6 10245.8 0.0 158603.7 50588.7 15.2 27222.7 315382.8
2021 1 16 8669.7 2020.1 36943.9 12687.8 953.6 9824.1 0.0 156730.7 48531.8 16.2 28920.6 305298.5
2021 1 17 8230.2 2203.4 37344.0 13798.8 984.4 10663.6 0.0 157669.1 52222.8 15.9 24076.1 307208.2
2021 1 18 7997.0 2084.4 35863.4 13055.2 923.1 10107.8 0.0 155930.8 49126.8 16.8 20920.5 296025.8
2021 1 19 9941.4 2275.0 43699.0 14024.1 1103.2 10935.5 0.0 159018.3 54012.5 18.4 29049.0 324076.4
2021 1 20 10591.6 2187.6 45944.0 13449.6 1089.9 10486.3 0.0 159374.3 51674.1 17.5 31705.7 326520.6
2021 1 21 9816.1 2244.2 42737.4 13733.2 1113.9 10702.0 0.0 159018.3 52526.6 17.3 27594.7 319503.6
2021 1 22 9544.6 2213.8 42555.2 13520.1 1106.8 10581.3 0.0 159018.3 52626.4 18.2 28191.5 319376.3
2021 1 23 10871.7 2149.8 44739.9 13150.8 1102.5 10276.5 0.0 160134.0 50898.9 18.8 28462.4 321805.4
2021 1 24 11038.8 2274.9 47141.3 13878.8 1118.1 10821.4 0.0 160134.0 53433.2 18.5 23656.1 323515.0
2021 1 25 10387.3 2145.4 40184.7 13086.5 1031.5 10221.4 0.0 157375.0 50276.6 20.2 20475.6 305204.2
2021 1 26 10805.2 2340.0 46796.9 14152.0 1082.9 11125.9 0.0 159374.3 55667.8 22.6 32218.6 333586.3
2021 1 27 10591.6 2259.0 45975.8 13661.5 1083.1 10693.6 0.0 159374.3 53426.6 21.3 29987.4 327074.2
2021 1 28 9544.6 2266.1 42910.6 13674.5 1150.4 10683.4 0.0 159018.3 54056.7 20.7 28766.4 322091.8
2021 1 29 9544.6 2227.6 42786.3 13388.0 1048.6 10496.0 0.0 158603.7 53898.1 21.6 29271.4 321285.8
2021 1 30 8935.2 2219.3 38864.4 13383.5 1104.4 10465.8 0.0 158242.3 53296.8 22.7 29531.2 316065.8
2021 1 31 9909.6 2315.7 43053.5 13865.7 1117.5 10806.0 0.0 158242.3 55716.1 27.5 24118.5 319172.5
2021 2 1 9446.9 2156.9 39949.2 13013.1 1047.6 10334.5 0.0 154195.7 51683.4 31.0 21459.7 303318.0
2021 2 2 10866.4 2365.4 47079.7 14156.9 1108.1 11271.9 0.0 155670.8 57477.2 33.2 33652.6 333682.2
2021 2 3 10842.6 2297.9 46873.4 13867.6 1111.7 11002.2 0.0 155670.8 55332.3 27.0 28845.8 325871.2
2021 2 4 10025.7 2272.6 43826.6 13654.4 1121.9 10812.4 0.0 155670.8 55712.7 28.5 29882.8 323008.5
2021 2 5 10078.0 2216.5 43519.6 13184.9 1122.2 10435.6 0.0 155670.8 54266.1 29.0 29386.7 319909.6
2021 2 6 9969.6 2245.2 41300.3 13425.4 1072.3 10586.9 0.0 155670.8 54463.5 30.0 30826.1 319590.0
2021 2 7 10240.0 2339.0 43970.7 13875.1 1121.8 10909.0 0.0 155670.8 57161.7 38.7 24997.4 320324.2
2021 2 8 8228.4 2147.1 37138.6 12721.4 1130.6 9979.5 0.0 154195.7 52031.0 41.5 21910.1 299524.0
2021 2 9 10026.5 2335.1 44166.0 13769.4 1081.3 10798.1 0.0 154985.8 57181.3 42.0 32929.2 327314.8
2021 2 10 10002.7 2266.0 43978.9 13508.9 1178.4 10539.9 0.0 155670.8 55004.1 36.1 28978.3 321164.1
2021 2 11 9786.6 2201.5 42084.1 13096.0 1085.7 10165.7 0.0 154985.8 54414.6 57.3 30061.1 317938.3
2021 2 12 8995.0 2065.9 38973.8 12160.0 1081.9 9432.0 0.0 154985.8 50843.0 55.3 29435.9 308028.6
2021 2 13 8829.3 2170.8 36469.1 12845.2 917.7 9932.7 0.0 153788.6 53112.4 59.5 30963.8 309089.2
2021 2 14 8479.1 2276.3 36799.0 13386.1 986.0 10301.1 0.0 153788.6 55728.6 72.2 25520.5 307337.4
2021 2 15 8265.7 2070.5 36834.5 12194.0 913.2 9324.1 0.0 152780.7 50150.9 76.2 21327.2 293937.0
2021 2 16 9269.3 2278.7 40071.6 13403.6 1136.7 10222.6 0.0 154985.8 55637.5 74.3 30703.5 317783.8
2021 2 17 8995.0 2216.1 39102.0 13183.4 1093.7 10020.8 0.0 154985.8 53797.9 65.8 28692.8 312153.3
2021 2 18 9786.6 2167.7 42084.1 12897.4 1090.4 9747.7 0.0 154985.8 52684.1 69.1 27461.1 312974.0
2021 2 19 9453.6 1995.0 40010.9 11753.8 998.3 8875.1 0.0 154985.8 48303.1 64.6 27480.7 303920.9
2021 2 20 8539.0 2081.7 34493.6 12310.1 968.5 9267.5 0.0 153788.6 50124.0 70.0 28492.9 300135.8
2021 2 21 9239.5 2234.0 40135.3 13233.6 989.8 9912.1 0.0 153788.6 53304.3 75.5 24399.3 307312.1
2021 2 22 7953.9 2023.3 34120.4 11933.0 972.0 8869.7 0.0 152780.7 47235.7 70.7 23830.6 289789.9
2021 2 23 9018.8 2161.7 39619.4 12805.2 1136.7 9504.4 0.0 154985.8 50854.4 65.6 28894.1 309046.0
2021 2 24 9786.6 2182.6 42045.4 13039.5 1085.7 9614.0 0.0 154985.8 51267.4 66.2 28051.9 312125.0
2021 2 25 9325.4 2120.1 39324.6 12369.7 1130.4 8981.6 0.0 154985.8 48286.1 53.6 26219.7 302797.0
2021 2 26 9325.4 1893.0 39420.0 11127.0 1087.7 8100.5 0.0 154985.8 43789.8 44.8 25839.5 295613.6
2021 2 27 8314.4 2054.6 34008.2 12115.9 944.3 8786.8 0.0 153788.6 47066.0 50.4 24770.5 291899.8
2021 2 28 8937.7 2158.9 38289.9 12716.1 937.4 9179.1 0.0 153788.6 48863.8 51.3 24197.7 299120.6
2021 3 1 7624.5 1959.5 31749.4 11407.5 844.5 7903.9 0.0 150934.5 42867.6 45.6 29233.4 284570.5
2021 3 2 7874.6 2150.2 34385.0 12539.8 877.4 8678.9 0.0 161965.3 46958.4 44.3 26156.6 301630.6
2021 3 3 6514.6 2152.7 32604.8 12474.5 876.0 8602.9 0.0 153193.5 46606.1 42.0 27094.0 290161.0
2021 3 4 5555.2 2112.8 27869.8 11849.4 839.6 8053.3 0.0 152104.2 44062.4 52.7 25639.8 278139.1
2021 3 5 5526.2 1998.7 27398.5 11246.0 807.8 7654.3 0.0 150197.6 42112.2 44.2 23103.4 270088.8
2021 3 6 5723.6 2124.4 26222.5 12100.1 757.4 8215.0 0.0 139486.5 44307.3 49.9 21820.1 260806.7
2021 3 7 6990.9 2157.4 29168.9 12165.2 798.2 8212.2 0.0 149949.4 44145.4 53.0 26723.7 280364.3
2021 3 8 7624.5 2003.7 31749.4 11174.1 844.5 7518.1 0.0 150934.5 39873.5 48.2 26959.7 278730.1
2021 3 9 7874.6 2213.0 34385.0 12369.9 877.4 8280.6 0.0 161965.3 43568.6 50.0 26337.5 297921.9
2021 3 10 7874.6 2131.2 34391.5 11937.2 886.5 7961.3 0.0 162709.1 41659.0 46.8 29665.5 299262.6
2021 3 11 7714.2 2058.4 33737.1 11137.3 917.4 7300.7 0.0 162541.0 38702.7 55.8 28903.2 293067.8
2021 3 12 6882.5 2048.0 30579.3 11135.8 809.5 7277.5 0.0 150013.9 38515.0 51.2 24775.4 272088.1
2021 3 13 5565.7 2127.7 23361.0 11743.7 635.5 7683.9 0.0 139486.5 39987.4 53.9 22208.1 252853.3
2021 3 14 5730.0 2173.5 23941.8 11974.9 635.5 7780.4 0.0 143502.3 40386.3 57.5 26210.2 262392.3
2021 3 15 5503.9 2095.0 24903.5 11504.7 705.9 7427.7 0.0 139024.4 37926.0 56.0 24339.0 253485.9
2021 3 16 6361.6 2225.7 32226.2 12206.3 852.8 7846.3 0.0 150286.9 39966.5 57.7 27555.9 279585.8
2021 3 17 5577.0 2201.3 27968.4 12007.4 849.7 7681.5 0.0 152272.2 39035.0 56.5 29819.2 277468.3
2021 3 18 5555.2 2125.4 27869.8 11585.7 837.6 7353.9 0.0 152104.2 37504.0 54.8 28085.2 273075.8
2021 3 19 4361.4 2174.8 23032.2 11843.9 762.7 7476.0 0.0 149599.0 38286.3 55.7 26918.7 264510.8
2021 3 20 5565.7 2150.9 23361.0 11861.0 693.1 7503.8 0.0 139486.5 37818.4 55.9 22684.1 251180.5
2021 3 21 6646.9 2180.3 28564.2 12088.2 772.1 7612.5 0.0 149949.4 38161.0 58.8 25057.3 271090.7
2021 3 22 6891.7 2160.9 30145.1 11998.2 784.0 7481.9 0.0 138840.7 37250.4 58.9 23378.0 258989.9
2021 3 23 6514.6 2210.3 32842.3 12248.4 849.1 7575.9 0.0 150286.9 37929.0 58.7 26589.2 277104.5
2021 3 24 6356.8 2130.6 29743.3 11824.5 851.5 7262.9 0.0 153377.1 36366.8 57.1 29377.3 277347.9
2021 3 25 6514.0 2105.2 29863.7 11654.2 833.1 6977.9 0.0 153025.4 35602.2 63.7 26867.9 273507.2
2021 3 26 6267.3 2128.5 29844.1 11727.1 821.4 6981.9 0.0 150013.9 35969.6 64.2 28760.6 272578.6
2021 3 27 4874.8 2050.8 21283.3 11381.5 623.0 6734.4 0.0 139486.5 34184.6 59.9 22874.9 243553.9
2021 3 28 5289.1 2105.5 25369.3 11457.1 719.2 6695.8 0.0 142940.9 34357.9 66.0 25256.3 254257.2
2021 3 29 3837.4 2064.8 17244.4 11268.5 622.3 6509.8 0.0 137630.0 33524.1 65.3 24214.2 236980.8
2021 3 30 3485.0 2099.1 19162.4 11444.6 635.9 6549.1 0.0 141520.1 33869.0 65.1 23988.6 242818.8
2021 3 31 3485.0 2056.9 17291.5 10914.7 631.0 6118.1 0.0 143293.5 32639.1 64.9 26852.7 243347.4
2021 4 1 3555.9 2075.0 19007.0 11067.3 623.0 5840.5 0.0 141703.3 32677.0 72.8 24684.0 241305.7
2021 4 2 3562.7 2088.5 19096.9 10988.0 642.0 5725.2 0.0 143191.8 32637.6 74.2 27430.9 245437.8
2021 4 3 3509.0 2049.7 19004.5 10785.9 667.7 5535.2 0.0 132083.5 31084.4 69.4 20677.9 225467.3
2021 4 4 3569.6 2039.0 19558.3 10439.3 668.7 5268.7 0.0 139583.4 30259.6 74.4 24190.1 235651.1
2021 4 5 4269.3 2021.7 20079.8 10359.1 656.9 5163.9 0.0 136211.1 29907.4 75.3 23621.4 232365.8
2021 4 6 4370.2 2041.2 23828.8 10498.6 694.5 5181.1 0.0 146445.8 30109.4 74.2 20364.2 243608.0
2021 4 7 5312.6 2002.7 28305.3 9953.6 827.9 4723.7 0.0 150457.4 28627.9 74.8 26064.1 256350.0
2021 4 8 4041.1 1997.9 21077.9 9814.0 629.6 4480.2 0.0 149390.7 28159.5 82.5 24451.3 244124.7
2021 4 9 3397.2 1970.3 19088.3 9622.6 649.1 4357.3 0.0 143191.8 27672.6 81.1 27983.2 238013.7
2021 4 10 3499.6 2021.7 17856.1 9855.3 630.2 4334.7 0.0 129367.0 27307.1 79.3 21079.5 216030.4
2021 4 11 3562.0 2049.8 19558.3 9679.3 668.7 4170.1 0.0 139583.4 27250.0 85.1 24379.2 230986.0
2021 4 12 3574.5 1963.2 18016.2 9373.9 609.5 3993.5 0.0 136211.1 25854.3 81.7 25479.3 225157.2
2021 4 13 3494.8 1955.8 18681.5 9399.8 626.8 3969.8 0.0 141444.9 25750.3 81.4 20909.2 226314.4
2021 4 14 3539.7 2063.9 18893.2 9685.8 626.8 3987.5 0.0 143700.1 26881.3 87.2 28024.7 237490.3
2021 4 15 3563.5 1983.8 19007.0 9264.5 623.0 3709.9 0.0 141703.3 25412.3 84.7 25872.5 231224.4
2021 4 16 3351.7 1989.7 18422.5 9299.6 649.1 3705.2 0.0 147939.9 25682.7 86.1 28128.2 239254.8
2021 4 17 3453.4 2031.0 18747.0 9554.0 654.5 3782.3 0.0 135912.1 25493.5 83.5 24175.7 223887.0
2021 4 18 4071.2 2074.9 21505.7 9689.6 686.0 3821.0 0.0 141467.3 26364.2 89.4 27241.3 237010.6
2021 4 19 3564.9 2019.1 17973.7 9595.3 618.8 3761.4 0.0 136640.0 25475.6 86.0 27669.8 227404.6
2021 4 20 3269.7 1972.2 17792.1 9429.5 626.9 3633.8 24.9 144856.1 24631.3 82.9 20930.8 227250.1
2021 4 21 3421.5 2118.1 17935.7 10070.7 583.8 3883.3 25.4 150187.9 26919.8 92.1 31260.7 246499.0
2021 4 22 2726.8 2018.3 13869.2 9610.8 558.1 3671.4 29.6 144482.5 25357.5 87.0 27904.2 230315.4
2021 4 23 3351.7 1928.3 18422.5 9191.3 649.1 3438.2 49.5 147939.9 24215.7 81.7 30181.2 239449.3
2021 4 24 3453.7 1955.7 18156.6 9164.0 641.6 3360.2 51.5 129038.5 23603.2 78.5 27591.1 217094.6
2021 4 25 2439.3 2043.9 13450.2 9558.8 533.4 3498.3 58.7 144307.2 25188.9 86.5 29490.6 230655.8
2021 4 26 3085.9 1954.9 15138.8 9341.8 581.9 3387.6 58.0 139616.9 23902.9 80.6 32045.5 229194.9
2021 4 27 3564.9 1940.1 18681.5 9133.1 626.8 3134.4 103.2 140061.1 22730.1 77.6 22329.2 222381.9
2021 4 28 3421.5 1990.0 17935.7 9336.0 583.8 3224.6 103.4 150187.9 24005.5 84.1 33558.1 244430.6
2021 4 29 2430.9 2011.0 12436.7 9402.3 558.1 3191.3 127.8 144482.5 23991.8 83.3 29197.2 227913.0
2021 4 30 2033.4 1911.1 12106.8 8960.2 538.1 2962.2 131.1 147891.8 22785.5 78.7 29589.6 228988.6
2021 5 1 2080.9 1817.9 12156.6 8267.2 626.8 2628.7 181.2 128675.2 20582.4 70.7 28442.0 205529.5
2021 5 2 2267.3 1892.7 13636.5 8678.9 646.9 2763.1 187.4 146613.9 21724.6 76.8 29126.7 227614.6
2021 5 3 3502.3 1974.2 17071.4 9079.5 727.4 2854.5 201.5 138476.6 22602.4 78.6 32185.3 228753.7
2021 5 4 2753.5 1878.4 14023.5 8554.4 683.5 2517.0 246.7 143076.8 20513.2 71.2 23941.8 218259.9
2021 5 5 2136.9 1860.7 12360.4 8486.4 658.6 2495.5 247.4 143596.0 20877.1 74.8 31529.4 224323.1
2021 5 6 2345.4 1986.8 12676.2 8925.5 663.2 2539.2 296.6 143349.8 21933.5 78.2 30263.6 225057.9
2021 5 7 2342.6 1801.8 12843.1 8205.0 660.4 2246.0 289.7 141803.8 19604.9 68.7 28674.9 218540.9
2021 5 8 2117.3 1740.7 11171.8 7461.2 601.6 1839.3 334.3 127635.5 18011.8 64.5 26728.5 197706.5
2021 5 9 3628.2 1874.7 18651.0 8070.6 823.6 1961.9 370.4 142698.8 19372.9 70.4 25269.0 222791.5
2021 5 10 3446.8 1941.6 16559.6 8404.0 719.9 2047.7 380.2 138235.1 20052.0 72.7 32240.8 224100.5
2021 5 11 2136.9 1831.1 12316.8 7897.0 644.4 1748.1 421.3 136926.7 18090.2 65.6 24134.5 206212.5
2021 5 12 2136.9 1753.5 12069.3 7591.6 658.6 1646.3 420.4 146109.4 17493.9 64.8 28989.0 218933.5
2021 5 13 2135.3 2010.0 12371.6 8632.8 663.2 1840.5 496.3 146008.6 20133.0 74.8 30321.1 224687.3
2021 5 14 2096.1 1796.3 12539.5 7874.5 685.6 1658.3 453.3 151081.9 17822.2 67.4 26517.9 222592.8
2021 5 15 2080.9 1706.0 12156.6 7198.3 691.7 1355.6 468.5 128675.2 16252.8 62.0 23918.1 194565.7
2021 5 16 2269.9 1862.4 14182.4 7821.8 672.0 1459.0 515.8 148585.2 17709.6 68.3 23444.8 218591.2
2021 5 17 1564.1 1961.1 9262.5 8239.5 664.6 1588.3 525.3 140607.2 18791.6 73.0 31476.6 214753.7
2021 5 18 1622.9 1809.3 10044.0 7758.2 666.9 1464.2 497.0 143122.4 17043.3 64.1 21878.9 205971.2
2021 5 19 1716.7 1780.4 12072.2 7670.8 707.9 1445.8 498.4 149812.8 16944.2 64.7 26813.0 219526.9
2021 5 20 1621.3 2018.2 10431.0 8657.7 702.0 1616.8 578.9 149975.5 19304.8 73.9 31255.6 226235.7
2021 5 21 1618.5 1805.3 10246.3 7859.0 699.2 1477.8 519.1 151078.0 17169.8 66.5 24990.6 217530.1
2021 5 22 1536.5 1739.1 9632.2 7497.5 676.5 1371.5 507.6 163474.2 16066.4 61.2 21497.7 224060.4
2021 5 23 1792.3 1970.9 11737.2 8349.5 714.8 1507.3 604.4 151935.6 18567.3 71.2 22481.5 219732.1
2021 5 24 2041.6 1942.3 11620.3 8315.5 686.7 1497.5 644.9 134984.1 18155.0 70.8 31343.7 211302.5
2021 5 25 1716.7 1833.1 11908.3 7993.1 689.1 1435.4 622.1 136023.2 16921.9 63.4 18879.1 198085.3
2021 5 26 1716.7 1811.3 12072.2 7860.1 707.9 1400.7 635.2 149812.8 16837.8 60.8 26967.1 219882.7
2021 5 27 1621.3 2060.5 10327.9 8938.0 709.0 1562.0 852.5 152067.5 19388.2 69.7 29267.3 226863.8
2021 5 28 1551.7 1820.6 10136.7 7776.0 706.2 1372.9 744.0 165283.3 16886.0 62.8 24056.1 230396.2
2021 5 29 1536.5 1783.3 9632.2 7632.4 676.5 1345.5 728.4 163474.2 16110.6 57.4 22133.8 225110.9
2021 5 30 1725.5 1930.5 11555.2 8130.0 714.8 1410.6 825.7 165240.1 17853.6 65.0 23412.8 232863.7
2021 5 31 1564.1 1927.2 9596.4 8219.7 671.5 1416.2 921.8 142600.9 17622.3 64.8 29757.5 214362.5
2021 6 1 1037.2 1826.3 8013.0 7830.6 539.4 1311.9 888.7 122958.7 16299.8 50.0 19245.7 180001.5
2021 6 2 1181.2 1858.7 8123.3 7836.7 561.1 1294.0 959.2 130187.2 16709.6 68.2 28777.3 197556.5
2021 6 3 1253.4 2032.8 8644.5 8513.2 634.6 1390.7 1104.3 130927.7 18082.6 74.5 27521.5 200179.7
2021 6 4 1527.1 1846.1 9490.7 7478.6 777.8 1232.3 990.0 129339.1 16016.7 67.9 25253.8 194019.9
2021 6 5 1039.4 1815.6 7707.0 7338.0 549.4 1205.6 975.4 109029.0 15400.1 181.4 26285.6 171526.5
2021 6 6 1422.0 1991.9 9072.7 7883.2 736.5 1271.9 1104.1 127586.0 17145.3 315.9 23793.5 192322.9
2021 6 7 1405.5 2001.1 8947.6 8003.3 675.3 1280.2 1202.1 119910.9 16799.1 317.0 29224.2 189766.2
2021 6 8 1148.3 1867.6 8101.5 7514.2 550.7 1193.5 1172.8 123304.4 15571.5 290.4 22369.1 183084.0
2021 6 9 1274.1 1923.6 9114.0 7606.4 853.0 1188.3 1260.2 129934.7 16153.0 337.6 30564.8 200209.8
2021 6 10 1346.3 2056.8 9288.8 8130.4 853.0 1255.8 1405.4 129934.7 16998.0 367.2 24900.4 196536.8
2021 6 11 1301.8 1901.7 8459.7 7270.8 774.9 1130.0 1282.0 128000.5 15325.2 368.2 26149.8 191964.8
2021 6 12 926.0 1858.5 7618.6 7029.3 502.3 1090.4 1239.2 108409.6 14704.5 573.2 27423.1 171374.7
2021 6 13 991.3 2030.8 7618.6 7509.2 539.6 1150.0 1369.0 125335.0 16140.0 830.4 25889.0 189403.0
2021 6 14 1068.3 2049.5 8013.0 7659.8 532.5 1169.1 1415.2 119565.2 15845.9 879.2 28444.5 186642.4
2021 6 15 1037.2 1953.6 8013.0 7305.8 539.4 1108.2 1386.4 122958.7 15011.0 850.7 23689.5 183853.5
2021 6 16 1297.0 1988.4 9114.0 7345.7 853.0 1104.2 1447.3 129934.7 15486.4 882.1 31311.0 200763.9
2021 6 17 1256.1 2089.6 8640.5 7673.9 736.0 1155.1 1479.8 129934.7 15854.2 922.2 25701.0 195443.1
2021 6 18 962.3 1965.9 7306.7 7189.3 661.0 1081.0 1378.8 128000.5 14709.8 948.8 27450.1 191654.0
2021 6 19 783.5 1927.9 6632.5 6960.9 538.9 1045.6 1334.8 106778.1 14161.7 1125.7 25655.6 166945.1
2021 6 20 991.3 2133.7 7618.6 7503.4 539.6 1118.0 1482.7 126966.6 15871.4 1540.4 28935.2 194700.9
2021 6 21 904.0 2130.3 7487.6 7546.0 694.4 1122.0 1485.4 119224.7 15456.4 1666.8 28720.1 186437.6
2021 6 22 1087.4 2082.6 8510.3 7372.1 727.8 1091.2 1490.1 122618.2 15043.4 1636.7 22761.9 184421.6
2021 6 23 946.4 2058.2 6935.3 7172.2 558.6 1051.1 1496.6 129934.7 15171.3 1919.3 30340.9 197584.5
2021 6 24 1157.8 2247.8 8666.1 7707.0 727.0 1116.9 1707.2 129934.7 16855.0 2293.1 28165.7 200578.3
2021 6 25 950.4 2042.0 6642.1 7105.2 558.6 1028.7 1541.4 128000.5 15170.0 2407.4 27546.3 192992.4
2021 6 26 939.6 1985.7 7243.0 6937.3 569.4 996.9 1532.8 106778.1 14523.0 2371.6 22081.9 165959.2
2021 6 27 924.1 2175.2 6948.7 7255.9 509.5 1024.3 1694.7 125335.0 16903.1 2705.1 31150.7 196626.3
2021 6 28 1145.4 2129.4 8464.4 7259.9 707.7 1021.3 1705.6 119224.7 16443.6 3001.3 28351.2 189454.5
2021 6 29 1087.4 2089.1 8510.3 7153.7 727.8 999.9 1718.7 122618.2 16069.3 3173.3 20168.5 184316.2
2021 6 30 1207.2 2037.3 8592.7 6800.6 682.9 931.7 1717.2 129934.7 16136.9 3498.4 29558.0 201097.7
2021 7 1 1004.8 2274.4 7014.2 7614.7 559.5 1020.8 2138.7 131495.9 18732.8 5151.3 32841.7 209848.8
2021 7 2 1003.5 2000.7 6831.5 6849.0 559.5 919.8 1870.3 128113.1 16232.9 5535.9 28578.3 198494.4
2021 7 3 840.0 1973.1 6421.4 6857.8 537.5 914.9 1890.9 104851.1 15749.9 5354.9 21137.2 166528.7
2021 7 4 790.8 2150.9 6171.3 7111.9 608.7 924.1 2103.6 121264.1 18387.3 5722.0 31951.7 197186.2
2021 7 5 769.1 2126.2 5649.6 7164.8 529.4 925.8 2145.4 109879.3 18111.9 6418.2 29305.0 183024.6
2021 7 6 930.4 2058.4 6765.9 6976.5 552.0 894.9 2127.0 122568.5 17401.5 6610.1 19396.7 186281.9
2021 7 7 933.5 2021.7 7080.5 6695.4 619.2 838.7 2144.2 129710.0 17558.3 6561.4 29639.5 203802.3
2021 7 8 946.8 2278.2 7080.5 7242.3 619.2 885.7 2525.8 133814.0 20812.5 7515.1 34984.5 218704.8
2021 7 9 843.3 2029.0 6687.3 6560.1 619.2 800.0 2270.1 127029.1 18427.3 8339.3 29351.0 202955.7
2021 7 10 656.9 1948.6 5914.3 6439.3 590.8 783.1 2215.9 94680.9 17349.8 8060.9 19892.5 158533.2
2021 7 11 759.8 2136.4 5749.5 6749.0 558.5 798.1 2473.7 113418.5 20248.3 8261.8 30099.4 191252.9
2021 7 12 740.3 2114.1 5484.6 6814.0 531.6 806.0 2508.5 112538.4 19972.3 9196.3 29768.5 190474.5
2021 7 13 740.3 2001.1 6289.9 6507.4 589.5 765.3 2412.0 115156.1 18779.7 9528.0 20177.5 182946.8
2021 7 14 783.9 2022.7 5494.1 6499.1 540.2 751.4 2476.5 122755.5 19333.1 8643.3 29846.5 199146.1
2021 7 15 797.3 2142.4 5494.1 6737.8 540.2 770.9 2656.8 124069.2 21100.1 9123.2 33892.2 207324.1
2021 7 16 796.0 2049.5 5550.1 6529.5 561.3 743.8 2588.9 123587.3 20189.8 10334.3 30899.3 203829.9
2021 7 17 656.9 1924.8 5593.3 6237.0 553.0 716.4 2396.0 91546.9 18468.2 9963.3 19610.3 157666.2
2021 7 18 759.8 2043.2 5914.6 6501.5 558.5 741.7 2583.6 111091.2 20109.6 9732.5 29199.7 189235.9
2021 7 19 740.3 2107.6 6225.5 6763.3 602.9 775.8 2688.7 115310.1 20566.2 11106.8 29665.9 196553.1
2021 7 20 694.8 2016.3 5814.4 6496.8 577.1 742.9 2582.0 118409.5 19553.3 11321.1 20879.9 189088.1
2021 7 21 728.1 2042.9 5830.6 6564.3 583.6 744.6 2632.4 126074.7 20002.4 9961.3 30170.4 205335.3
2021 7 22 743.2 2064.7 6124.5 6596.6 598.1 746.4 2684.3 126880.4 20335.7 10513.0 28415.0 205701.7
2021 7 23 741.9 2155.7 6124.5 6905.9 598.1 775.9 2846.3 123205.9 21421.5 12168.0 31611.3 208555.0
2021 7 24 519.6 1933.5 5404.9 6218.9 551.4 701.2 2511.9 94513.8 18628.0 12020.6 19199.1 162202.8
2021 7 25 604.8 2019.6 5589.1 6422.3 553.6 713.7 2679.2 112295.2 19899.1 12203.9 26300.2 189280.7
2021 7 26 632.0 2081.5 5739.6 6677.6 553.6 747.7 2784.8 115148.9 20432.5 13633.0 28399.1 196830.3
2021 7 27 694.8 2023.3 5814.4 6517.8 577.1 729.4 2710.2 113935.1 19773.9 13812.2 20722.6 187310.9
2021 7 28 717.6 2077.1 5830.6 6533.9 583.6 720.2 2768.5 126074.7 20394.9 15728.8 30633.5 212063.4
2021 7 29 604.9 1927.4 4699.4 6120.3 460.7 678.4 2592.1 119570.9 18805.7 14911.0 23361.5 193732.4
2021 7 30 740.2 2146.5 5835.2 6743.4 583.6 739.3 2904.9 125461.8 21209.1 17653.7 32134.7 216152.4
2021 7 31 582.5 1936.1 5423.3 6069.3 577.3 668.6 2586.1 94531.5 18528.3 17395.4 16898.8 165197.3
2021 8 1 592.2 1946.3 5363.8 6096.1 606.3 671.6 2672.9 113101.6 19103.1 18585.9 22857.3 191597.3
2021 8 2 639.0 2015.5 5818.4 6366.1 653.2 705.5 2787.3 116041.1 19799.9 19668.0 28091.2 202585.1
2021 8 3 781.5 1991.7 6056.1 6297.6 720.5 697.7 2748.6 117583.0 19495.3 19364.6 19838.8 195575.4
2021 8 4 676.8 2013.4 5292.4 6207.0 689.5 674.9 2770.2 124239.1 19750.8 21688.0 31458.8 215460.8
2021 8 5 601.6 1842.5 4520.3 5740.1 482.8 626.3 2562.3 124239.1 18104.2 19997.0 21550.3 200266.4
2021 8 6 621.1 2073.1 4520.3 6375.7 539.0 687.7 2882.9 124239.1 20593.3 23522.6 32397.0 218451.7
2021 8 7 595.9 1860.0 5289.8 5720.3 606.0 622.3 2571.9 97134.3 17897.8 22285.8 15740.4 170324.5
2021 8 8 646.7 1877.9 5363.8 5701.7 626.6 606.8 2634.3 113101.6 18376.2 24484.1 19092.0 192511.6
2021 8 9 780.1 2007.6 6056.1 6120.9 708.0 649.2 2843.5 116800.1 19820.0 26354.1 28143.9 210283.4
2021 8 10 696.1 1917.9 6056.1 5866.1 701.8 625.8 2707.3 117583.0 18756.9 24786.3 19723.0 199420.2
2021 8 11 736.6 1864.0 5891.7 5546.7 697.1 582.1 2617.4 124998.1 18244.0 26443.7 33482.6 221103.9
2021 8 12 746.1 1761.8 6115.8 5294.6 736.6 556.6 2503.4 124998.1 17356.1 23736.9 22683.7 206489.6
2021 8 13 808.4 1990.2 6115.8 5873.4 746.4 611.1 2816.1 124407.9 19797.2 27605.4 31220.1 221992.1
2021 8 14 696.9 1841.6 5863.1 5507.0 744.0 585.6 2608.4 97134.3 17894.0 25633.1 17013.8 175521.7
2021 8 15 781.4 1762.9 6090.1 5202.8 766.4 550.0 2497.1 113101.6 17190.1 26448.2 17970.5 192360.9
2021 8 16 781.8 1945.6 6056.1 5723.3 706.9 601.0 2777.1 116800.1 19204.6 28716.2 29638.8 212951.6
2021 8 17 735.4 1884.3 5689.2 5571.1 607.0 589.9 2681.3 115925.2 18371.7 27139.4 19230.6 198425.2
2021 8 18 765.0 1862.3 5814.5 5434.4 622.8 569.0 2660.9 122750.2 18418.5 26961.8 32533.5 218392.8
2021 8 19 803.5 1761.3 6115.8 5199.3 726.4 547.2 2533.2 124407.9 17441.6 24150.6 25181.9 208868.6
2021 8 20 808.4 1905.4 6115.8 5566.3 718.5 580.8 2723.6 122750.2 19008.0 26647.8 30579.2 217404.1
2021 8 21 696.9 1803.3 5863.1 5348.3 737.0 569.5 2589.5 97134.3 17698.3 24796.7 20655.0 177891.7
2021 8 22 656.8 1819.8 6090.1 5315.0 755.2 566.1 2570.4 113101.6 17933.3 25893.8 18625.9 193328.1
2021 8 23 781.8 1938.5 6056.1 5670.0 689.3 602.9 2715.5 116800.1 19190.1 27386.5 29497.2 211328.0
2021 8 24 783.2 1896.9 6056.1 5620.5 711.9 605.7 2633.2 115925.2 18408.3 25548.4 20036.5 198225.7
2021 8 25 765.0 1885.9 5814.5 5519.1 622.8 592.8 2608.3 122750.2 18488.3 25300.6 32972.2 217319.6
2021 8 26 1275.0 1919.7 8888.0 5717.8 861.4 632.3 2540.7 130124.0 18794.6 24101.6 26255.3 221110.5
2021 8 27 1188.7 1929.3 8621.7 5716.4 737.3 625.4 2527.4 130124.0 18947.2 24765.7 28156.8 223340.0
2021 8 28 889.9 1801.6 6717.8 5445.2 635.1 610.6 2364.2 105814.0 17120.1 20592.9 21962.0 183953.3
2021 8 29 1093.5 1953.4 7650.6 5874.3 741.6 667.7 2459.2 128882.1 18673.0 21396.8 22513.7 211906.0
2021 8 30 1364.1 1926.8 9054.5 5819.3 1016.6 663.2 2374.4 120694.3 18295.8 21694.8 29519.4 212423.2
2021 8 31 1170.1 1913.3 8796.6 5871.3 870.0 677.0 2319.2 120724.6 17769.4 19956.0 20953.2 201020.7
2021 9 1 981.7 1955.9 6390.2 6008.4 760.9 704.6 2376.6 132794.5 18364.4 20072.7 32199.5 222609.3
2021 9 2 1193.1 2052.3 7480.4 6376.7 777.1 770.5 2312.4 131110.5 19157.9 19871.7 30001.9 221104.3
2021 9 3 894.2 1887.6 5464.6 5829.0 674.7 697.1 2099.9 132869.7 17532.1 19544.7 29409.4 216903.1
2021 9 4 702.8 1768.6 4988.8 5567.9 583.5 677.6 1951.6 109021.6 15763.7 15654.3 23096.6 179776.9
2021 9 5 904.5 2081.5 5891.7 6402.7 665.0 783.0 2205.3 128774.8 18919.3 17399.3 26535.6 210562.9
2021 9 6 1260.5 1980.6 8947.8 6110.3 856.6 751.8 1994.2 130119.6 17617.2 17029.5 29852.8 216521.1
2021 9 7 1222.7 1932.3 8511.8 6032.3 1025.0 749.3 1885.3 130343.1 16764.9 15568.4 22089.1 206124.2
2021 9 8 1222.7 1898.1 7842.1 5838.0 1022.8 729.9 1808.1 130668.7 16286.7 13948.8 32652.2 213918.2
2021 9 9 1193.1 2173.1 7662.7 6615.5 850.2 841.4 1898.8 131110.5 18727.1 15283.0 33206.9 219562.1
2021 9 10 1105.6 1916.6 6716.7 5826.6 787.4 737.8 1633.8 130744.0 16314.3 14648.2 29764.8 210195.8
2021 9 11 943.9 1807.0 6886.3 5652.9 659.5 729.3 1493.9 108775.7 14528.4 10912.5 24024.8 176414.2
2021 9 12 1115.9 2058.4 7229.6 6264.9 783.2 810.6 1648.4 126649.1 16955.3 11346.4 31064.9 205926.7
2021 9 13 1260.5 2021.5 8765.6 6113.4 783.5 791.2 1560.0 129852.1 16382.1 11764.4 30307.2 209601.5
2021 9 14 1193.1 1949.7 8840.0 5910.3 861.4 768.7 1441.6 130610.6 15477.8 10940.4 21197.1 199190.7
2021 9 15 1193.1 1879.1 8043.3 5593.2 803.9 733.0 1337.9 130668.7 14758.5 9220.1 30333.9 204564.7
2021 9 16 1222.7 2169.8 7665.5 6293.4 1006.6 824.6 1499.8 131110.5 17219.3 9852.2 34596.3 213460.5
2021 9 17 1135.3 1894.3 7006.5 5518.0 1037.2 723.0 1300.0 130744.0 14706.9 10123.2 29646.9 203835.1
2021 9 18 943.9 1881.3 6886.3 5609.4 659.5 736.8 1294.1 108775.7 14219.2 9801.8 23395.2 174203.2
2021 9 19 1145.5 2057.3 7875.1 5913.8 1049.2 780.6 1379.3 126649.1 15915.4 9760.7 29914.6 202440.6
2021 9 20 1290.1 1981.9 8619.7 5720.1 837.1 774.2 1297.1 130121.5 15117.2 9866.4 30685.9 206311.0
2021 9 21 1222.7 1937.3 7967.6 5601.3 762.4 764.5 1238.3 124587.6 14616.4 10197.5 20081.3 188977.1
2021 9 22 1222.7 1875.4 8015.6 5314.7 870.7 733.4 1156.9 132548.7 14142.3 8899.9 28998.6 203778.6
2021 9 23 1222.7 2109.9 6992.7 5953.3 724.5 873.5 1245.3 127237.9 16144.0 8681.3 32392.9 203578.0
2021 9 24 1135.3 1966.3 6862.8 5711.1 741.9 937.9 1077.8 132623.9 14946.2 8802.8 26397.4 201203.5
2021 9 25 943.9 1903.6 6886.3 5876.8 962.0 984.0 1046.4 106895.8 14142.9 8495.7 23820.5 171957.9
2021 9 26 1115.9 2014.5 7229.6 5945.0 783.2 976.8 1097.9 126649.1 15262.1 8373.0 27705.5 197152.6
2021 9 27 1290.1 1970.5 8619.7 6392.2 1079.9 1238.3 959.4 130121.5 14972.8 8296.6 28694.3 203635.3
2021 9 28 1222.7 1947.5 7967.6 6453.4 781.9 1282.6 907.0 124587.6 14759.4 8545.9 19070.1 187525.8
2021 9 29 1304.2 1988.9 8568.8 6980.1 870.6 1546.2 788.0 126534.0 15457.9 7105.0 27821.3 198965.0
2021 9 30 2108.3 2028.7 11222.3 6857.0 885.5 1448.0 882.6 125315.5 15762.1 6627.2 29555.3 202692.4
