year month date day holiday
2021 1 1 4 0
2021 1 2 5 0
2021 1 3 6 0
2021 1 4 0 0
2021 1 5 1 0
2021 1 6 2 0
2021 1 7 3 0
2021 1 8 4 0
2021 1 9 5 0
2021 1 10 6 0
2021 1 11 0 0
2021 1 12 1 0
2021 1 13 2 0
2021 1 14 3 0
2021 1 15 4 0
2021 1 16 5 0
2021 1 17 6 0
2021 1 18 0 0
2021 1 19 1 0
2021 1 20 2 0
2021 1 21 3 0
2021 1 22 4 0
2021 1 23 5 0
2021 1 24 6 0
2021 1 25 0 0
2021 1 26 1 0
2021 1 27 2 0
2021 1 28 3 0
2021 1 29 4 0
2021 1 30 5 0
2021 1 31 6 0
2021 2 1 0 0
2021 2 2 1 0
2021 2 3 2 0
2021 2 4 3 0
2021 2 5 4 0
2021 2 6 5 0
2021 2 7 6 0
2021 2 8 0 0
2021 2 9 1 0
2021 2 10 2 0
2021 2 11 3 0
2021 2 12 4 0
2021 2 13 5 0
2021 2 14 6 0
2021 2 15 0 0
2021 2 16 1 0
2021 2 17 2 0
2021 2 18 3 0
2021 2 19 4 0
2021 2 20 5 0
2021 2 21 6 0
2021 2 22 0 0
2021 2 23 1 0
2021 2 24 2 0
2021 2 25 3 0
2021 2 26 4 0
2021 2 27 5 0
2021 2 28 6 0
2021 3 1 0 0
2021 3 2 1 0
2021 3 3 2 0
2021 3 4 3 0
2021 3 5 4 0
2021 3 6 5 0
2021 3 7 6 0
2021 3 8 0 0
2021 3 9 1 0
2021 3 10 2 0
2021 3 11 3 0
2021 3 12 4 0
2021 3 13 5 0
2021 3 14 6 0
2021 3 15 0 0
2021 3 16 1 0
2021 3 17 2 0
2021 3 18 3 0
2021 3 19 4 0
2021 3 20 5 0
2021 3 21 6 0
2021 3 22 0 0
2021 3 23 1 0
2021 3 24 2 0
2021 3 25 3 0
2021 3 26 4 0
2021 3 27 5 0
2021 3 28 6 0
2021 3 29 0 0
2021 3 30 1 0
2021 3 31 2 0
2021 4 1 3 0
2021 4 2 4 0
2021 4 3 5 0
2021 4 4 6 0
2021 4 5 0 0
2021 4 6 1 0
2021 4 7 2 0
2021 4 8 3 0
2021 4 9 4 0
2021 4 10 5 0
2021 4 11 6 0
2021 4 12 0 0
2021 4 13 1 0
2021 4 14 2 0
2021 4 15 3 0
2021 4 16 4 0
2021 4 17 5 0
2021 4 18 6 0
2021 4 19 0 0
2021 4 20 1 0
2021 4 21 2 0
2021 4 22 3 0
2021 4 23 4 0
2021 4 24 5 0
2021 4 25 6 0
2021 4 26 0 0
2021 4 27 1 0
2021 4 28 2 0
2021 4 29 3 0
2021 4 30 4 0
2021 5 1 5 0
2021 5 2 6 0
2021 5 3 0 0
2021 5 4 1 0
2021 5 5 2 0
2021 5 6 3 0
2021 5 7 4 0
2021 5 8 5 0
2021 5 9 6 0
2021 5 10 0 0
2021 5 11 1 0
2021 5 12 2 0
2021 5 13 3 0
2021 5 14 4 0
2021 5 15 5 0
2021 5 16 6 0
2021 5 17 0 0
2021 5 18 1 0
2021 5 19 2 0
2021 5 20 3 0
2021 5 21 4 0
2021 5 22 5 0
2021 5 23 6 0
2021 5 24 0 0
2021 5 25 1 0
2021 5 26 2 0
2021 5 27 3 0
2021 5 28 4 0
2021 5 29 5 0
2021 5 30 6 0
2021 5 31 0 0
2021 6 1 1 0
2021 6 2 2 0
2021 6 3 3 0
2021 6 4 4 0
2021 6 5 5 0
2021 6 6 6 0
2021 6 7 0 0
2021 6 8 1 0
2021 6 9 2 0
2021 6 10 3 0
2021 6 11 4 0
2021 6 12 5 0
2021 6 13 6 0
2021 6 14 0 0
2021 6 15 1 0
2021 6 16 2 0
2021 6 17 3 0
2021 6 18 4 0
2021 6 19 5 0
2021 6 20 6 0
2021 6 21 0 0
2021 6 22 1 0
2021 6 23 2 0
2021 6 24 3 0
2021 6 25 4 0
2021 6 26 5 0
2021 6 27 6 0
2021 6 28 0 0
2021 6 29 1 0
2021 6 30 2 0
2021 7 1 3 0
2021 7 2 4 0
2021 7 3 5 0
2021 7 4 6 0
2021 7 5 0 0
2021 7 6 1 0
2021 7 7 2 0
2021 7 8 3 0
2021 7 9 4 0
2021 7 10 5 0
2021 7 11 6 0
2021 7 12 0 0
2021 7 13 1 0
2021 7 14 2 0
2021 7 15 3 0
2021 7 16 4 0
2021 7 17 5 0
2021 7 18 6 0
2021 7 19 0 0
2021 7 20 1 0
2021 7 21 2 0
2021 7 22 3 0
2021 7 23 4 0
2021 7 24 5 0
2021 7 25 6 0
2021 7 26 0 0
2021 7 27 1 0
2021 7 28 2 0
2021 7 29 3 0
2021 7 30 4 0
2021 7 31 5 0
2021 8 1 6 0
2021 8 2 0 0
2021 8 3 1 0
2021 8 4 2 0
2021 8 5 3 0
2021 8 6 4 0
2021 8 7 5 0
2021 8 8 6 0
2021 8 9 0 0
2021 8 10 1 0
2021 8 11 2 0
2021 8 12 3 0
2021 8 13 4 0
2021 8 14 5 0
2021 8 15 6 0
2021 8 16 0 0
2021 8 17 1 0
2021 8 18 2 0
2021 8 19 3 0
2021 8 20 4 0
2021 8 21 5 0
2021 8 22 6 0
2021 8 23 0 0
2021 8 24 1 0
2021 8 25 2 0
2021 8 26 3 0
2021 8 27 4 0
2021 8 28 5 0
2021 8 29 6 0
2021 8 30 0 0
2021 8 31 1 0
2021 9 1 2 0
2021 9 2 3 0
2021 9 3 4 0
2021 9 4 5 0
2021 9 5 6 0
2021 9 6 0 0
2021 9 7 1 0
2021 9 8 2 0
2021 9 9 3 0
2021 9 10 4 0
2021 9 11 5 0
2021 9 12 6 0
2021 9 13 0 0
2021 9 14 1 0
2021 9 15 2 0
2021 9 16 3 0
2021 9 17 4 0
2021 9 18 5 0
2021 9 19 6 0
2021 9 20 0 0
2021 9 21 1 0
2021 9 22 2 0
2021 9 23 3 0
2021 9 24 4 0
2021 9 25 5 0
2021 9 26 6 0
2021 9 27 0 0
2021 9 28 1 0
2021 9 29 2 0
2021 9 30 3 0
2021 10 1 4 0
2021 10 2 5 0
2021 10 3 6 0
2021 10 4 0 0
2021 10 5 1 0
2021 10 6 2 0
2021 10 7 3 0
2021 10 8 4 0
2021 10 9 5 0
2021 10 10 6 0
2021 10 11 0 0
2021 10 12 1 0
2021 10 13 2 0
2021 10 14 3 0
2021 10 15 4 0
2021 10 16 5 0
2021 10 17 6 0
2021 10 18 0 0
2021 10 19 1 0
2021 10 20 2 0
2021 10 21 3 0
2021 10 22 4 0
2021 10 23 5 0
2021 10 24 6 0
2021 10 25 0 0
2021 10 26 1 0
2021 10 27 2 0
2021 10 28 3 0
2021 10 29 4 0
2021 10 30 5 0
2021 10 31 6 0
2021 11 1 0 0
2021 11 2 1 0
2021 11 3 2 0
2021 11 4 3 0
2021 11 5 4 0
2021 11 6 5 0
2021 11 7 6 0
2021 11 8 0 0
2021 11 9 1 0
2021 11 10 2 0
2021 11 11 3 0
2021 11 12 4 0
2021 11 13 5 0
2021 11 14 6 0
2021 11 15 0 0
2021 11 16 1 0
2021 11 17 2 0
2021 11 18 3 0
2021 11 19 4 0
2021 11 20 5 0
2021 11 21 6 0
2021 11 22 0 0
2021 11 23 1 0
2021 11 24 2 0
2021 11 25 3 0
2021 11 26 4 0
2021 11 27 5 0
2021 11 28 6 0
2021 11 29 0 0
2021 11 30 1 0
2021 12 1 2 0
2021 12 2 3 0
2021 12 3 4 0
2021 12 4 5 0
2021 12 5 6 0
2021 12 6 0 0
2021 12 7 1 0
2021 12 8 2 0
2021 12 9 3 0
2021 12 10 4 0
2021 12 11 5 0
2021 12 12 6 0
2021 12 13 0 0
2021 12 14 1 0
2021 12 15 2 0
2021 12 16 3 0
2021 12 17 4 0
2021 12 18 5 0
2021 12 19 6 0
2021 12 20 0 0
2021 12 21 1 0
2021 12 22 2 0
2021 12 23 3 0
2021 12 24 4 0
2021 12 25 5 0
2021 12 26 6 0
2021 12 27 0 0
2021 12 28 1 0
2021 12 29 2 0
2021 12 30 3 0
2021 12 31 4 0
