year month house_pred houseCooking_pred houseJHeating_pred salesOne_pred salesTwo_pred bizHeating_pred bizCooling_pred industry_pred heatFacility_pred heatCombined_pred CNG_pred pred_sum
2019 10 74807.0 49339.7 466757.3 215686.6 20421.7 71937.5 3596.1 3647390.8 493133.6 78462.9 597878.8 5719412.1
2019 11 126996.1 47125.2 667621.0 257932.9 19335.1 152571.9 0.0 4003534.7 850979.0 228231.6 605857.8 6960185.3
2019 12 249117.2 47749.1 1226585.6 314027.8 31318.8 262250.5 0.0 4250361.6 1455381.1 92671.8 668228.3 8597691.6
2020 1 237454.5 57314.9 1142460.6 365632.4 29248.7 293192.1 0.0 4581705.7 1573038.8 537.7 746877.7 9027463.2
2020 2 226938.6 54503.4 1059633.4 322432.9 26929.8 251545.8 0.0 4172792.4 1464498.4 1415.3 701132.0 8281822.0
2020 3 158035.9 58143.1 793291.1 327036.7 19465.1 220426.6 0.0 4317534.2 1213134.5 1355.6 717618.3 7826041.1
2020 4 90251.8 53350.2 520763.5 261275.5 16867.6 115264.7 566.3 3977054.5 789155.9 1613.5 703372.5 6529536.1
2020 5 54404.9 51127.5 364333.8 221430.4 18116.6 50200.6 13544.6 4169171.9 554787.0 1480.3 736273.4 6234871.3
2020 6 27876.4 53520.4 229484.2 208095.9 14081.5 32441.0 38251.7 3485448.2 467943.9 47608.9 711457.6 5316209.7
2020 7 20064.0 57466.5 170098.1 189244.8 13598.6 23048.7 72169.4 3473629.9 592562.9 364667.3 756566.3 5733116.6
2020 8 20993.6 53588.1 178567.8 159249.6 17313.5 17932.9 74255.1 3424493.9 573138.8 678104.4 716879.5 5914517.3
2020 9 29636.0 52263.6 207953.8 164545.4 19817.9 24078.4 41194.1 3609182.9 453482.4 411606.4 748560.3 5762321.1
2020 10 84052.2 56391.4 466436.9 234966.2 20508.3 76685.5 6277.6 3970302.5 498380.0 151026.4 641005.4 6206032.4
2020 11 154182.4 52918.3 716773.5 273831.9 20601.2 154424.6 0.0 4364500.7 857851.2 300927.4 660589.1 7556600.4
2020 12 315678.2 53019.2 1396200.4 353711.6 32672.5 283622.2 0.0 4579570.4 1521262.7 131854.3 691663.5 9359255.1
2021 1 292672.6 66258.8 1268276.8 414338.8 33039.8 321033.7 0.0 4928971.0 1587844.5 541.3 844753.7 9757731.1
2021 2 263090.0 60994.2 1119109.7 361746.9 29536.2 276907.4 0.0 4312522.4 1465777.1 1479.5 769211.4 8660374.8
2021 3 188136.3 65677.3 868361.4 364271.1 23822.2 232912.6 0.0 4614312.5 1214141.8 1714.4 807449.7 8380799.2
2021 4 102805.9 60282.5 553633.8 292124.0 18990.5 122896.6 763.0 4264301.3 799939.1 2436.1 786504.9 7004677.8
2021 5 69443.7 57922.0 377403.3 252045.7 21889.3 55513.1 15216.1 4512123.4 576439.4 2118.5 831938.8 6772053.4
2021 6 33653.0 60097.5 245814.2 223892.6 17888.7 34159.7 40967.0 3698935.7 476058.2 35664.0 797429.7 5664560.2
2021 7 23578.1 63827.8 190307.2 206717.5 17795.0 24485.2 76499.3 3642413.5 596515.8 312480.8 838963.5 5993583.6
2021 8 24981.1 58913.8 202351.1 177327.4 21932.9 19154.2 81301.7 3657536.4 575942.0 745653.2 769574.4 6334668.2
2021 9 34826.4 59089.6 230779.0 180281.8 26332.7 25900.1 44817.7 3807997.7 480933.6 356633.3 838512.8 6086104.9
