year month house_pred house_true house_mape houseCooking_pred houseCooking_true houseCooking_mape houseJHeating_pred houseJHeating_true houseJHeating_mape salesOne_pred salesOne_true salesOne_mape salesTwo_pred salesTwo_true salesTwo_mape bizHeating_pred bizHeating_true bizHeating_mape bizCooling_pred bizCooling_true bizCooling_mape industry_pred industry_true industry_mape heatFacility_pred heatFacility_true heatFacility_mape heatCombined_pred heatCombined_true heatCombined_mape CNG_pred CNG_true CNG_mape pred_sum true_sum sum_mape
2018 10 48495.1 63091.0 23.1 44722.3 39720.0 12.6 391802.8 380302.0 3.0 250638.9 178003.0 40.8 14787.8 15431.0 4.2 75385.1 66349.0 13.6 5318.1 0.0 -1.0 3319118.5 3716197.0 10.7 385984.2 659868.0 41.5 80811.4 1616.0 4900.7 571757.0 538942.0 6.1 5188821.3 5659519.0 8.32
2018 11 91423.2 107212.0 14.7 43432.3 38189.0 13.7 582635.8 569040.0 2.4 296437.6 174636.0 69.7 14489.4 16059.0 9.8 172618.2 104435.0 65.3 0.0 0.0 -1.0 3610555.5 3850975.0 6.2 554681.6 1178069.0 52.9 307084.6 1040.0 29427.4 561768.3 546473.0 2.8 6235126.5 6586128.0 5.33
2018 12 166619.3 218707.0 23.8 46851.4 35607.0 31.6 995248.1 1072246.0 7.2 322162.0 236824.0 36.0 23094.9 25656.0 10.0 272977.5 205142.0 33.1 0.0 0.0 -1.0 4431760.3 4092284.0 8.3 1059136.1 1677154.0 36.8 112339.6 4237.0 2551.4 705535.1 574297.0 22.9 8135724.2 8142154.0 0.08
2019 1 201156.9 219758.0 8.5 47902.9 37444.0 27.9 1093078.4 1199917.0 8.9 310717.8 253619.0 22.5 27850.7 19356.0 43.9 257919.7 243799.0 5.8 0.0 0.0 -1.0 4401216.2 4314448.0 2.0 1451435.4 1770366.0 18.0 346.6 102.0 239.8 639210.6 544487.0 17.4 8430835.2 8603296.0 2.00
2019 2 182662.3 189619.0 3.7 44744.5 32890.0 36.0 949033.6 1057353.0 10.2 269895.8 219773.0 22.8 24620.2 17135.0 43.7 217935.5 200004.0 9.0 0.0 0.0 -1.0 3840853.7 3440559.0 11.6 1308114.2 1646150.0 20.5 901.8 0.0 -1.0 575768.4 488293.0 17.9 7414529.9 7291776.0 1.68
2019 3 131606.0 120261.0 9.4 49000.5 35979.0 36.2 743812.6 687033.0 8.3 290953.7 207540.0 40.2 21485.4 12906.0 66.5 201703.0 146748.0 37.4 0.0 0.0 -1.0 4026915.0 3845098.0 4.7 1097098.7 1255293.0 12.6 899.3 661.0 36.1 630070.3 544870.0 15.6 7193544.5 6856389.0 4.92
2019 4 73804.6 62467.0 18.1 45302.1 32913.0 37.6 481509.1 405406.0 18.8 231675.6 162012.0 43.0 16323.6 9419.0 73.3 103168.9 73110.0 41.1 419.1 0.0 -1.0 3633698.4 3866781.0 6.0 693637.1 849207.0 18.3 1085.4 1182.0 8.2 618009.1 537469.0 15.0 5898633.0 5999966.0 1.69
2019 5 48193.2 35485.0 35.8 43652.1 32299.0 35.1 356881.7 268742.0 32.8 197020.4 151352.0 30.2 13953.3 8559.0 63.0 44619.5 31300.0 42.6 12426.2 16851.0 26.3 3880046.2 3972190.0 2.3 505838.7 623908.0 18.9 979.4 866.0 13.1 627696.6 540220.0 16.2 5731307.2 5681772.0 0.87
2019 6 28810.0 18440.0 56.2 45629.4 34295.0 33.0 282878.5 155090.0 82.4 184192.2 119564.0 54.1 16377.6 5951.0 175.2 30407.3 20536.0 48.1 35525.2 37882.0 6.2 3206625.3 3407062.0 5.9 436346.9 499698.0 12.7 31330.2 480.0 6427.1 636245.7 551873.0 15.3 4934368.1 4850871.0 1.72
2019 7 19809.6 13239.0 49.6 48989.5 34556.0 41.8 186693.4 113539.0 64.4 166100.4 113272.0 46.6 14291.1 5237.0 172.9 21474.5 14182.0 51.4 63229.6 63451.0 0.3 3160073.1 3242809.0 2.6 571030.4 656053.0 13.0 263155.0 331.0 79403.0 673978.0 587555.0 14.7 5188824.6 4844224.0 7.11
2019 8 20040.6 10604.0 89.0 44851.3 33832.0 32.6 189980.7 87866.0 116.2 145281.3 98920.0 46.9 17761.3 7620.0 133.1 17844.3 10991.0 62.4 69733.8 64624.0 7.9 3207351.3 3163215.0 1.4 534547.9 634696.0 15.8 421921.1 340829.0 23.8 615137.1 590027.0 4.3 5284450.9 5043224.0 4.78
2019 9 27798.2 15783.0 76.1 45395.4 34193.0 32.8 238500.2 112152.0 112.7 149935.3 92035.0 62.9 22372.1 8045.0 178.1 22587.3 14537.0 55.4 37234.6 26981.0 38.0 3383016.6 3222134.0 5.0 427246.9 513669.0 16.8 221929.4 1407.0 15673.2 656122.7 562130.0 16.7 5232138.6 4603066.0 13.67
year month house_pred house_true house_mape houseCooking_pred houseCooking_true houseCooking_mape houseJHeating_pred houseJHeating_true houseJHeating_mape salesOne_pred salesOne_true salesOne_mape salesTwo_pred salesTwo_true salesTwo_mape bizHeating_pred bizHeating_true bizHeating_mape bizCooling_pred bizCooling_true bizCooling_mape industry_pred industry_true industry_mape heatFacility_pred heatFacility_true heatFacility_mape heatCombined_pred heatCombined_true heatCombined_mape CNG_pred CNG_true CNG_mape pred_sum true_sum sum_mape
2018 10 49232.8 63091.0 22.0 44722.3 39720.0 12.6 395830.2 380302.0 4.1 250638.9 178003.0 40.8 15474.7 15431.0 0.3 75385.1 66349.0 13.6 5318.1 0.0 -1.0 3319021.2 3716197.0 10.7 385984.2 659868.0 41.5 80811.4 1616.0 4900.7 571757.0 538942.0 6.1 5194176.0 5659519.0 8.22
2018 11 91701.8 107212.0 14.5 43432.3 38189.0 13.7 584860.6 569040.0 2.8 296437.6 174636.0 69.7 15252.4 16059.0 5.0 172618.2 104435.0 65.3 0.0 0.0 -1.0 3719639.4 3850975.0 3.4 554681.6 1178069.0 52.9 307084.6 1040.0 29427.4 561768.3 546473.0 2.8 6347476.8 6586128.0 3.62
2018 12 167240.0 218707.0 23.5 46851.4 35607.0 31.6 995876.2 1072246.0 7.1 322162.0 236824.0 36.0 23083.9 25656.0 10.0 272977.5 205142.0 33.1 0.0 0.0 -1.0 4347739.8 4092284.0 6.2 1059136.1 1677154.0 36.8 112339.6 4237.0 2551.4 705535.1 574297.0 22.9 8052941.5 8142154.0 1.10
2019 1 201783.7 219758.0 8.2 47902.9 37444.0 27.9 1111999.0 1199917.0 7.3 310717.8 253619.0 22.5 28276.1 19356.0 46.1 257919.7 243799.0 5.8 0.0 0.0 -1.0 4359973.0 4314448.0 1.1 1451435.4 1770366.0 18.0 346.6 102.0 239.8 639210.6 544487.0 17.4 8409564.8 8603296.0 2.25
2019 2 181032.4 189619.0 4.5 44744.5 32890.0 36.0 943210.5 1057353.0 10.8 269895.8 219773.0 22.8 24663.3 17135.0 43.9 217935.5 200004.0 9.0 0.0 0.0 -1.0 3775617.6 3440559.0 9.7 1308114.2 1646150.0 20.5 901.8 0.0 -1.0 575768.4 488293.0 17.9 7341883.9 7291776.0 0.69
2019 3 131672.5 120261.0 9.5 49000.5 35979.0 36.2 755578.0 687033.0 10.0 290953.7 207540.0 40.2 20127.1 12906.0 56.0 201703.0 146748.0 37.4 0.0 0.0 -1.0 3964117.6 3845098.0 3.1 1097098.7 1255293.0 12.6 899.3 661.0 36.1 630070.3 544870.0 15.6 7141220.8 6856389.0 4.15
2019 4 73319.9 62467.0 17.4 45302.1 32913.0 37.6 484783.9 405406.0 19.6 231675.6 162012.0 43.0 16368.0 9419.0 73.8 103168.9 73110.0 41.1 419.1 0.0 -1.0 3642832.3 3866781.0 5.8 693637.1 849207.0 18.3 1085.4 1182.0 8.2 618009.1 537469.0 15.0 5910601.4 5999966.0 1.49
2019 5 46188.0 35485.0 30.2 43652.1 32299.0 35.1 347660.3 268742.0 29.4 197020.4 151352.0 30.2 13997.5 8559.0 63.5 44619.5 31300.0 42.6 12426.2 16851.0 26.3 3877717.6 3972190.0 2.4 505838.7 623908.0 18.9 979.4 866.0 13.1 627696.6 540220.0 16.2 5717796.2 5681772.0 0.63
2019 6 28404.9 18440.0 54.0 45629.4 34295.0 33.0 249834.9 155090.0 61.1 184192.2 119564.0 54.1 14276.6 5951.0 139.9 30407.3 20536.0 48.1 35525.2 37882.0 6.2 3235713.0 3407062.0 5.0 436346.9 499698.0 12.7 31330.2 480.0 6427.1 636245.7 551873.0 15.3 4927906.3 4850871.0 1.59
2019 7 19942.6 13239.0 50.6 48989.5 34556.0 41.8 197394.8 113539.0 73.9 166100.4 113272.0 46.6 14501.5 5237.0 176.9 21474.5 14182.0 51.4 63229.6 63451.0 0.3 3194732.6 3242809.0 1.5 571030.4 656053.0 13.0 263155.0 331.0 79403.0 673978.0 587555.0 14.7 5234528.9 4844224.0 8.06
2019 8 19924.7 10604.0 87.9 44851.3 33832.0 32.6 192267.8 87866.0 118.8 145281.3 98920.0 46.9 17716.5 7620.0 132.5 17844.3 10991.0 62.4 69733.8 64624.0 7.9 3162190.6 3163215.0 0.0 534547.9 634696.0 15.8 421921.1 340829.0 23.8 615137.1 590027.0 4.3 5241416.7 5043224.0 3.93
2019 9 27329.4 15783.0 73.2 45395.4 34193.0 32.8 241275.6 112152.0 115.1 149935.3 92035.0 62.9 23318.2 8045.0 189.8 22587.3 14537.0 55.4 37234.6 26981.0 38.0 3241757.5 3222134.0 0.6 427246.9 513669.0 16.8 221929.4 1407.0 15673.2 656122.7 562130.0 16.7 5094132.2 4603066.0 10.67
