year month house_pred houseCooking_pred houseJHeating_pred salesOne_pred salesTwo_pred bizHeating_pred bizCooling_pred industry_pred heatFacility_pred heatCombined_pred CNG_pred pred_sum
2019 10 75074.8 49339.7 487000.5 215686.6 20197.9 71937.5 3596.1 3640336.2 493133.6 78462.9 597878.8 5732644.6
2019 11 124817.5 47125.2 668124.7 257932.9 19573.2 152571.9 0.0 3981213.9 850979.0 228231.6 605857.8 6936427.6
2019 12 251822.4 47749.1 1232267.0 314027.8 31417.0 262250.5 0.0 4454833.6 1455381.1 92671.8 668228.3 8810648.5
2020 1 237665.3 57314.9 1143111.6 365632.4 29320.7 293192.1 0.0 4595217.6 1573038.8 537.7 746877.7 9041908.9
2020 2 227743.3 54503.4 1068145.2 322432.9 26973.1 251545.8 0.0 4181105.1 1464498.4 1415.3 701132.0 8299494.6
2020 3 164035.7 58143.1 793469.4 327036.7 21542.1 220426.6 0.0 4273179.7 1213134.5 1355.6 717618.3 7789941.7
2020 4 90391.7 53350.2 516561.4 261275.5 16593.1 115264.7 566.3 3916161.3 789155.9 1613.5 703372.5 6464306.3
2020 5 60835.8 51127.5 351729.5 221430.4 19067.8 50200.6 13544.6 4157500.5 554787.0 1480.3 736273.4 6217977.6
2020 6 27801.7 53520.4 211768.2 208095.9 14067.2 32441.0 38251.7 3481996.3 467943.9 47608.9 711457.6 5294952.9
2020 7 20075.1 57466.5 166666.0 189244.8 13401.4 23048.7 72169.4 3463584.2 592562.9 364667.3 756566.3 5719452.6
2020 8 21019.0 53588.1 175049.9 159249.6 16978.9 17932.9 74255.1 3431819.5 573138.8 678104.4 716879.5 5918015.8
2020 9 29422.0 52263.6 207772.0 164545.4 19586.1 24078.4 41194.1 3599023.3 453482.4 411606.4 748560.3 5751533.9
2020 10 84179.4 56391.4 465948.2 234966.2 20486.4 76685.5 6277.6 3964947.3 498380.0 151026.4 641005.4 6200293.8
2020 11 152442.1 52918.3 721342.2 273831.9 20466.4 154424.6 0.0 4326382.6 857851.2 300927.4 660589.1 7521175.9
2020 12 315944.2 53019.2 1397685.5 353711.6 32614.8 283622.2 0.0 4581683.7 1521262.7 131854.3 691663.5 9363061.8
2021 1 292146.6 66258.8 1268526.0 414338.8 33070.5 321033.7 0.0 4906604.4 1587844.5 541.3 844753.7 9735118.3
2021 2 261493.7 60994.2 1119109.7 361746.9 29469.1 276907.4 0.0 4311141.0 1465777.1 1479.5 769211.4 8657330.0
2021 3 180309.3 65677.3 867007.9 364271.1 23984.2 232912.6 0.0 4610582.3 1214141.8 1714.4 807449.7 8368050.6
2021 4 104303.5 60282.5 554110.6 292124.0 18990.5 122896.6 763.0 4283801.1 799939.1 2436.1 786504.9 7026152.0
2021 5 63101.6 57922.0 376292.5 252045.7 21321.7 55513.1 15216.1 4511303.3 576439.4 2118.5 831938.8 6763212.8
2021 6 33598.7 60097.5 240897.5 223892.6 19491.7 34159.7 40967.0 3722578.6 476058.2 35664.0 797429.7 5684835.2
2021 7 23613.3 63827.8 181527.6 206717.5 17294.8 24485.2 76499.3 3647875.2 596515.8 312480.8 838963.5 5989800.8
2021 8 24845.6 58913.8 194980.3 177327.4 21718.6 19154.2 81301.7 3665799.4 575942.0 745653.2 769574.4 6335210.7
2021 9 34731.4 59089.6 228647.8 180281.8 25444.4 25900.1 44817.7 3821495.8 480933.6 356633.3 838512.8 6096488.4
