year month date avgTemp maxTemp minTemp
2014 01 01 5.20 10.60 0.90
2014 01 02 4.30 10.30 -0.50
2014 01 03 4.50 11.80 -0.90
2014 01 04 2.40 6.70 -0.90
2014 01 05 1.20 7.60 -3.50
2014 01 06 2.30 8.80 -3.20
2014 01 07 3.80 9.60 -2.20
2014 01 08 2.90 6.00 -0.70
2014 01 09 -3.40 -0.60 -6.60
2014 01 10 -1.90 3.50 -7.30
2014 01 11 1.10 5.60 -2.40
2014 01 12 0.70 6.00 -2.80
2014 01 13 -2.50 2.60 -6.20
2014 01 14 -1.30 4.10 -6.20
2014 01 15 -0.60 4.70 -4.60
2014 01 16 0.40 6.50 -5.10
2014 01 17 1.70 7.50 -3.10
2014 01 18 0.80 4.30 -1.90
2014 01 19 0.20 6.40 -5.30
2014 01 20 2.20 7.80 -1.80
2014 01 21 -2.30 0.10 -4.40
2014 01 22 -1.20 3.70 -5.50
2014 01 23 0.40 7.90 -5.60
2014 01 24 6.80 13.60 0.10
2014 01 25 9.10 12.80 3.60
2014 01 26 1.80 8.20 -2.10
2014 01 27 2.70 10.60 -4.50
2014 01 28 3.70 10.40 -0.60
2014 01 29 5.50 14.20 -3.80
2014 01 30 6.90 9.10 3.00
2014 01 31 6.30 13.80 -0.60
2014 02 01 12.00 20.50 5.00
2014 02 02 10.90 14.90 7.20
2014 02 03 2.80 7.60 -3.20
2014 02 04 -4.20 -0.60 -6.60
2014 02 05 -2.10 2.70 -5.90
2014 02 06 1.80 5.90 -1.40
2014 02 07 4.70 8.30 0.90
2014 02 08 2.70 3.80 1.50
2014 02 09 0.20 3.50 -1.80
2014 02 10 1.40 5.80 -2.60
2014 02 11 3.10 9.30 -1.80
2014 02 12 3.40 8.80 0.30
2014 02 13 3.70 8.90 -0.80
2014 02 14 3.60 9.10 -0.20
2014 02 15 3.30 10.30 -2.30
2014 02 16 5.40 12.30 -1.50
2014 02 17 5.70 9.30 2.80
2014 02 18 3.80 8.30 0.90
2014 02 19 3.20 9.20 -1.40
2014 02 20 2.40 9.00 -2.00
2014 02 21 1.80 8.80 -2.70
2014 02 22 3.60 10.90 -2.50
2014 02 23 5.30 13.50 -1.20
2014 02 24 6.60 15.00 -0.40
2014 02 25 8.90 16.30 1.40
2014 02 26 8.20 11.30 6.70
2014 02 27 8.40 15.80 5.10
2014 02 28 8.00 11.70 4.20
2014 03 01 6.50 9.00 3.30
2014 03 02 5.70 11.40 1.20
2014 03 03 6.70 13.80 0.00
2014 03 04 6.60 11.70 2.00
2014 03 05 3.50 7.90 0.50
2014 03 06 2.00 7.10 -2.30
2014 03 07 2.70 7.70 -0.60
2014 03 08 2.90 8.70 -2.80
2014 03 09 2.70 7.70 -0.30
2014 03 10 2.80 9.20 -2.20
2014 03 11 5.80 15.70 -2.50
2014 03 12 8.40 11.90 4.00
2014 03 13 5.30 8.50 3.10
2014 03 14 4.20 8.80 1.80
2014 03 15 7.50 15.60 0.00
2014 03 16 11.70 19.90 4.90
2014 03 17 13.30 21.90 7.20
2014 03 18 12.60 18.00 7.60
2014 03 19 10.80 16.10 6.20
2014 03 20 7.20 12.00 4.70
2014 03 21 6.20 10.40 2.90
2014 03 22 8.50 17.10 0.20
2014 03 23 10.40 19.10 3.60
2014 03 24 11.80 19.60 3.00
2014 03 25 13.90 15.30 13.30
2014 03 26 13.80 18.90 10.90
2014 03 27 14.00 22.20 8.40
2014 03 28 16.70 26.20 9.10
2014 03 29 15.40 17.50 13.50
2014 03 30 13.90 19.60 9.90
2014 03 31 13.40 21.90 7.90
2014 04 01 15.20 24.00 7.30
2014 04 02 15.50 24.50 8.30
2014 04 03 11.90 20.40 6.00
2014 04 04 8.00 12.40 4.40
2014 04 05 7.10 13.00 4.20
2014 04 06 8.30 13.90 4.10
2014 04 07 11.00 19.00 4.30
2014 04 08 13.20 22.30 4.40
2014 04 09 13.40 22.40 7.30
2014 04 10 14.70 24.80 7.30
2014 04 11 15.80 21.00 11.90
2014 04 12 16.50 22.30 12.10
2014 04 13 13.90 18.30 10.60
2014 04 14 15.00 23.70 8.00
2014 04 15 15.80 24.20 8.90
2014 04 16 17.30 25.80 12.70
2014 04 17 12.40 18.50 9.40
2014 04 18 13.90 17.40 11.40
2014 04 19 14.50 18.60 12.40
2014 04 20 15.20 22.20 10.50
2014 04 21 16.50 23.10 10.40
2014 04 22 17.00 22.60 13.60
2014 04 23 16.80 25.30 8.90
2014 04 24 18.60 26.70 11.50
2014 04 25 18.40 28.00 10.70
2014 04 26 18.00 23.80 12.00
2014 04 27 15.70 18.10 13.50
2014 04 28 15.00 18.20 12.40
2014 04 29 14.20 17.00 12.30
2014 04 30 14.90 20.40 11.30
2014 05 01 16.20 23.90 9.50
2014 05 02 17.10 26.40 10.30
2014 05 03 14.90 21.70 8.60
2014 05 04 13.90 21.60 9.40
2014 05 05 11.90 17.80 7.00
2014 05 06 14.00 21.30 7.00
2014 05 07 16.00 23.90 7.20
2014 05 08 15.90 20.00 10.40
2014 05 09 17.30 25.10 8.70
2014 05 10 19.40 27.60 11.90
2014 05 11 18.60 24.30 15.80
2014 05 12 18.10 23.40 14.30
2014 05 13 20.10 27.70 12.70
2014 05 14 17.00 19.10 15.00
2014 05 15 18.40 24.00 14.00
2014 05 16 19.00 26.80 12.20
2014 05 17 20.20 28.30 13.80
2014 05 18 20.60 28.30 13.70
2014 05 19 21.40 29.10 13.30
2014 05 20 18.10 21.70 16.10
2014 05 21 18.60 25.20 13.70
2014 05 22 21.20 28.80 13.00
2014 05 23 22.50 27.60 18.50
2014 05 24 22.40 28.50 17.30
2014 05 25 20.30 23.40 18.70
2014 05 26 21.40 26.70 17.30
2014 05 27 22.60 29.80 14.80
2014 05 28 22.30 28.10 17.70
2014 05 29 23.70 33.30 16.90
2014 05 30 24.90 33.50 16.50
2014 05 31 25.70 33.50 18.30
2014 06 01 23.90 28.90 19.80
2014 06 02 20.60 23.40 18.30
2014 06 03 19.60 23.30 18.20
2014 06 04 22.50 28.50 18.30
2014 06 05 22.70 26.80 19.00
2014 06 06 22.40 28.10 19.40
2014 06 07 22.40 29.20 17.60
2014 06 08 22.40 27.70 19.40
2014 06 09 22.70 27.20 19.40
2014 06 10 23.70 28.70 19.70
2014 06 11 23.20 28.70 19.70
2014 06 12 19.60 24.80 16.50
2014 06 13 22.00 26.80 18.10
2014 06 14 22.60 28.70 18.90
2014 06 15 22.90 29.10 17.10
2014 06 16 23.60 30.50 18.70
2014 06 17 21.60 26.00 19.60
2014 06 18 23.30 30.30 18.10
2014 06 19 23.80 30.60 19.00
2014 06 20 23.80 28.70 18.80
2014 06 21 22.40 25.40 20.80
2014 06 22 23.00 27.50 19.70
2014 06 23 22.20 26.60 20.10
2014 06 24 23.00 28.70 19.50
2014 06 25 23.10 28.70 18.40
2014 06 26 24.20 30.30 19.80
2014 06 27 25.20 32.10 20.00
2014 06 28 24.50 30.20 20.50
2014 06 29 24.50 30.10 20.30
2014 06 30 25.10 30.70 20.60
2014 07 01 25.40 32.00 20.30
2014 07 02 21.80 27.50 18.20
2014 07 03 20.70 22.40 18.50
2014 07 04 22.90 26.60 20.80
2014 07 05 23.70 27.20 20.90
2014 07 06 20.00 21.80 17.70
2014 07 07 22.80 25.80 19.90
2014 07 08 26.10 31.80 22.10
2014 07 09 26.40 29.60 24.40
2014 07 10 26.90 31.60 24.20
2014 07 11 26.80 32.60 22.40
2014 07 12 25.20 29.60 21.30
2014 07 13 23.40 28.60 19.70
2014 07 14 25.80 31.90 21.90
2014 07 15 24.30 27.10 22.70
2014 07 16 24.60 28.80 21.60
2014 07 17 22.30 24.10 21.10
2014 07 18 24.60 28.00 22.10
2014 07 19 25.00 30.70 21.80
2014 07 20 27.10 32.70 23.50
2014 07 21 27.30 33.00 24.00
2014 07 22 26.60 31.10 23.00
2014 07 23 27.90 32.80 24.60
2014 07 24 29.10 33.50 26.20
2014 07 25 28.70 33.10 25.90
2014 07 26 25.20 29.80 22.20
2014 07 27 24.60 30.70 18.70
2014 07 28 22.40 27.40 18.80
2014 07 29 25.80 31.20 19.30
2014 07 30 29.00 34.10 23.90
2014 07 31 30.10 36.50 25.20
2014 08 01 27.40 31.90 24.60
2014 08 02 25.40 28.30 23.20
2014 08 03 25.10 26.30 23.50
2014 08 04 24.00 24.60 23.40
2014 08 05 27.30 32.30 23.40
2014 08 06 26.80 31.90 23.60
2014 08 07 24.10 26.80 22.50
2014 08 08 25.10 30.40 22.40
2014 08 09 26.10 31.40 21.50
2014 08 10 24.60 28.90 22.10
2014 08 11 24.20 29.30 20.70
2014 08 12 25.30 31.30 19.50
2014 08 13 24.60 27.60 22.60
2014 08 14 21.90 23.40 20.00
2014 08 15 24.50 29.40 21.30
2014 08 16 25.40 30.90 21.30
2014 08 17 23.40 26.30 21.30
2014 08 18 23.30 27.30 20.70
2014 08 19 23.10 26.10 21.70
2014 08 20 23.70 26.50 22.00
2014 08 21 23.80 27.10 22.60
2014 08 22 25.00 30.80 21.70
2014 08 23 25.20 30.50 20.70
2014 08 24 23.60 26.20 22.20
2014 08 25 24.50 27.00 22.80
2014 08 26 25.10 29.00 22.40
2014 08 27 23.90 28.00 21.70
2014 08 28 22.20 23.90 21.10
2014 08 29 22.40 27.40 18.50
2014 08 30 23.20 29.00 18.40
2014 08 31 22.40 26.50 19.90
2014 09 01 23.50 29.90 17.80
2014 09 02 21.60 25.40 19.10
2014 09 03 22.80 24.60 21.00
2014 09 04 23.80 29.00 20.40
2014 09 05 24.00 30.20 18.00
2014 09 06 24.70 30.40 20.90
2014 09 07 25.10 31.00 21.10
2014 09 08 24.20 31.20 20.50
2014 09 09 22.50 28.50 18.00
2014 09 10 21.90 27.50 16.80
2014 09 11 22.90 29.50 16.70
2014 09 12 21.80 25.90 19.70
2014 09 13 23.20 29.00 17.40
2014 09 14 22.30 28.00 17.80
2014 09 15 22.40 28.40 18.90
2014 09 16 22.50 29.30 18.30
2014 09 17 21.90 26.90 18.90
2014 09 18 21.90 26.10 17.80
2014 09 19 20.20 24.40 17.00
2014 09 20 21.00 27.40 15.00
2014 09 21 22.10 28.30 16.10
2014 09 22 22.20 29.90 15.90
2014 09 23 21.20 26.20 17.50
2014 09 24 20.30 22.80 17.70
2014 09 25 21.10 27.20 16.70
2014 09 26 21.50 27.90 17.50
2014 09 27 21.60 27.40 17.50
2014 09 28 22.80 29.10 17.00
2014 09 29 20.70 22.50 18.90
2014 09 30 20.60 25.30 16.70
2014 10 01 20.70 26.20 16.90
2014 10 02 20.10 25.60 15.60
2014 10 03 17.40 21.00 13.20
2014 10 04 17.80 25.00 11.50
2014 10 05 17.90 24.60 12.50
2014 10 06 16.70 22.40 12.20
2014 10 07 17.00 24.00 11.30
2014 10 08 17.50 24.10 11.70
2014 10 09 18.50 25.30 13.00
2014 10 10 19.90 29.10 12.90
2014 10 11 20.30 27.80 14.40
2014 10 12 17.50 20.10 15.20
2014 10 13 17.80 22.30 14.40
2014 10 14 15.20 21.50 11.30
2014 10 15 13.90 21.50 8.50
2014 10 16 13.70 20.00 9.00
2014 10 17 14.20 22.70 6.10
2014 10 18 14.90 24.10 6.80
2014 10 19 17.10 25.30 8.80
2014 10 20 18.90 20.40 17.30
2014 10 21 19.40 23.00 15.00
2014 10 22 15.00 20.30 12.10
2014 10 23 14.80 20.30 10.30
2014 10 24 15.30 22.10 9.90
2014 10 25 15.40 23.40 9.00
2014 10 26 16.20 23.00 10.30
2014 10 27 13.40 19.20 8.90
2014 10 28 12.20 20.90 5.30
2014 10 29 13.10 19.20 7.40
2014 10 30 14.80 21.50 8.70
2014 10 31 13.30 15.10 11.50
2014 11 01 15.20 17.60 12.90
2014 11 02 12.40 15.60 10.90
2014 11 03 10.30 15.00 6.10
2014 11 04 10.60 18.40 4.00
2014 11 05 11.20 18.70 5.00
2014 11 06 13.30 19.20 9.00
2014 11 07 11.90 17.90 7.70
2014 11 08 11.60 14.50 8.40
2014 11 09 11.50 15.60 7.60
2014 11 10 10.60 18.00 5.40
2014 11 11 9.80 16.70 4.10
2014 11 12 9.40 13.70 6.10
2014 11 13 4.30 6.40 2.40
2014 11 14 6.40 11.50 2.90
2014 11 15 6.70 11.30 1.90
2014 11 16 9.50 14.40 5.80
2014 11 17 7.80 12.80 5.30
2014 11 18 7.00 12.20 3.30
2014 11 19 6.50 14.30 0.30
2014 11 20 8.10 15.80 1.90
2014 11 21 9.40 16.60 3.30
2014 11 22 11.00 17.90 5.30
2014 11 23 12.20 17.10 6.70
2014 11 24 11.80 13.50 10.90
2014 11 25 11.70 16.00 8.10
2014 11 26 11.50 16.90 8.90
2014 11 27 10.20 16.80 4.70
2014 11 28 12.20 14.80 8.30
2014 11 29 12.10 16.40 9.20
2014 11 30 12.00 14.60 9.20
2014 12 01 3.50 10.50 -0.70
2014 12 02 -1.90 0.50 -3.70
2014 12 03 2.80 6.60 -2.00
2014 12 04 1.20 5.40 -0.70
2014 12 05 -1.90 1.70 -3.80
2014 12 06 -0.80 3.10 -4.50
2014 12 07 1.10 5.90 -2.10
2014 12 08 1.70 6.60 -0.90
2014 12 09 1.10 6.90 -3.60
2014 12 10 4.60 7.30 -0.10
2014 12 11 3.30 7.60 -1.30
2014 12 12 0.80 4.40 -1.50
2014 12 13 -0.70 1.50 -3.80
2014 12 14 0.50 5.20 -2.90
2014 12 15 4.00 9.50 -1.50
2014 12 16 0.40 6.10 -3.30
2014 12 17 -4.50 -2.00 -6.70
2014 12 18 -2.20 1.60 -4.50
2014 12 19 0.40 4.90 -5.90
2014 12 20 2.10 5.20 -0.10
2014 12 21 -1.50 2.20 -3.40
2014 12 22 -0.10 3.40 -4.30
2014 12 23 2.70 8.10 -1.70
2014 12 24 4.70 10.20 1.50
2014 12 25 1.30 4.40 -1.30
2014 12 26 -0.20 5.10 -3.90
2014 12 27 1.30 9.50 -4.20
2014 12 28 1.40 6.90 -3.40
2014 12 29 4.50 9.30 0.60
2014 12 30 5.50 11.60 2.00
2014 12 31 1.30 4.40 -2.70
