year month date house_pred house_true houseCooking_pred houseCooking_true houseJHeating_pred houseJHeating_true salesOne_pred salesOne_true salesTwo_pred salesTwo_true bizHeating_pred bizHeating_true bizCooling_pred bizCooling_true industry_pred industry_true heatFacility_pred heatFacility_true heatCombined_pred heatCombined_true CNG_pred CNG_true pred_sum true_sum
2019 7 1 741.3 495.0 1517.4 1287.0 7900.9 4322.0 5577.5 3614.0 521.3 175.0 817.6 468.0 1429.0 2002.0 105341.6 112133.0 15171.6 22686.0 4231.9 10.0 21462.3 20317.0 164712.5 167509.0
2019 7 2 775.2 447.0 1758.3 1075.0 7900.9 3869.0 6374.2 3261.0 521.3 158.0 926.6 422.0 1723.4 1842.0 110845.6 100443.0 17764.3 20321.0 4168.3 9.0 28146.7 18199.0 180904.8 150046.0
2019 7 3 802.3 440.0 1599.4 1048.0 7900.9 3807.0 5882.9 3240.0 521.3 155.0 838.9 415.0 1635.2 1812.0 110150.1 99019.0 16030.0 20033.0 5314.0 9.0 21152.0 17941.0 171826.9 147919.0
2019 7 4 895.1 454.0 1621.6 1074.0 7900.9 3886.0 5926.1 3334.0 521.3 159.0 809.9 427.0 1816.5 1864.0 114612.3 101585.0 16001.5 20552.0 5301.3 9.0 15551.7 18406.0 170958.3 151750.0
2019 7 5 890.2 645.0 1453.1 1517.0 7900.9 5456.0 4804.9 4728.0 517.4 226.0 641.5 606.0 1633.9 2644.0 108932.1 143539.0 16616.4 29039.0 5592.9 16.0 21983.0 26007.0 170966.4 214423.0
2019 7 6 635.0 447.0 1370.3 1041.0 6862.5 3692.0 4625.3 3278.0 456.1 157.0 617.5 420.0 1570.1 1831.0 94417.8 98579.0 15693.3 19943.0 6328.6 11.0 21487.1 17861.0 154063.5 147260.0
2019 7 7 688.0 368.0 1632.3 839.0 6862.5 2959.0 5529.6 2699.0 456.1 129.0 738.6 346.0 1848.6 1509.0 106905.7 80279.0 18377.3 16241.0 6497.2 9.0 18474.3 14545.0 168010.2 119923.0
2019 7 8 710.8 492.0 1492.8 1118.0 7900.9 3941.0 5047.0 3609.0 521.3 173.0 671.0 462.0 1702.7 2017.0 105341.6 107158.0 16915.5 21679.0 6348.9 12.0 21514.7 19416.0 168167.2 160077.0
2019 7 9 797.3 443.0 1818.8 1015.0 7900.9 3539.0 6087.3 3245.0 521.3 155.0 801.7 416.0 2167.5 1814.0 102460.2 96410.0 20869.9 19505.0 6979.7 11.0 30137.8 17468.0 180542.3 144021.0
2019 7 10 608.3 456.0 1623.3 1057.0 5803.8 3566.0 5469.6 3330.0 439.9 159.0 705.9 426.0 2030.6 1861.0 111489.4 98479.0 18583.3 19923.0 7728.5 11.0 23734.7 17843.0 178217.3 147111.0
2019 7 11 580.5 475.0 1570.8 1106.0 5697.1 3734.0 5406.1 3486.0 439.9 167.0 699.6 446.0 2008.1 1948.0 102888.4 103083.0 17469.3 20855.0 6997.0 11.0 15088.0 18677.0 158844.9 153988.0
2019 7 12 603.2 639.0 1452.9 1592.0 5697.1 5306.0 4703.7 5069.0 439.9 244.0 584.4 653.0 1874.5 2848.0 102888.4 148337.0 17714.1 30010.0 7049.2 16.0 22806.0 26877.0 165813.5 221591.0
2019 7 13 540.9 589.0 1400.6 1452.0 5561.8 4786.0 4644.3 4648.0 439.9 224.0 571.7 600.0 1873.7 2618.0 86758.9 135339.0 17203.8 27380.0 8946.7 15.0 21762.2 24522.0 149704.6 202173.0
2019 7 14 558.0 384.0 1593.0 978.0 5561.8 3225.0 5346.3 3142.0 439.9 151.0 668.6 403.0 2077.6 1760.0 98689.3 91127.0 19065.9 18436.0 8533.4 10.0 17382.0 16511.0 159915.8 136127.0
2019 7 15 616.5 517.0 1550.4 1310.0 5697.1 4339.0 5152.0 4252.0 439.9 204.0 638.2 546.0 2058.1 2382.0 101822.3 122934.0 18851.3 24871.0 8602.6 13.0 22800.1 22274.0 168228.7 183642.0
2019 7 16 591.0 428.0 1722.9 1079.0 5697.1 3432.0 5701.6 3588.0 439.9 171.0 716.1 459.0 2309.0 2004.0 102460.2 101262.0 21025.6 20486.0 9064.5 11.0 26287.9 18347.0 176015.7 151267.0
2019 7 17 685.8 412.0 1694.6 1030.0 6534.0 3211.0 5654.6 3456.0 521.3 165.0 709.2 443.0 2318.8 1932.0 102172.4 96603.0 20750.9 19544.0 10527.8 11.0 26039.6 17503.0 177609.0 144310.0
2019 7 18 685.8 521.0 1504.1 1395.0 6534.0 4306.0 5108.7 4753.0 521.3 225.0 646.2 601.0 2034.9 2629.0 102888.4 130911.0 17950.4 26485.0 9734.5 14.0 15919.9 23719.0 163528.1 195559.0
2019 7 19 618.9 350.0 1439.4 1039.0 5803.8 3217.0 4840.2 3556.0 439.9 156.0 611.9 450.0 1945.0 1976.0 109674.6 97472.0 17511.8 19719.0 6966.2 11.0 20502.7 17661.0 170354.3 145607.0
2019 7 20 556.6 459.0 1428.8 1362.0 5668.5 4219.0 4835.1 4663.0 439.9 204.0 606.8 589.0 1989.0 2590.0 86758.9 127800.0 17435.1 25855.0 9460.3 14.0 21195.1 23156.0 150374.1 190911.0
2019 7 21 585.8 275.0 1682.9 817.0 5668.5 2530.0 5759.0 2797.0 439.9 123.0 731.3 354.0 2281.9 1554.0 98689.3 76654.0 20025.7 15508.0 9582.7 8.0 17682.8 13889.0 163129.8 114509.0
2019 7 22 616.7 327.0 1590.2 970.0 5803.8 3005.0 5355.8 3325.0 439.9 146.0 672.0 420.0 2180.5 1847.0 101067.2 91079.0 19330.5 18426.0 8619.3 10.0 24263.2 16502.0 169939.0 136057.0
2019 7 23 606.7 327.0 1659.3 973.0 5803.8 3029.0 5599.1 3333.0 439.9 146.0 713.7 421.0 2275.0 1847.0 102502.8 91418.0 19961.2 18495.0 9025.8 10.0 21895.1 16564.0 170482.4 136563.0
2019 7 24 577.4 358.0 1781.8 1063.0 5645.7 3291.0 5964.2 3673.0 439.9 158.0 758.9 457.0 2494.2 2006.0 110549.9 99853.0 21718.1 20201.0 10793.1 11.0 27833.6 18092.0 188556.8 149163.0
2019 7 25 577.4 432.0 1429.5 1283.0 5645.7 3973.0 4849.3 4434.0 439.9 191.0 619.5 552.0 1960.7 2422.0 107630.4 120536.0 16921.3 24385.0 8921.8 13.0 14659.3 21839.0 163654.8 180060.0
2019 7 26 588.1 329.0 1481.5 976.0 5645.7 3028.0 4925.2 3380.0 439.9 146.0 616.5 421.0 2097.1 1846.0 104832.4 91861.0 17913.6 18584.0 8123.5 10.0 20811.0 16644.0 167474.4 137225.0
2019 7 27 482.2 443.0 1516.8 1308.0 5510.4 4075.0 5023.2 4555.0 439.9 196.0 619.9 566.0 2184.7 2485.0 86758.9 123644.0 18437.7 25014.0 11476.7 14.0 22793.6 22403.0 155243.9 184703.0
2019 7 28 511.3 243.0 1713.2 707.0 5510.4 2212.0 5696.1 2406.0 439.9 108.0 710.4 280.0 2409.5 1418.0 98689.3 66857.0 20326.1 13526.0 10422.2 4.0 18299.4 12114.0 164727.8 99875.0
2019 7 29 492.8 356.0 1625.2 1039.0 5118.8 3269.0 5293.7 3555.0 429.6 159.0 647.9 380.0 2385.5 2096.0 100161.1 98406.0 19652.2 19909.0 13303.7 6.0 26800.2 17830.0 175910.7 147005.0
2019 7 30 539.3 341.0 1550.4 997.0 5645.7 3132.0 5219.5 3425.0 439.9 152.0 653.9 364.0 2324.1 2007.0 101596.8 94457.0 18672.0 19110.0 13495.8 6.0 18245.2 17115.0 168382.6 141106.0
2019 7 31 577.4 347.0 1714.2 1009.0 5645.7 3183.0 5698.6 3438.0 439.9 155.0 708.7 369.0 2590.3 2040.0 108505.8 95552.0 21070.7 19332.0 15016.7 6.0 27266.9 17313.0 189234.9 142744.0
2019 8 1 539.1 385.0 1481.1 1358.0 5375.5 3470.0 5066.1 3778.0 615.1 193.0 643.7 396.0 2264.8 2469.0 106340.7 121185.0 17581.2 24316.0 13375.1 13056.0 13441.4 22604.0 166723.8 193210.0
2019 8 2 597.0 282.0 1319.5 985.0 5896.7 2537.0 4386.3 2765.0 615.1 141.0 543.9 290.0 2038.1 1808.0 106108.9 88589.0 16022.7 17775.0 10388.6 9544.0 18924.3 16524.0 166841.1 141240.0
2019 8 3 537.2 382.0 1429.6 1337.0 6064.8 3386.0 4680.5 3742.0 615.1 280.0 575.3 392.0 2197.3 2446.0 80447.5 120323.0 17424.1 24143.0 13589.7 12963.0 21665.4 22444.0 149226.4 191838.0
2019 8 4 470.9 240.0 1651.7 838.0 5053.2 2107.0 5470.0 2357.0 615.1 176.0 676.8 247.0 2530.6 1541.0 99621.8 75503.0 19750.6 15150.0 13805.8 8134.0 18610.4 14083.0 168256.8 120376.0
2019 8 5 444.1 282.0 1604.6 978.0 4649.8 2441.0 5141.9 2768.0 594.6 207.0 622.7 290.0 2527.0 1809.0 104790.1 88255.0 19498.4 17708.0 18031.5 9508.0 26868.9 16462.0 184773.6 140708.0
2019 8 6 425.3 297.0 1556.8 1023.0 4582.0 2541.0 5256.6 2910.0 594.6 218.0 645.9 305.0 2548.7 1902.0 108580.9 92484.0 18933.3 18557.0 18217.0 9964.0 18562.1 17251.0 179903.1 147452.0
2019 8 7 539.1 296.0 1584.2 1012.0 5299.6 2495.0 5214.0 2899.0 615.1 217.0 634.6 304.0 2548.7 1895.0 108370.4 91706.0 19474.4 18401.0 17502.0 9880.0 26274.1 17106.0 188056.2 146211.0
2019 8 8 592.0 392.0 1456.9 1327.0 5896.7 3307.0 4997.6 3841.0 615.1 288.0 615.7 402.0 2387.8 2512.0 109143.8 121385.0 17190.7 24356.0 15563.1 13077.0 11614.9 22642.0 170074.2 193529.0
2019 8 9 638.9 292.0 1225.3 953.0 6064.8 2465.0 4129.4 2865.0 615.1 214.0 497.3 300.0 1991.3 1873.0 101576.1 90156.0 14828.1 18090.0 12154.7 9713.0 16603.6 16817.0 160324.4 143738.0
2019 8 10 537.2 371.0 1419.7 1208.0 6064.8 3105.0 4670.1 3637.0 615.1 272.0 558.2 381.0 2272.5 2378.0 70897.1 114194.0 17361.6 22913.0 16052.8 12302.0 22501.2 21300.0 142950.4 182061.0
2019 8 11 584.3 222.0 1461.8 710.0 6016.1 1837.0 4950.1 2138.0 615.1 160.0 599.6 225.0 2384.1 1401.0 91137.4 67326.0 17587.2 13509.0 15171.2 7253.0 17587.7 12558.0 158094.5 107339.0
2019 8 12 629.9 215.0 1519.7 685.0 6083.9 1777.0 4685.3 2058.0 615.1 154.0 554.7 217.0 2364.7 1350.0 99915.3 64927.0 18311.2 13027.0 20835.7 6995.0 25021.2 12111.0 180536.8 103516.0
2019 8 13 611.2 385.0 1571.2 1224.0 6016.1 3174.0 5040.1 3678.0 615.1 276.0 608.4 387.0 2509.5 2411.0 103338.5 116000.0 18780.5 23275.0 21098.5 12497.0 19335.6 21637.0 179524.6 184944.0
2019 8 14 638.9 284.0 1553.2 896.0 6016.1 2283.0 4838.9 2716.0 615.1 204.0 575.5 286.0 2445.8 1780.0 108506.4 84961.0 18665.3 17047.0 19676.7 9153.0 25328.0 15848.0 188859.8 135458.0
2019 8 15 638.9 285.0 1261.9 901.0 6016.1 2287.0 3935.0 2712.0 615.1 204.0 470.5 286.0 1977.4 1783.0 104601.5 85069.0 15099.0 17069.0 16745.6 9165.0 18556.0 15868.0 169916.9 135629.0
2019 8 16 638.9 305.0 1135.3 1004.0 6016.1 2556.0 3705.0 3022.0 615.1 228.0 453.4 319.0 1842.0 1991.0 105587.2 94791.0 13392.4 19020.0 8576.6 10212.0 12337.3 17681.0 154299.4 151129.0
2019 8 17 520.7 404.0 1321.0 1299.0 5589.7 3347.0 4134.5 3852.0 615.1 296.0 494.7 415.0 2096.2 2584.0 75834.8 122662.0 16020.9 24612.0 11419.3 13215.0 21491.7 22880.0 139538.4 195566.0
2019 8 18 567.8 322.0 1405.0 1012.0 5589.7 2629.0 4535.4 2949.0 615.1 232.0 553.7 325.0 2269.6 2025.0 92433.1 95494.0 16703.3 19161.0 11230.1 10288.0 16901.3 17812.0 152804.2 152249.0
2019 8 19 629.9 209.0 1492.4 652.0 6083.9 1702.0 4615.1 1892.0 615.1 150.0 554.7 211.0 2367.8 1310.0 101470.3 61610.0 18218.0 12362.0 13339.3 6637.0 25655.6 11492.0 175042.1 98227.0
2019 8 20 594.6 314.0 1501.9 971.0 5589.7 2545.0 4672.7 2777.0 615.1 231.0 568.2 319.0 2367.8 1958.0 102501.2 91683.0 17889.1 18396.0 13175.7 9877.0 20719.4 17101.0 170195.6 146172.0
2019 8 21 622.4 324.0 1540.9 999.0 5589.7 2621.0 4846.6 2859.0 615.1 238.0 593.3 329.0 2462.5 2016.0 109432.9 94389.0 18223.1 18939.0 11748.7 10169.0 21051.7 17606.0 176726.9 150489.0
2019 8 22 638.9 477.0 1421.6 1471.0 6016.1 3884.0 4463.3 4207.0 615.1 350.0 545.5 484.0 2239.8 2967.0 104601.5 139195.0 16772.2 27929.0 12149.8 14996.0 17126.1 25964.0 166589.8 221924.0
2019 8 23 622.4 363.0 1285.5 1113.0 5933.6 2939.0 4111.9 3183.0 615.1 265.0 512.3 366.0 2088.5 2245.0 107142.2 105340.0 15197.7 21136.0 9656.5 11349.0 14925.1 19649.0 162090.9 167948.0
2019 8 24 520.7 339.0 1371.2 1041.0 5589.7 2739.0 4236.4 3001.0 615.1 247.0 515.7 341.0 2172.4 2092.0 75834.8 98569.0 16547.1 19778.0 11702.7 10619.0 21590.7 18386.0 140696.4 157152.0
2019 8 25 758.2 310.0 1424.0 950.0 6658.3 2501.0 4522.1 2738.0 620.4 225.0 561.1 311.0 2301.3 1909.0 96230.8 89956.0 16913.8 18050.0 11036.6 9691.0 17695.6 16779.0 158722.2 143420.0
2019 8 26 946.0 444.0 1507.2 1360.0 9635.1 3583.0 4674.6 3923.0 641.6 322.0 572.5 446.0 2409.6 2736.0 105116.0 128882.0 18216.2 25860.0 12412.1 13885.0 23836.0 24040.0 179966.8 205481.0
2019 8 27 1008.2 338.0 1560.7 1036.0 9635.1 2731.0 4925.2 2989.0 641.6 246.0 612.1 340.0 2369.1 2084.0 112953.3 98196.0 18836.7 19703.0 12840.2 10579.0 24352.9 18316.0 189735.2 156558.0
2019 8 28 847.1 377.0 1631.6 1155.0 8073.3 3041.0 5385.6 3333.0 641.6 273.0 677.0 378.0 2298.3 2320.0 113968.1 109408.0 19481.0 21953.0 12700.7 11787.0 22034.1 20408.0 187738.4 174433.0
2019 8 29 997.9 429.0 1421.6 1314.0 9635.1 3462.0 4820.6 3794.0 641.6 311.0 619.7 430.0 1877.4 2640.0 115896.6 124521.0 15517.5 24985.0 9990.9 13415.0 16197.0 23227.0 177615.8 198528.0
2019 8 30 969.9 571.0 1394.5 1660.0 8564.3 4605.0 4752.3 5165.0 641.6 414.0 619.4 689.0 1829.3 2518.0 112300.1 157380.0 15303.7 31578.0 8225.6 16980.0 18246.3 29356.0 172847.0 250916.0
2019 8 31 729.8 468.0 1339.7 1360.0 6622.5 3769.0 4418.2 4372.0 620.4 388.0 568.4 580.0 1754.1 1871.0 90585.5 129076.0 14806.9 25898.0 9508.0 13926.0 20081.4 24075.0 151034.9 205783.0
2019 9 1 597.5 281.0 1462.8 747.0 5876.7 2285.0 4918.2 2631.0 635.5 233.0 647.7 405.0 1900.6 815.0 108251.2 78884.0 15937.7 12570.0 9496.0 33.0 19593.9 13756.0 169317.7 112640.0
2019 9 2 922.1 441.0 1554.8 1194.0 7785.1 3586.0 5122.3 4118.0 694.1 366.0 667.7 635.0 2039.4 1278.0 114463.0 123874.0 17265.6 19739.0 10714.8 52.0 24989.9 21601.0 186218.9 176884.0
2019 9 3 831.4 370.0 1717.3 1013.0 6969.3 3067.0 5717.3 3464.0 694.1 306.0 758.3 531.0 2065.0 1070.0 116163.9 104729.0 18826.4 16688.0 11301.6 44.0 27047.8 18263.0 192092.4 149545.0
2019 9 4 586.3 387.0 1563.4 1077.0 6340.8 3343.0 5366.1 3620.0 694.1 320.0 712.0 555.0 1699.9 1118.0 116163.9 111122.0 17018.9 17707.0 10741.8 46.0 21747.1 19377.0 182634.2 158672.0
2019 9 5 735.9 378.0 1422.6 1050.0 7156.6 3282.0 5067.3 3513.0 694.1 310.0 691.5 539.0 1416.9 1085.0 116163.9 108298.0 13729.4 17257.0 8064.1 45.0 14800.4 18885.0 169942.8 154642.0
2019 9 6 713.8 502.0 1537.0 1408.0 6759.4 4479.0 5319.6 4662.0 661.3 412.0 726.7 715.0 1518.2 1439.0 117740.6 145182.0 15384.4 23134.0 7298.1 61.0 22934.3 25317.0 180593.7 207311.0
2019 9 7 966.8 356.0 1412.7 1036.0 8336.8 3316.0 4762.2 3299.0 771.4 292.0 647.5 507.0 1366.6 1020.0 94120.4 104760.0 13877.4 16693.0 8486.1 44.0 22246.0 18268.0 156993.9 149591.0
2019 9 8 1024.8 285.0 1549.8 840.0 8336.8 2734.0 5282.9 2638.0 783.6 233.0 721.9 405.0 1484.7 815.0 107017.2 84770.0 15014.9 13508.0 7846.3 35.0 20198.0 14782.0 169260.8 121045.0
2019 9 9 922.1 405.0 1499.4 1253.0 7785.1 4085.0 5025.2 3758.0 694.1 332.0 681.8 577.0 1454.0 1161.0 114463.0 123380.0 14753.5 19660.0 8345.8 52.0 22700.3 21515.0 178324.4 176178.0
2019 9 10 1039.3 367.0 1705.3 1181.0 7785.1 3607.0 5586.0 3308.0 694.1 292.0 768.6 508.0 1507.7 1022.0 117740.6 109681.0 17077.2 17477.0 8828.0 46.0 30510.7 19126.0 193242.5 156615.0
2019 9 11 1016.8 369.0 1482.7 1229.0 9198.1 3737.0 4873.6 3323.0 889.5 294.0 668.7 510.0 1255.7 1027.0 116506.6 111845.0 14766.0 17822.0 9146.5 47.0 24908.9 19503.0 184713.1 159706.0
2019 9 12 806.6 352.0 1313.0 1184.0 7672.4 3692.0 3989.4 3147.0 889.5 278.0 568.0 483.0 953.1 972.0 91263.8 107785.0 11766.3 17175.0 6468.9 45.0 22913.7 18795.0 148604.7 153908.0
2019 9 13 745.9 535.0 1313.0 1597.0 7275.2 5376.0 3989.4 3975.0 889.5 345.0 568.0 601.0 953.1 1208.0 91263.8 145421.0 11766.3 23172.0 6468.9 61.0 22913.7 25358.0 148146.8 207649.0
2019 9 14 545.9 439.0 1313.0 1203.0 6221.6 4007.0 3989.4 2954.0 771.4 256.0 568.0 446.0 953.1 896.0 81007.4 109471.0 11766.3 17434.0 6468.9 46.0 22913.7 19079.0 136518.7 156231.0
2019 9 15 861.7 447.0 1643.9 1026.0 7747.4 3400.0 5420.6 2486.0 771.4 215.0 769.9 375.0 1271.1 751.0 107017.2 93375.0 14496.2 14871.0 6428.7 39.0 19938.2 16274.0 166366.3 133259.0
2019 9 16 863.4 498.0 1565.2 1136.0 8413.0 3780.0 5100.9 2741.0 643.7 237.0 720.8 414.0 1198.9 829.0 114463.0 103392.0 13878.2 16466.0 6963.1 43.0 21862.1 18020.0 175672.4 147556.0
2019 9 17 1148.4 508.0 1733.7 1156.0 9826.6 3855.0 5452.8 2785.0 889.5 240.0 768.0 419.0 1289.2 840.0 116506.6 105201.0 15819.1 16754.0 6941.6 44.0 30189.8 18335.0 190565.2 150137.0
2019 9 18 1016.8 728.0 1459.0 1252.0 9198.1 4148.0 4644.7 2928.0 889.5 254.0 654.5 432.0 1091.0 867.0 116506.6 113849.0 13007.2 18132.0 6714.4 48.0 22121.8 19842.0 177303.6 162480.0
2019 9 19 1108.0 732.0 1391.4 1257.0 9198.1 4169.0 4475.6 2942.0 889.5 255.0 630.8 434.0 1047.6 871.0 116506.6 114397.0 12209.9 18219.0 7214.5 48.0 18891.8 19938.0 173563.7 163262.0
2019 9 20 801.5 952.0 1364.1 1633.0 6924.9 5418.0 4248.4 3823.0 643.7 331.0 598.9 564.0 1002.7 1131.0 116506.6 148638.0 12417.4 23672.0 5565.2 62.0 23200.4 25905.0 173274.1 212129.0
2019 9 21 693.5 677.0 1436.3 1160.0 6460.8 3854.0 4553.0 2716.0 647.1 235.0 642.9 400.0 1070.7 804.0 94120.4 105658.0 12614.7 16827.0 7425.6 44.0 20661.9 18415.0 150326.8 150790.0
2019 9 22 1024.8 574.0 1653.5 983.0 8336.8 3264.0 5296.8 2298.0 783.6 199.0 746.8 339.0 1223.3 680.0 107017.2 89469.0 14271.6 14249.0 6855.0 37.0 17260.1 15593.0 164469.5 127685.0
2019 9 23 1004.6 716.0 1537.0 1227.0 8413.0 4080.0 4836.3 2869.0 643.7 249.0 678.4 423.0 1121.6 849.0 114463.0 111740.0 13441.9 17796.0 6786.9 47.0 19845.2 19474.0 172771.6 159470.0
2019 9 24 980.6 459.0 1745.9 787.0 8413.0 2617.0 5346.2 1840.0 643.7 159.0 766.6 271.0 1227.8 544.0 116506.6 71665.0 15561.9 11413.0 6669.4 30.0 26100.6 12490.0 183962.2 102275.0
2019 9 25 1016.8 489.0 1608.7 839.0 9198.1 2789.0 4940.7 1961.0 889.5 170.0 740.5 289.0 1102.5 580.0 116506.6 76378.0 14213.3 12164.0 6520.0 32.0 22400.9 13312.0 179137.8 109003.0
2019 9 26 944.9 552.0 1526.8 945.0 8608.7 3143.0 4866.3 2210.0 889.5 192.0 748.3 326.0 1031.7 654.0 116506.6 86072.0 13101.5 13708.0 7365.5 36.0 16763.9 15001.0 172353.7 122839.0
2019 9 27 1047.3 711.0 1498.8 1220.0 8800.9 4061.0 4778.8 2850.0 889.5 247.0 758.9 420.0 997.0 843.0 116506.6 111097.0 13167.9 17693.0 5428.0 46.0 19131.0 19362.0 173004.8 158550.0
2019 9 28 752.0 855.0 1336.8 1483.0 6460.8 4938.0 5279.9 3458.0 647.1 296.0 1249.4 756.0 614.1 776.0 94120.4 135052.0 12291.4 21509.0 5176.8 81.0 18547.6 23538.0 146476.1 192742.0
2019 9 29 751.5 616.0 1554.7 902.0 6460.8 3490.0 5987.3 2483.0 655.3 216.0 1371.6 543.0 719.8 450.0 107017.2 81140.0 14009.2 13090.0 5158.1 49.0 17092.6 14325.0 160778.1 117304.0
2019 9 30 2415.1 802.0 1492.7 1175.0 14724.5 4550.0 5698.3 3235.0 792.5 281.0 1344.4 715.0 657.7 586.0 114463.0 105809.0 13795.1 17070.0 5041.1 64.0 21696.6 18681.0 182120.9 152968.0
