year month house_pred house_true house_mape houseCooking_pred houseCooking_true houseCooking_mape houseJHeating_pred houseJHeating_true houseJHeating_mape salesOne_pred salesOne_true salesOne_mape salesTwo_pred salesTwo_true salesTwo_mape bizHeating_pred bizHeating_true bizHeating_mape bizCooling_pred bizCooling_true bizCooling_mape industry_pred industry_true industry_mape heatFacility_pred heatFacility_true heatFacility_mape heatCombined_pred heatCombined_true heatCombined_mape CNG_pred CNG_true CNG_mape pred_sum true_sum sum_mape
2018 1 140901.0 219758.0 35.9 , 36593.0 37444.0 2.3 , 945092.7 1199917.0 21.2 , 263656.1 253619.0 4.0 , 23556.2 19356.0 21.7 , 237872.0 243799.0 2.4 , 0.0 0.0 -1.0 , 4240233.6 4314448.0 1.7 , 1300784.2 1770366.0 26.5 , 283.0 102.0 177.5 , 484593.3 544487.0 11.0 , 7673565.1 8603296.0 10.81
2018 2 127888.3 189619.0 32.6 , 32413.1 32890.0 1.5 , 823403.8 1057353.0 22.1 , 235181.0 219773.0 7.0 , 21251.1 17135.0 24.0 , 200331.0 200004.0 0.2 , 0.0 0.0 -1.0 , 3828104.1 3440559.0 11.3 , 1136008.2 1646150.0 31.0 , 514.7 0.0 -1.0 , 474693.0 488293.0 2.8 , 6879788.1 7291776.0 5.65
2018 3 100682.2 120261.0 16.3 , 38499.4 35979.0 7.0 , 677108.6 687033.0 1.4 , 271188.9 207540.0 30.7 , 18165.4 12906.0 40.8 , 202320.2 146748.0 37.9 , 0.0 0.0 -1.0 , 3947279.4 3845098.0 2.7 , 976217.0 1255293.0 22.2 , 525.3 661.0 20.5 , 545504.1 544870.0 0.1 , 6777490.6 6856389.0 1.15
2018 4 52436.8 62467.0 16.1 , 36938.1 32913.0 12.2 , 415489.4 405406.0 2.5 , 225419.5 162012.0 39.1 , 13096.8 9419.0 39.0 , 110229.4 73110.0 50.8 , 437.4 0.0 -1.0 , 3466480.4 3866781.0 10.4 , 578573.6 849207.0 31.9 , 319.7 1182.0 73.0 , 519820.5 537469.0 3.3 , 5419241.7 5999966.0 9.68
2018 5 33808.1 35485.0 4.7 , 37236.8 32299.0 15.3 , 285446.0 268742.0 6.2 , 184469.0 151352.0 21.9 , 7686.5 8559.0 10.2 , 45306.6 31300.0 44.7 , 10665.6 16851.0 36.7 , 3515938.4 3972190.0 11.5 , 430236.1 623908.0 31.0 , 381.4 866.0 56.0 , 529228.7 540220.0 2.0 , 5080403.2 5681772.0 10.58
2018 6 17474.9 18440.0 5.2 , 39715.4 34295.0 15.8 , 213209.5 155090.0 37.5 , 228580.3 119564.0 91.2 , 8254.7 5951.0 38.7 , 38372.5 20536.0 86.9 , 38519.0 37882.0 1.7 , 3140916.6 3407062.0 7.8 , 392457.2 499698.0 21.5 , 50709.8 480.0 10464.5 , 586092.1 551873.0 6.2 , 4754302.1 4850871.0 1.99
2018 7 15782.8 13239.0 19.2 , 43617.8 34556.0 26.2 , 180317.7 113539.0 58.8 , 229442.5 113272.0 102.6 , 8316.6 5237.0 58.8 , 32857.7 14182.0 131.7 , 70411.6 63451.0 11.0 , 3163829.9 3242809.0 2.4 , 537884.2 656053.0 18.0 , 315562.0 331.0 95236.0 , 543727.8 587555.0 7.5 , 5141750.7 4844224.0 6.14
2018 8 16103.6 10604.0 51.9 , 41316.6 33832.0 22.1 , 188047.8 87866.0 114.0 , 219196.2 98920.0 121.6 , 12664.0 7620.0 66.2 , 28816.1 10991.0 162.2 , 80217.4 64624.0 24.1 , 3148520.2 3163215.0 0.5 , 499606.2 634696.0 21.3 , 317372.3 340829.0 6.9 , 528163.2 590027.0 10.5 , 5080023.7 5043224.0 0.73
2018 9 18659.2 15783.0 18.2 , 40964.4 34193.0 19.8 , 201219.5 112152.0 79.4 , 219426.0 92035.0 138.4 , 14187.9 8045.0 76.4 , 35170.1 14537.0 141.9 , 43159.9 26981.0 60.0 , 3097658.5 3222134.0 3.9 , 361025.1 513669.0 29.7 , 168576.5 1407.0 11881.3 , 511236.7 562130.0 9.1 , 4711283.7 4603066.0 2.35
2018 10 48533.8 63091.0 23.1 , 44722.3 39720.0 12.6 , 379690.0 380302.0 0.2 , 250638.9 178003.0 40.8 , 14576.9 15431.0 5.5 , 75385.1 66349.0 13.6 , 5318.1 0.0 -1.0 , 3319118.5 3716197.0 10.7 , 385984.2 659868.0 41.5 , 80811.4 1616.0 4900.7 , 571757.0 538942.0 6.1 , 5176536.3 5659519.0 8.53
2018 11 91724.3 107212.0 14.4 , 43432.3 38189.0 13.7 , 580736.9 569040.0 2.1 , 296437.6 174636.0 69.7 , 14554.8 16059.0 9.4 , 172618.2 104435.0 65.3 , 0.0 0.0 -1.0 , 3681397.2 3850975.0 4.4 , 554681.6 1178069.0 52.9 , 307084.6 1040.0 29427.4 , 561768.3 546473.0 2.8 , 6304435.9 6586128.0 4.28
2018 12 167557.1 218707.0 23.4 , 46851.4 35607.0 31.6 , 988979.1 1072246.0 7.8 , 322162.0 236824.0 36.0 , 23377.4 25656.0 8.9 , 272977.5 205142.0 33.1 , 0.0 0.0 -1.0 , 4511943.2 4092284.0 10.3 , 1059136.1 1677154.0 36.8 , 112339.6 4237.0 2551.4 , 705535.1 574297.0 22.9 , 8210858.4 8142154.0 0.84
year month house_pred house_true house_mape houseCooking_pred houseCooking_true houseCooking_mape houseJHeating_pred houseJHeating_true houseJHeating_mape salesOne_pred salesOne_true salesOne_mape salesTwo_pred salesTwo_true salesTwo_mape bizHeating_pred bizHeating_true bizHeating_mape bizCooling_pred bizCooling_true bizCooling_mape industry_pred industry_true industry_mape heatFacility_pred heatFacility_true heatFacility_mape heatCombined_pred heatCombined_true heatCombined_mape CNG_pred CNG_true CNG_mape pred_sum true_sum sum_mape
2018 1 141118.3 219758.0 35.8 , 36593.0 37444.0 2.3 , 944674.2 1199917.0 21.3 , 263656.1 253619.0 4.0 , 23865.0 19356.0 23.3 , 237872.0 243799.0 2.4 , 0.0 0.0 -1.0 , 4230624.4 4314448.0 1.9 , 1300784.2 1770366.0 26.5 , 283.0 102.0 177.5 , 484593.3 544487.0 11.0 , 7664063.5 8603296.0 10.92
2018 2 129405.1 189619.0 31.8 , 32413.1 32890.0 1.5 , 817447.5 1057353.0 22.7 , 235181.0 219773.0 7.0 , 21099.2 17135.0 23.1 , 200331.0 200004.0 0.2 , 0.0 0.0 -1.0 , 3719288.3 3440559.0 8.1 , 1136008.2 1646150.0 31.0 , 514.7 0.0 -1.0 , 474693.0 488293.0 2.8 , 6766380.8 7291776.0 7.21
2018 3 100184.2 120261.0 16.7 , 38499.4 35979.0 7.0 , 684807.4 687033.0 0.3 , 271188.9 207540.0 30.7 , 17957.9 12906.0 39.1 , 202320.2 146748.0 37.9 , 0.0 0.0 -1.0 , 3863745.1 3845098.0 0.5 , 976217.0 1255293.0 22.2 , 525.3 661.0 20.5 , 545504.1 544870.0 0.1 , 6700949.5 6856389.0 2.27
2018 4 52260.6 62467.0 16.3 , 36938.1 32913.0 12.2 , 421870.3 405406.0 4.1 , 225419.5 162012.0 39.1 , 12817.5 9419.0 36.1 , 110229.4 73110.0 50.8 , 437.4 0.0 -1.0 , 3508245.0 3866781.0 9.3 , 578573.6 849207.0 31.9 , 319.7 1182.0 73.0 , 519820.5 537469.0 3.3 , 5466931.6 5999966.0 8.88
2018 5 33123.4 35485.0 6.7 , 37236.8 32299.0 15.3 , 290213.8 268742.0 8.0 , 184469.0 151352.0 21.9 , 7686.5 8559.0 10.2 , 45306.6 31300.0 44.7 , 10665.6 16851.0 36.7 , 3460367.4 3972190.0 12.9 , 430236.1 623908.0 31.0 , 381.4 866.0 56.0 , 529228.7 540220.0 2.0 , 5028915.2 5681772.0 11.49
2018 6 18113.9 18440.0 1.8 , 39715.4 34295.0 15.8 , 199404.3 155090.0 28.6 , 228580.3 119564.0 91.2 , 8199.1 5951.0 37.8 , 38372.5 20536.0 86.9 , 38519.0 37882.0 1.7 , 3126830.7 3407062.0 8.2 , 392457.2 499698.0 21.5 , 50709.8 480.0 10464.5 , 586092.1 551873.0 6.2 , 4726994.5 4850871.0 2.55
2018 7 15429.7 13239.0 16.5 , 43617.8 34556.0 26.2 , 185300.2 113539.0 63.2 , 229442.5 113272.0 102.6 , 8346.2 5237.0 59.4 , 32857.7 14182.0 131.7 , 70411.6 63451.0 11.0 , 3169879.4 3242809.0 2.2 , 537884.2 656053.0 18.0 , 315562.0 331.0 95236.0 , 543727.8 587555.0 7.5 , 5152459.3 4844224.0 6.36
2018 8 16212.0 10604.0 52.9 , 41316.6 33832.0 22.1 , 192366.7 87866.0 118.9 , 219196.2 98920.0 121.6 , 12918.1 7620.0 69.5 , 28816.1 10991.0 162.2 , 80217.4 64624.0 24.1 , 3150771.6 3163215.0 0.4 , 499606.2 634696.0 21.3 , 317372.3 340829.0 6.9 , 528163.2 590027.0 10.5 , 5086956.5 5043224.0 0.87
2018 9 19421.0 15783.0 23.0 , 40964.4 34193.0 19.8 , 201096.0 112152.0 79.3 , 219426.0 92035.0 138.4 , 14049.8 8045.0 74.6 , 35170.1 14537.0 141.9 , 43159.9 26981.0 60.0 , 3048203.9 3222134.0 5.4 , 361025.1 513669.0 29.7 , 168576.5 1407.0 11881.3 , 511236.7 562130.0 9.1 , 4662329.3 4603066.0 1.29
2018 10 49122.2 63091.0 22.1 , 44722.3 39720.0 12.6 , 383600.8 380302.0 0.9 , 250638.9 178003.0 40.8 , 14853.4 15431.0 3.7 , 75385.1 66349.0 13.6 , 5318.1 0.0 -1.0 , 3389691.2 3716197.0 8.8 , 385984.2 659868.0 41.5 , 80811.4 1616.0 4900.7 , 571757.0 538942.0 6.1 , 5251884.6 5659519.0 7.20
2018 11 91604.9 107212.0 14.6 , 43432.3 38189.0 13.7 , 583461.8 569040.0 2.5 , 296437.6 174636.0 69.7 , 15121.5 16059.0 5.8 , 172618.2 104435.0 65.3 , 0.0 0.0 -1.0 , 3715879.2 3850975.0 3.5 , 554681.6 1178069.0 52.9 , 307084.6 1040.0 29427.4 , 561768.3 546473.0 2.8 , 6342090.0 6586128.0 3.71
2018 12 167140.3 218707.0 23.6 , 46851.4 35607.0 31.6 , 996468.8 1072246.0 7.1 , 322162.0 236824.0 36.0 , 23381.6 25656.0 8.9 , 272977.5 205142.0 33.1 , 0.0 0.0 -1.0 , 4500353.7 4092284.0 10.0 , 1059136.1 1677154.0 36.8 , 112339.6 4237.0 2551.4 , 705535.1 574297.0 22.9 , 8206346.1 8142154.0 0.79
