year month date day holiday
2017 1 1 6 1
2017 1 2 0 0
2017 1 3 1 0
2017 1 4 2 0
2017 1 5 3 0
2017 1 6 4 0
2017 1 7 5 0
2017 1 8 6 0
2017 1 9 0 0
2017 1 10 1 0
2017 1 11 2 0
2017 1 12 3 0
2017 1 13 4 0
2017 1 14 5 0
2017 1 15 6 0
2017 1 16 0 0
2017 1 17 1 0
2017 1 18 2 0
2017 1 19 3 0
2017 1 20 4 0
2017 1 21 5 0
2017 1 22 6 0
2017 1 23 0 0
2017 1 24 1 0
2017 1 25 2 0
2017 1 26 3 0
2017 1 27 4 1
2017 1 28 5 1
2017 1 29 6 1
2017 1 30 0 1
2017 1 31 1 0
2017 2 1 2 0
2017 2 2 3 0
2017 2 3 4 0
2017 2 4 5 0
2017 2 5 6 0
2017 2 6 0 0
2017 2 7 1 0
2017 2 8 2 0
2017 2 9 3 0
2017 2 10 4 0
2017 2 11 5 0
2017 2 12 6 0
2017 2 13 0 0
2017 2 14 1 0
2017 2 15 2 0
2017 2 16 3 0
2017 2 17 4 0
2017 2 18 5 0
2017 2 19 6 0
2017 2 20 0 0
2017 2 21 1 0
2017 2 22 2 0
2017 2 23 3 0
2017 2 24 4 0
2017 2 25 5 0
2017 2 26 6 0
2017 2 27 0 0
2017 2 28 1 0
2017 3 1 2 1
2017 3 2 3 0
2017 3 3 4 0
2017 3 4 5 0
2017 3 5 6 0
2017 3 6 0 0
2017 3 7 1 0
2017 3 8 2 0
2017 3 9 3 0
2017 3 10 4 0
2017 3 11 5 0
2017 3 12 6 0
2017 3 13 0 0
2017 3 14 1 0
2017 3 15 2 0
2017 3 16 3 0
2017 3 17 4 0
2017 3 18 5 0
2017 3 19 6 0
2017 3 20 0 0
2017 3 21 1 0
2017 3 22 2 0
2017 3 23 3 0
2017 3 24 4 0
2017 3 25 5 0
2017 3 26 6 0
2017 3 27 0 0
2017 3 28 1 0
2017 3 29 2 0
2017 3 30 3 0
2017 3 31 4 0
2017 4 1 5 0
2017 4 2 6 0
2017 4 3 0 0
2017 4 4 1 0
2017 4 5 2 0
2017 4 6 3 0
2017 4 7 4 0
2017 4 8 5 0
2017 4 9 6 0
2017 4 10 0 0
2017 4 11 1 0
2017 4 12 2 0
2017 4 13 3 0
2017 4 14 4 0
2017 4 15 5 0
2017 4 16 6 0
2017 4 17 0 0
2017 4 18 1 0
2017 4 19 2 0
2017 4 20 3 0
2017 4 21 4 0
2017 4 22 5 0
2017 4 23 6 0
2017 4 24 0 0
2017 4 25 1 0
2017 4 26 2 0
2017 4 27 3 0
2017 4 28 4 0
2017 4 29 5 0
2017 4 30 6 0
2017 5 1 0 0
2017 5 2 1 0
2017 5 3 2 1
2017 5 4 3 0
2017 5 5 4 1
2017 5 6 5 0
2017 5 7 6 0
2017 5 8 0 0
2017 5 9 1 1
2017 5 10 2 0
2017 5 11 3 0
2017 5 12 4 0
2017 5 13 5 0
2017 5 14 6 0
2017 5 15 0 0
2017 5 16 1 0
2017 5 17 2 0
2017 5 18 3 0
2017 5 19 4 0
2017 5 20 5 0
2017 5 21 6 0
2017 5 22 0 0
2017 5 23 1 0
2017 5 24 2 0
2017 5 25 3 0
2017 5 26 4 0
2017 5 27 5 0
2017 5 28 6 0
2017 5 29 0 0
2017 5 30 1 0
2017 5 31 2 0
2017 6 1 3 0
2017 6 2 4 0
2017 6 3 5 0
2017 6 4 6 0
2017 6 5 0 0
2017 6 6 1 1
2017 6 7 2 0
2017 6 8 3 0
2017 6 9 4 0
2017 6 10 5 0
2017 6 11 6 0
2017 6 12 0 0
2017 6 13 1 0
2017 6 14 2 0
2017 6 15 3 0
2017 6 16 4 0
2017 6 17 5 0
2017 6 18 6 0
2017 6 19 0 0
2017 6 20 1 0
2017 6 21 2 0
2017 6 22 3 0
2017 6 23 4 0
2017 6 24 5 0
2017 6 25 6 0
2017 6 26 0 0
2017 6 27 1 0
2017 6 28 2 0
2017 6 29 3 0
2017 6 30 4 0
2017 7 1 5 0
2017 7 2 6 0
2017 7 3 0 0
2017 7 4 1 0
2017 7 5 2 0
2017 7 6 3 0
2017 7 7 4 0
2017 7 8 5 0
2017 7 9 6 0
2017 7 10 0 0
2017 7 11 1 0
2017 7 12 2 0
2017 7 13 3 0
2017 7 14 4 0
2017 7 15 5 0
2017 7 16 6 0
2017 7 17 0 0
2017 7 18 1 0
2017 7 19 2 0
2017 7 20 3 0
2017 7 21 4 0
2017 7 22 5 0
2017 7 23 6 0
2017 7 24 0 0
2017 7 25 1 0
2017 7 26 2 0
2017 7 27 3 0
2017 7 28 4 0
2017 7 29 5 0
2017 7 30 6 0
2017 7 31 0 0
2017 8 1 1 0
2017 8 2 2 0
2017 8 3 3 0
2017 8 4 4 0
2017 8 5 5 0
2017 8 6 6 0
2017 8 7 0 0
2017 8 8 1 0
2017 8 9 2 0
2017 8 10 3 0
2017 8 11 4 0
2017 8 12 5 0
2017 8 13 6 0
2017 8 14 0 0
2017 8 15 1 1
2017 8 16 2 0
2017 8 17 3 0
2017 8 18 4 0
2017 8 19 5 0
2017 8 20 6 0
2017 8 21 0 0
2017 8 22 1 0
2017 8 23 2 0
2017 8 24 3 0
2017 8 25 4 0
2017 8 26 5 0
2017 8 27 6 0
2017 8 28 0 0
2017 8 29 1 0
2017 8 30 2 0
2017 8 31 3 0
2017 9 1 4 0
2017 9 2 5 0
2017 9 3 6 0
2017 9 4 0 0
2017 9 5 1 0
2017 9 6 2 0
2017 9 7 3 0
2017 9 8 4 0
2017 9 9 5 0
2017 9 10 6 0
2017 9 11 0 0
2017 9 12 1 0
2017 9 13 2 0
2017 9 14 3 0
2017 9 15 4 0
2017 9 16 5 0
2017 9 17 6 0
2017 9 18 0 0
2017 9 19 1 0
2017 9 20 2 0
2017 9 21 3 0
2017 9 22 4 0
2017 9 23 5 0
2017 9 24 6 0
2017 9 25 0 0
2017 9 26 1 0
2017 9 27 2 0
2017 9 28 3 0
2017 9 29 4 0
2017 9 30 5 0
2017 10 1 6 0
2017 10 2 0 1
2017 10 3 1 1
2017 10 4 2 1
2017 10 5 3 1
2017 10 6 4 1
2017 10 7 5 0
2017 10 8 6 0
2017 10 9 0 1
2017 10 10 1 0
2017 10 11 2 0
2017 10 12 3 0
2017 10 13 4 0
2017 10 14 5 0
2017 10 15 6 0
2017 10 16 0 0
2017 10 17 1 0
2017 10 18 2 0
2017 10 19 3 0
2017 10 20 4 0
2017 10 21 5 0
2017 10 22 6 0
2017 10 23 0 0
2017 10 24 1 0
2017 10 25 2 0
2017 10 26 3 0
2017 10 27 4 0
2017 10 28 5 0
2017 10 29 6 0
2017 10 30 0 0
2017 10 31 1 0
2017 11 1 2 0
2017 11 2 3 0
2017 11 3 4 0
2017 11 4 5 0
2017 11 5 6 0
2017 11 6 0 0
2017 11 7 1 0
2017 11 8 2 0
2017 11 9 3 0
2017 11 10 4 0
2017 11 11 5 0
2017 11 12 6 0
2017 11 13 0 0
2017 11 14 1 0
2017 11 15 2 0
2017 11 16 3 0
2017 11 17 4 0
2017 11 18 5 0
2017 11 19 6 0
2017 11 20 0 0
2017 11 21 1 0
2017 11 22 2 0
2017 11 23 3 0
2017 11 24 4 0
2017 11 25 5 0
2017 11 26 6 0
2017 11 27 0 0
2017 11 28 1 0
2017 11 29 2 0
2017 11 30 3 0
2017 12 1 4 0
2017 12 2 5 0
2017 12 3 6 0
2017 12 4 0 0
2017 12 5 1 0
2017 12 6 2 0
2017 12 7 3 0
2017 12 8 4 0
2017 12 9 5 0
2017 12 10 6 0
2017 12 11 0 0
2017 12 12 1 0
2017 12 13 2 0
2017 12 14 3 0
2017 12 15 4 0
2017 12 16 5 0
2017 12 17 6 0
2017 12 18 0 0
2017 12 19 1 0
2017 12 20 2 0
2017 12 21 3 0
2017 12 22 4 0
2017 12 23 5 0
2017 12 24 6 0
2017 12 25 0 1
2017 12 26 1 0
2017 12 27 2 0
2017 12 28 3 0
2017 12 29 4 0
2017 12 30 5 0
2017 12 31 6 0
