year month date house_pred house_true houseCooking_pred houseCooking_true houseJHeating_pred houseJHeating_true salesOne_pred salesOne_true salesTwo_pred salesTwo_true bizHeating_pred bizHeating_true bizCooling_pred bizCooling_true industry_pred industry_true heatFacility_pred heatFacility_true heatCombined_pred heatCombined_true CNG_pred CNG_true pred_sum true_sum
2019 8 1 531.5 385.0 1481.1 1358.0 5211.5 3470.0 5066.1 3778.0 528.6 193.0 643.7 396.0 2264.8 2469.0 107675.3 121185.0 17581.2 24316.0 13375.1 13056.0 13441.4 22604.0 167800.5 193210.0
2019 8 2 587.3 282.0 1319.5 985.0 5692.9 2537.0 4386.3 2765.0 599.9 141.0 543.9 290.0 2038.1 1808.0 107675.3 88589.0 16022.7 17775.0 10388.6 9544.0 18924.3 16524.0 168178.8 141240.0
2019 8 3 549.3 382.0 1429.6 1337.0 5495.0 3386.0 4680.5 3742.0 599.9 280.0 575.3 392.0 2197.3 2446.0 85291.0 120323.0 17424.1 24143.0 13589.7 12963.0 21665.4 22444.0 153497.2 191838.0
2019 8 4 470.4 240.0 1651.7 838.0 4876.9 2107.0 5470.0 2357.0 528.6 176.0 676.8 247.0 2530.6 1541.0 97154.4 75503.0 19750.6 15150.0 13805.8 8134.0 18610.4 14083.0 165526.1 120376.0
2019 8 5 453.8 282.0 1604.6 978.0 4508.8 2441.0 5141.9 2768.0 443.5 207.0 622.7 290.0 2527.0 1809.0 102674.9 88255.0 19498.4 17708.0 18031.5 9508.0 26868.9 16462.0 182376.0 140708.0
2019 8 6 452.9 297.0 1556.8 1023.0 4508.8 2541.0 5256.6 2910.0 443.5 218.0 645.9 305.0 2548.7 1902.0 105360.5 92484.0 18933.3 18557.0 18217.0 9964.0 18562.1 17251.0 176486.1 147452.0
2019 8 7 531.5 296.0 1584.2 1012.0 5211.5 2495.0 5214.0 2899.0 525.5 217.0 634.6 304.0 2548.7 1895.0 107675.3 91706.0 19474.4 18401.0 17502.0 9880.0 26274.1 17106.0 187175.9 146211.0
2019 8 8 587.3 392.0 1456.9 1327.0 5692.9 3307.0 4997.6 3841.0 599.9 288.0 615.7 402.0 2387.8 2512.0 107675.3 121385.0 17190.7 24356.0 15563.1 13077.0 11614.9 22642.0 168382.0 193529.0
2019 8 9 629.5 292.0 1225.3 953.0 5829.7 2465.0 4129.4 2865.0 599.9 214.0 497.3 300.0 1991.3 1873.0 106296.9 90156.0 14828.1 18090.0 12154.7 9713.0 16603.6 16817.0 164785.5 143738.0
2019 8 10 549.3 371.0 1419.7 1208.0 5495.0 3105.0 4670.1 3637.0 599.9 272.0 558.2 381.0 2272.5 2378.0 83912.6 114194.0 17361.6 22913.0 16052.8 12302.0 22501.2 21300.0 155393.0 182061.0
2019 8 11 580.5 222.0 1461.8 710.0 5495.0 1837.0 4950.1 2138.0 576.6 160.0 599.6 225.0 2384.1 1401.0 95776.0 67326.0 17587.2 13509.0 15171.2 7253.0 17587.7 12558.0 162169.7 107339.0
2019 8 12 610.7 215.0 1519.7 685.0 5829.7 1777.0 4685.3 2058.0 576.6 154.0 554.7 217.0 2364.7 1350.0 101296.5 64927.0 18311.2 13027.0 20835.7 6995.0 25021.2 12111.0 181606.0 103516.0
2019 8 13 609.9 385.0 1571.2 1224.0 5829.7 3174.0 5040.1 3678.0 576.6 276.0 608.4 387.0 2509.5 2411.0 103982.1 116000.0 18780.5 23275.0 21098.5 12497.0 19335.6 21637.0 179942.1 184944.0
2019 8 14 629.5 284.0 1553.2 896.0 5829.7 2283.0 4838.9 2716.0 576.6 204.0 575.5 286.0 2445.8 1780.0 106296.9 84961.0 18665.3 17047.0 19676.7 9153.0 25328.0 15848.0 186416.0 135458.0
2019 8 15 629.5 285.0 1261.9 901.0 5829.7 2287.0 3935.0 2712.0 576.6 204.0 470.5 286.0 1977.4 1783.0 106296.9 85069.0 15099.0 17069.0 16745.6 9165.0 18556.0 15868.0 171378.1 135629.0
2019 8 16 629.5 305.0 1135.3 1004.0 5829.7 2556.0 3705.0 3022.0 576.6 228.0 453.4 319.0 1842.0 1991.0 106296.9 94791.0 13392.4 19020.0 8576.6 10212.0 12337.3 17681.0 154774.7 151129.0
2019 8 17 542.2 404.0 1321.0 1299.0 5420.7 3347.0 4134.5 3852.0 503.7 296.0 494.7 415.0 2096.2 2584.0 83912.6 122662.0 16020.9 24612.0 11419.3 13215.0 21491.7 22880.0 147357.4 195566.0
2019 8 18 573.3 322.0 1405.0 1012.0 5420.7 2629.0 4535.4 2949.0 503.7 232.0 553.7 325.0 2269.6 2025.0 95776.0 95494.0 16703.3 19161.0 11230.1 10288.0 16901.3 17812.0 155872.2 152249.0
2019 8 19 610.7 209.0 1492.4 652.0 5829.7 1702.0 4615.1 1892.0 576.6 150.0 554.7 211.0 2367.8 1310.0 101296.5 61610.0 18218.0 12362.0 13339.3 6637.0 25655.6 11492.0 174556.3 98227.0
2019 8 20 602.7 314.0 1501.9 971.0 5755.3 2545.0 4672.7 2777.0 503.7 231.0 568.2 319.0 2367.8 1958.0 103982.1 91683.0 17889.1 18396.0 13175.7 9877.0 20719.4 17101.0 171738.8 146172.0
2019 8 21 622.4 324.0 1540.9 999.0 5755.3 2621.0 4846.6 2859.0 503.7 238.0 593.3 329.0 2462.5 2016.0 106296.9 94389.0 18223.1 18939.0 11748.7 10169.0 21051.7 17606.0 173645.1 150489.0
2019 8 22 629.5 477.0 1421.6 1471.0 5829.7 3884.0 4463.3 4207.0 576.6 350.0 545.5 484.0 2239.8 2967.0 106296.9 139195.0 16772.2 27929.0 12149.8 14996.0 17126.1 25964.0 168050.9 221924.0
2019 8 23 622.4 363.0 1285.5 1113.0 5829.7 2939.0 4111.9 3183.0 576.6 265.0 512.3 366.0 2088.5 2245.0 106296.9 105340.0 15197.7 21136.0 9656.5 11349.0 14925.1 19649.0 161103.2 167948.0
2019 8 24 542.2 339.0 1371.2 1041.0 5420.7 2739.0 4236.4 3001.0 503.7 247.0 515.7 341.0 2172.4 2092.0 83912.6 98569.0 16547.1 19778.0 11702.7 10619.0 21590.7 18386.0 148515.3 157152.0
2019 8 25 738.0 310.0 1424.0 950.0 6748.1 2501.0 4522.1 2738.0 605.6 225.0 561.1 311.0 2301.3 1909.0 99112.2 89956.0 16913.8 18050.0 11036.6 9691.0 17695.6 16779.0 161658.4 143420.0
2019 8 26 961.0 444.0 1507.2 1360.0 9277.2 3583.0 4674.6 3923.0 743.5 322.0 572.5 446.0 2409.6 2736.0 107216.6 128882.0 18216.2 25860.0 12412.1 13885.0 23836.0 24040.0 181826.4 205481.0
2019 8 27 991.4 338.0 1560.7 1036.0 9413.4 2731.0 4925.2 2989.0 751.4 246.0 612.1 340.0 2369.1 2084.0 110632.3 98196.0 18836.7 19703.0 12840.2 10579.0 24352.9 18316.0 187285.4 156558.0
2019 8 28 849.5 377.0 1631.6 1155.0 8015.5 3041.0 5385.6 3333.0 748.2 273.0 677.0 378.0 2298.3 2320.0 112794.2 109408.0 19481.0 21953.0 12700.7 11787.0 22034.1 20408.0 186615.7 174433.0
2019 8 29 991.5 429.0 1421.6 1314.0 9313.8 3462.0 4820.6 3794.0 748.2 311.0 619.7 430.0 1877.4 2640.0 112794.2 124521.0 15517.5 24985.0 9990.9 13415.0 16197.0 23227.0 174292.3 198528.0
2019 8 30 983.6 571.0 1394.5 1660.0 8802.8 4605.0 4752.3 5165.0 708.1 414.0 619.4 689.0 1829.3 2518.0 111572.4 157380.0 15303.7 31578.0 8225.6 16980.0 18246.3 29356.0 172438.1 250916.0
2019 8 31 741.0 468.0 1339.7 1360.0 7070.5 3769.0 4418.2 4372.0 599.6 388.0 568.4 580.0 1754.1 1871.0 91950.5 129076.0 14806.9 25898.0 9508.0 13926.0 20081.4 24075.0 152838.3 205783.0
2019 9 1 601.8 281.0 1462.8 747.0 5145.4 2285.0 4918.2 2631.0 636.3 233.0 647.7 405.0 1900.6 815.0 112878.5 78884.0 15937.7 12570.0 9496.0 33.0 19593.9 13756.0 173218.9 112640.0
2019 9 2 961.8 441.0 1554.8 1194.0 7963.8 3586.0 5122.3 4118.0 694.2 366.0 667.7 635.0 2039.4 1278.0 116935.0 123874.0 17265.6 19739.0 10714.8 52.0 24989.9 21601.0 188909.4 176884.0
2019 9 3 810.5 370.0 1717.3 1013.0 7004.9 3067.0 5717.3 3464.0 694.2 306.0 758.3 531.0 2065.0 1070.0 116483.8 104729.0 18826.4 16688.0 11301.6 44.0 27047.8 18263.0 192427.1 149545.0
2019 9 4 644.0 387.0 1563.4 1077.0 6603.9 3343.0 5366.1 3620.0 694.2 320.0 712.0 555.0 1699.9 1118.0 116483.8 111122.0 17018.9 17707.0 10741.8 46.0 21747.1 19377.0 183275.1 158672.0
2019 9 5 782.7 378.0 1422.6 1050.0 7493.9 3282.0 5067.3 3513.0 694.2 310.0 691.5 539.0 1416.9 1085.0 116483.8 108298.0 13729.4 17257.0 8064.1 45.0 14800.4 18885.0 170646.9 154642.0
2019 9 6 774.4 502.0 1537.0 1408.0 6588.0 4479.0 5319.6 4662.0 661.2 412.0 726.7 715.0 1518.2 1439.0 117322.5 145182.0 15384.4 23134.0 7298.1 61.0 22934.3 25317.0 180064.5 207311.0
2019 9 7 905.9 356.0 1412.7 1036.0 7599.5 3316.0 4762.2 3299.0 773.2 292.0 647.5 507.0 1366.6 1020.0 102301.3 104760.0 13877.4 16693.0 8486.1 44.0 22246.0 18268.0 164378.4 149591.0
2019 9 8 918.4 285.0 1549.8 840.0 8047.7 2734.0 5282.9 2638.0 777.0 233.0 721.9 405.0 1484.7 815.0 111151.3 84770.0 15014.9 13508.0 7846.3 35.0 20198.0 14782.0 172992.7 121045.0
2019 9 9 961.8 405.0 1499.4 1253.0 7963.8 4085.0 5025.2 3758.0 694.2 332.0 681.8 577.0 1454.0 1161.0 116935.0 123380.0 14753.5 19660.0 8345.8 52.0 22700.3 21515.0 181014.8 176178.0
2019 9 10 987.5 367.0 1705.3 1181.0 7894.9 3607.0 5586.0 3308.0 694.2 292.0 768.6 508.0 1507.7 1022.0 117322.5 109681.0 17077.2 17477.0 8828.0 46.0 30510.7 19126.0 192882.5 156615.0
2019 9 11 1049.0 369.0 1482.7 1229.0 9624.4 3737.0 4873.6 3323.0 889.3 294.0 668.7 510.0 1255.7 1027.0 117322.5 111845.0 14766.0 17822.0 9146.5 47.0 24908.9 19503.0 185987.3 159706.0
2019 9 12 829.8 352.0 1313.0 1184.0 7651.3 3692.0 3989.4 3147.0 889.3 278.0 568.0 483.0 953.1 972.0 96558.5 107785.0 11766.3 17175.0 6468.9 45.0 22913.7 18795.0 153901.3 153908.0
2019 9 13 742.2 535.0 1313.0 1597.0 6887.1 5376.0 3989.4 3975.0 889.3 345.0 568.0 601.0 953.1 1208.0 96558.5 145421.0 11766.3 23172.0 6468.9 61.0 22913.7 25358.0 153049.4 207649.0
2019 9 14 663.2 439.0 1313.0 1203.0 5304.8 4007.0 3989.4 2954.0 773.2 256.0 568.0 446.0 953.1 896.0 96558.5 109471.0 11766.3 17434.0 6468.9 46.0 22913.7 19079.0 151272.0 156231.0
2019 9 15 868.7 447.0 1643.9 1026.0 7584.2 3400.0 5420.6 2486.0 773.2 215.0 769.9 375.0 1271.1 751.0 112878.5 93375.0 14496.2 14871.0 6428.7 39.0 19938.2 16274.0 172073.1 133259.0
2019 9 16 988.1 498.0 1565.2 1136.0 8088.6 3780.0 5100.9 2741.0 687.2 237.0 720.8 414.0 1198.9 829.0 116935.0 103392.0 13878.2 16466.0 6963.1 43.0 21862.1 18020.0 177988.1 147556.0
2019 9 17 1121.6 508.0 1733.7 1156.0 10025.3 3855.0 5452.8 2785.0 889.3 240.0 768.0 419.0 1289.2 840.0 117322.5 105201.0 15819.1 16754.0 6941.6 44.0 30189.8 18335.0 191552.9 150137.0
2019 9 18 1049.0 728.0 1459.0 1252.0 9624.4 4148.0 4644.7 2928.0 889.3 254.0 654.5 432.0 1091.0 867.0 117322.5 113849.0 13007.2 18132.0 6714.4 48.0 22121.8 19842.0 178577.7 162480.0
2019 9 19 1053.9 732.0 1391.4 1257.0 9624.4 4169.0 4475.6 2942.0 889.3 255.0 630.8 434.0 1047.6 871.0 117322.5 114397.0 12209.9 18219.0 7214.5 48.0 18891.8 19938.0 174751.6 163262.0
2019 9 20 825.5 952.0 1364.1 1633.0 6712.7 5418.0 4248.4 3823.0 687.2 331.0 598.9 564.0 1002.7 1131.0 117322.5 148638.0 12417.4 23672.0 5565.2 62.0 23200.4 25905.0 173945.3 212129.0
2019 9 21 766.6 677.0 1436.3 1160.0 5593.9 3854.0 4553.0 2716.0 646.2 235.0 642.9 400.0 1070.7 804.0 100574.1 105658.0 12614.7 16827.0 7425.6 44.0 20661.9 18415.0 155985.7 150790.0
2019 9 22 918.4 574.0 1653.5 983.0 8047.7 3264.0 5296.8 2298.0 777.0 199.0 746.8 339.0 1223.3 680.0 111151.3 89469.0 14271.6 14249.0 6855.0 37.0 17260.1 15593.0 168201.4 127685.0
2019 9 23 1009.2 716.0 1537.0 1227.0 8088.6 4080.0 4836.3 2869.0 687.2 249.0 678.4 423.0 1121.6 849.0 116935.0 111740.0 13441.9 17796.0 6786.9 47.0 19845.2 19474.0 174967.3 159470.0
2019 9 24 1013.8 459.0 1745.9 787.0 8019.7 2617.0 5346.2 1840.0 687.2 159.0 766.6 271.0 1227.8 544.0 117322.5 71665.0 15561.9 11413.0 6669.4 30.0 26100.6 12490.0 184461.4 102275.0
2019 9 25 1049.0 489.0 1608.7 839.0 9624.4 2789.0 4940.7 1961.0 889.3 170.0 740.5 289.0 1102.5 580.0 117322.5 76378.0 14213.3 12164.0 6520.0 32.0 22400.9 13312.0 180411.9 109003.0
2019 9 26 1004.2 552.0 1526.8 945.0 9160.9 3143.0 4866.3 2210.0 889.3 192.0 748.3 326.0 1031.7 654.0 117322.5 86072.0 13101.5 13708.0 7365.5 36.0 16763.9 15001.0 173781.0 122839.0
2019 9 27 964.9 711.0 1498.8 1220.0 8718.4 4061.0 4778.8 2850.0 889.3 247.0 758.9 420.0 997.0 843.0 117322.5 111097.0 13167.9 17693.0 5428.0 46.0 19131.0 19362.0 173655.5 158550.0
2019 9 28 798.1 855.0 1336.8 1483.0 5593.9 4938.0 5279.9 3458.0 646.2 296.0 1249.4 756.0 614.1 776.0 100574.1 135052.0 12291.4 21509.0 5176.8 81.0 18547.6 23538.0 152108.0 192742.0
2019 9 29 779.0 616.0 1554.7 902.0 6042.0 3490.0 5987.3 2483.0 646.2 216.0 1371.6 543.0 719.8 450.0 111151.3 81140.0 14009.2 13090.0 5158.1 49.0 17092.6 14325.0 164511.7 117304.0
2019 9 30 2292.2 802.0 1492.7 1175.0 14707.6 4550.0 5698.3 3235.0 744.2 281.0 1344.4 715.0 657.7 586.0 116935.0 105809.0 13795.1 17070.0 5041.1 64.0 21696.6 18681.0 184404.8 152968.0
