year month date house_pred houseCooking_pred houseJHeating_pred salesOne_pred salesTwo_pred bizHeating_pred bizCooling_pred industry_pred heatFacility_pred heatCombined_pred CNG_pred pred_sum
2019 10 1 2133.0 1599.5 15521.5 5994.6 658.9 1348.6 733.2 118892.3 14719.6 6008.1 22469.6 190078.7
2019 10 2 1375.0 1574.7 12134.1 6000.5 658.9 1418.9 650.7 118892.3 14525.7 5709.4 21412.1 184352.3
2019 10 3 1003.0 1616.1 9332.2 8046.3 658.9 2632.5 0.0 94659.6 15968.2 1544.3 21571.5 157032.7
2019 10 4 905.4 1494.5 7036.5 6008.3 573.2 1456.6 589.1 118892.3 14018.6 4623.8 18709.7 174307.9
2019 10 5 1853.6 1345.8 13150.7 6514.9 613.6 1937.2 318.6 100209.9 13143.0 3876.4 16405.6 159369.3
2019 10 6 2039.4 1518.6 13556.6 7148.9 621.3 2135.3 308.8 109224.7 14607.7 3790.5 16840.6 171792.5
2019 10 7 2167.0 1494.2 15446.2 6918.1 655.8 2096.9 280.9 118892.3 14444.6 3360.9 19883.1 185640.1
2019 10 8 2133.0 1496.7 15521.5 6840.8 658.9 2056.8 299.2 118892.3 14553.9 3211.9 19628.4 185293.4
2019 10 9 1710.9 1616.1 11058.8 8046.3 658.9 2632.5 0.0 94659.6 15968.2 1544.3 21571.5 159467.1
2019 10 10 2348.9 1430.2 15039.3 6467.5 658.9 1984.9 212.6 118892.3 13542.3 3992.9 15399.3 179969.1
2019 10 11 2732.1 1455.6 17632.8 6703.2 658.9 2058.8 203.2 123302.1 14423.9 3059.4 19275.2 191505.2
2019 10 12 2806.6 1441.7 16047.7 7053.2 610.3 2346.3 0.0 110499.0 14225.6 1703.3 18290.8 175024.4
2019 10 13 2788.2 1724.2 17395.4 8099.0 618.0 2657.4 0.0 118865.9 16787.7 1747.4 16760.1 187443.3
2019 10 14 2271.2 1617.6 14898.5 7460.6 650.7 2471.3 0.0 118892.3 15771.1 1770.7 20260.0 186064.0
2019 10 15 2337.6 1664.8 15111.4 7512.7 658.9 2484.7 0.0 118892.3 16455.1 1678.0 21342.3 188137.8
2019 10 16 2316.5 1615.3 14986.4 7261.6 658.9 2409.1 0.0 118892.3 15623.9 1714.7 16836.9 182315.6
2019 10 17 2348.9 1505.7 15039.3 6627.7 658.9 2231.0 0.0 118892.3 14252.1 1881.4 14782.7 178220.1
2019 10 18 2228.4 1550.3 14575.0 6778.6 658.9 2285.7 0.0 118892.3 15567.4 1533.9 20396.7 184467.2
2019 10 19 2059.4 1572.4 13306.9 6690.9 613.6 2271.7 0.0 100209.9 15135.7 1991.3 20517.9 164369.8
2019 10 20 2273.9 1811.0 14842.9 7691.7 621.3 2582.7 0.0 111537.4 17774.1 1836.5 18447.7 179419.3
2019 10 21 2271.2 1601.2 14898.5 6652.2 655.8 2254.8 0.0 118892.3 15701.6 1786.5 20528.0 185242.2
2019 10 22 2136.4 1859.1 13644.3 7620.2 658.9 2579.0 0.0 118892.3 18612.2 1857.6 25440.1 193300.0
2019 10 23 2316.5 1597.5 14986.4 6493.1 658.9 2219.8 0.0 118892.3 15639.8 1736.7 19356.9 183897.8
2019 10 24 2843.0 1505.6 17809.4 6109.5 658.9 2082.0 0.0 125470.6 14244.4 1828.1 14478.1 187029.4
2019 10 25 2732.1 1572.8 17632.8 6310.2 658.9 2183.3 0.0 118892.3 16002.7 1399.6 21562.6 188947.4
2019 10 26 2573.6 1743.1 16047.7 6934.1 610.3 2427.7 0.0 109131.4 16593.2 2161.9 19564.9 177788.1
2019 10 27 3021.2 1833.3 17395.4 7318.0 618.0 2545.7 0.0 120233.5 18238.1 1670.9 18272.7 191146.6
2019 10 28 2988.3 1594.6 17668.6 6236.9 650.7 2224.4 0.0 122904.0 15927.2 1517.5 19159.0 190871.2
2019 10 29 3811.8 1954.1 21644.4 8209.1 658.9 3634.1 0.0 122504.8 23356.6 2930.3 27317.7 216021.7
2019 10 30 3924.6 1451.0 22295.6 6715.3 658.9 2985.3 0.0 144353.1 18444.1 2491.5 18685.1 222004.3
2019 10 31 4202.3 1482.4 22062.4 7222.4 658.9 3302.3 0.0 143354.5 18865.6 2502.9 12712.2 216365.7
2019 11 1 3868.1 1479.3 20785.2 7072.1 647.3 3234.0 0.0 134570.8 20164.4 1893.9 22000.9 215716.1
2019 11 2 3421.3 1611.0 17147.2 7648.7 576.4 3477.4 0.0 110754.6 20374.3 2524.9 17997.6 185533.4
2019 11 3 3546.4 1639.6 18923.1 7818.0 582.2 3523.7 0.0 124995.3 21294.6 2360.5 18471.2 203154.6
2019 11 4 3759.3 1525.2 22833.6 7258.1 735.5 3378.5 0.0 123909.1 20753.3 2269.0 21233.3 207654.9
2019 11 5 3759.3 1770.8 22875.5 8971.1 763.5 4793.8 0.0 125294.3 26674.6 6167.0 24771.4 225841.4
2019 11 6 3704.0 1508.1 23109.6 8573.5 726.6 4639.5 0.0 129780.7 25120.3 6351.2 20389.2 223902.8
2019 11 7 2868.8 1442.5 18482.5 8773.4 619.6 4809.0 0.0 127619.9 24182.1 5376.8 10933.0 205107.5
2019 11 8 3427.4 1486.5 16353.2 8617.7 607.4 4746.0 0.0 129434.4 25921.3 4655.8 19099.8 214349.6
2019 11 9 3421.3 1445.5 16687.7 8046.4 537.2 4392.3 0.0 110754.6 23570.9 6080.8 18498.7 193435.3
2019 11 10 3546.4 1581.8 18923.1 9032.7 582.2 5027.3 0.0 124995.3 26457.6 7070.8 18635.1 215852.2
2019 11 11 3759.3 1475.4 21521.6 8071.4 655.1 4516.3 0.0 123909.1 25641.2 5703.4 23435.6 218688.4
2019 11 12 3759.3 1623.0 24000.5 8997.7 763.5 5190.0 0.0 125294.3 28737.2 8389.5 21047.1 227802.2
2019 11 13 3759.3 1575.5 24606.3 9303.9 782.8 5397.5 0.0 130065.0 29864.1 9099.5 21308.4 235762.4
2019 11 14 3759.3 1442.4 24967.9 8840.8 761.4 5206.5 0.0 133079.4 26959.7 7984.9 11237.3 224239.6
2019 11 15 3690.2 1526.1 21003.3 8830.8 610.5 5245.9 0.0 131428.9 29738.6 7357.8 20499.1 229931.3
2019 11 16 3599.2 1398.7 16804.2 7931.0 555.9 4781.3 0.0 120281.7 26485.0 9263.3 19334.8 210435.0
2019 11 17 3546.4 1537.2 19241.0 8972.7 604.4 5367.7 0.0 124995.3 29077.3 9207.2 17443.7 219992.7
2019 11 18 4386.1 1491.9 20018.2 8240.0 599.1 4921.4 0.0 129874.1 29500.3 7812.8 25650.6 232494.5
2019 11 19 4085.1 1551.9 19517.0 8604.6 601.5 5196.9 0.0 131259.3 29811.4 9626.2 23235.9 233489.8
2019 11 20 3759.3 1689.8 23850.6 9371.0 698.2 5684.8 0.0 136492.9 31978.4 11293.5 23601.9 248420.3
2019 11 21 4085.1 1582.8 23773.6 8993.6 649.5 5529.0 0.0 148366.6 29340.2 9931.8 13542.3 245794.6
2019 11 22 4653.6 1550.7 24664.5 8176.5 647.3 5081.4 0.0 139589.0 29842.4 9452.9 24264.4 247922.8
2019 11 23 5509.1 1629.6 27186.3 8815.8 686.1 5542.7 0.0 139575.3 30189.3 11954.9 19656.2 250745.5
2019 11 24 5634.1 1668.3 27447.7 8995.0 721.3 5590.9 0.0 144593.8 31618.2 10477.4 21828.0 258574.6
2019 11 25 5870.6 1542.0 24591.7 8072.7 652.1 5033.1 0.0 138196.3 29763.8 9112.5 24120.6 246955.3
2019 11 26 6116.7 1696.1 25869.0 8588.0 665.1 5446.7 0.0 143402.8 33453.4 10817.8 26936.4 262992.1
2019 11 27 5870.6 1778.9 27640.4 9241.6 728.5 6258.8 0.0 157276.5 33880.4 11927.4 20827.2 275430.4
2019 11 28 5334.5 1732.9 27331.2 10004.2 707.9 7341.5 0.0 154843.2 38402.0 7669.2 15244.8 268611.6
2019 11 29 5117.5 1520.4 24902.4 8631.8 694.5 6275.5 0.0 141047.5 35320.0 7308.2 22748.7 253566.5
2019 11 30 5509.1 1621.1 26227.5 9438.3 686.1 6942.5 0.0 139575.3 36862.6 9090.3 17864.6 253817.5
