year month date house_pred houseCooking_pred houseJHeating_pred salesOne_pred salesTwo_pred bizHeating_pred bizCooling_pred industry_pred heatFacility_pred heatCombined_pred CNG_pred pred_sum
2021 9 1 906.4 1955.9 6797.2 6008.4 767.9 704.6 2376.6 132556.6 18364.4 20072.7 32199.5 222710.2
2021 9 2 1111.0 2052.3 8103.5 6376.7 839.2 770.5 2312.4 131959.2 19157.9 19871.7 30001.9 222556.2
2021 9 3 947.6 1887.6 6103.7 5829.0 767.9 697.1 2099.9 129834.2 17532.1 19544.7 29409.4 214653.3
2021 9 4 722.4 1768.6 5398.3 5567.9 740.5 677.6 1951.6 109760.5 15763.7 15654.3 23096.6 181102.0
2021 9 5 1128.5 2081.5 7846.5 6402.7 840.3 783.0 2205.3 127482.3 18919.3 17399.3 26535.6 211624.4
2021 9 6 1250.5 1980.6 8434.8 6110.3 839.2 751.8 1994.2 130125.4 17617.2 17029.5 29852.8 215986.3
2021 9 7 1138.7 1932.3 8365.4 6032.3 1041.0 749.3 1885.3 129417.6 16764.9 15568.4 22089.1 204984.2
2021 9 8 1138.7 1898.1 8279.6 5838.0 1041.0 729.9 1808.1 131959.2 16286.7 13948.8 32652.2 215580.3
2021 9 9 1111.0 2173.1 8103.5 6615.5 839.2 841.4 1898.8 131959.2 18727.1 15283.0 33206.9 220758.6
2021 9 10 1152.2 1916.6 7586.2 5826.6 839.2 737.8 1633.8 129236.9 16314.3 14648.2 29764.8 209656.6
2021 9 11 954.7 1807.0 6880.7 5652.9 729.5 729.3 1493.9 109163.2 14528.4 10912.5 24024.8 176876.9
2021 9 12 1128.5 2058.4 7846.5 6264.9 1033.0 810.6 1648.4 126885.0 16955.3 11346.4 31064.9 207041.8
2021 9 13 1278.1 2021.5 8434.8 6113.4 1031.9 791.2 1560.0 130125.4 16382.1 11764.4 30307.2 209809.9
2021 9 14 1111.0 1949.7 8365.4 5910.3 839.2 768.7 1441.6 131228.7 15477.8 10940.4 21197.1 199229.9
2021 9 15 1111.0 1879.1 8279.6 5593.2 1031.9 733.0 1337.9 131959.2 14758.5 9220.1 30333.9 206237.4
2021 9 16 1138.7 2169.8 8103.5 6293.4 1031.9 824.6 1499.8 131959.2 17219.3 9852.2 34596.3 214688.5
2021 9 17 1152.2 1894.3 7586.2 5518.0 839.2 723.0 1300.0 129236.9 14706.9 10123.2 29646.9 202726.7
2021 9 18 954.7 1881.3 6880.7 5609.4 1004.4 736.8 1294.1 109163.2 14219.2 9801.8 23395.2 174940.9
2021 9 19 1156.1 2057.3 7846.5 5913.8 1033.0 780.6 1379.3 126885.0 15915.4 9760.7 29914.6 202642.2
2021 9 20 1278.1 1981.9 8434.8 5720.1 841.3 774.2 1297.1 128314.2 15117.2 9866.4 30685.9 204311.2
2021 9 21 1138.7 1937.3 8365.4 5601.3 832.3 764.5 1238.3 124704.9 14616.4 10197.5 20081.3 189478.0
2021 9 22 1138.7 1875.4 8279.6 5314.7 841.3 733.4 1156.9 131959.2 14142.3 8899.9 28998.6 203339.9
2021 9 23 1138.7 2109.9 8103.5 5953.3 810.9 873.5 1245.3 128471.4 16144.0 8681.3 32392.9 205924.6
2021 9 24 1179.9 1966.3 7586.2 5711.1 751.9 937.9 1077.8 125749.0 14946.2 8802.8 26397.4 195106.6
2021 9 25 954.7 1903.6 6880.7 5876.8 729.5 984.0 1046.4 109163.2 14142.9 8495.7 23820.5 173998.0
2021 9 26 1128.5 2014.5 7846.5 5945.0 1033.0 976.8 1097.9 126885.0 15262.1 8373.0 27705.5 198267.7
2021 9 27 1278.1 1970.5 8434.8 6392.2 832.3 1238.3 959.4 123601.6 14972.8 8296.6 28694.3 196670.9
2021 9 28 1138.7 1947.5 8365.4 6453.4 833.4 1282.6 907.0 124704.9 14759.4 8545.9 19070.1 188008.3
2021 9 29 1195.4 1988.9 8279.6 6980.1 835.2 1546.2 788.0 128471.4 15457.9 7105.0 27821.3 200468.9
2021 9 30 1939.6 2028.7 11349.9 6857.0 858.2 1448.0 882.6 127820.3 15762.1 6627.2 29555.3 205128.9
2021 10 1 2408.1 1964.1 12679.3 7140.3 893.1 1662.1 728.1 129924.6 15508.4 7468.1 25075.8 205452.2
2021 10 2 1169.3 1881.1 6688.9 7227.5 773.2 1712.2 667.4 107756.4 14733.5 7051.0 22608.2 172268.6
2021 10 3 2231.6 1972.0 12302.2 7288.9 773.2 1700.5 718.5 126739.2 15753.3 6842.8 24880.9 201203.1
2021 10 4 1417.2 1908.3 9051.2 7635.6 828.2 1938.8 573.8 126935.5 15261.3 6687.6 25342.3 197579.8
2021 10 5 2316.7 1943.6 13226.6 7987.6 876.8 2088.9 495.5 125321.5 15535.9 6625.0 18711.3 195129.5
2021 10 6 2374.1 1959.8 13316.8 8259.7 894.4 2238.0 423.3 128150.7 15939.2 5721.1 27275.3 206552.4
2021 10 7 1880.3 1973.0 11821.2 8206.0 812.5 2194.1 522.6 131535.0 16066.1 5086.3 26025.7 206122.7
2021 10 8 2430.5 1991.5 12679.3 8474.9 893.1 2422.3 359.0 129924.6 16267.7 4511.1 23233.8 203187.8
2021 10 9 2311.8 1896.5 11627.4 8360.0 850.5 2409.2 281.8 105009.3 15319.2 4304.2 20702.2 173072.2
2021 10 10 2574.1 1999.9 13287.3 8584.0 906.4 2460.0 342.5 130039.5 16541.2 4195.7 24009.5 204940.1
2021 10 11 3638.5 1970.2 17439.3 8862.7 870.9 2639.0 330.7 127534.5 16301.9 4058.7 22420.2 206066.7
2021 10 12 4288.4 2036.7 20776.9 9166.5 877.5 2765.4 241.1 135214.0 16811.5 3922.4 16311.0 212411.4
2021 10 13 4022.4 2031.3 18739.1 9272.0 894.3 2865.4 144.5 141243.3 17072.7 3250.3 25503.4 225038.7
2021 10 14 3308.8 2119.1 17700.0 9413.0 900.2 2878.3 295.5 137019.8 17907.6 3323.6 23287.0 218152.9
2021 10 15 3168.7 1994.3 16974.8 8995.9 898.9 2835.1 130.5 131899.8 16647.6 2865.8 22607.2 209018.6
2021 10 16 3150.7 1943.3 16009.6 8775.0 850.5 2760.4 105.7 110229.1 16077.1 2851.0 17978.1 180730.5
2021 10 17 3280.6 2142.7 18704.8 9425.0 906.4 2976.0 157.9 142993.1 18309.0 2776.4 23884.4 225556.4
2021 10 18 3638.5 2044.5 17439.3 8965.0 870.9 2837.5 92.9 127534.5 17277.5 2661.2 22590.9 205952.7
2021 10 19 3187.7 2105.9 17609.9 9118.2 876.8 2912.9 62.6 130806.4 17712.6 2389.0 15232.8 202014.6
2021 10 20 3275.9 2020.7 17700.0 8515.3 900.2 2723.3 71.6 133635.5 17177.1 2653.3 24837.8 213510.8
2021 10 21 3053.8 2307.5 16653.4 9611.9 894.4 3110.0 71.5 135727.3 19935.4 2725.1 22846.8 216937.1
2021 10 22 2934.0 2086.5 15928.2 8696.3 893.1 2856.9 0.0 131999.7 17686.4 2436.6 21627.1 207144.7
2021 10 23 3451.9 1975.7 16736.4 8210.7 850.5 2695.8 43.1 110229.1 16503.4 2350.8 16457.3 179504.7
2021 10 24 3864.3 2273.4 20303.0 9243.3 906.4 3118.6 41.2 150063.6 20062.9 2651.5 25331.3 237859.5
2021 10 25 3770.5 2121.1 18174.1 8797.8 870.9 3051.7 0.0 130187.0 18872.2 2798.5 25411.5 214055.3
2021 10 26 3557.1 2100.8 18648.9 8595.4 870.9 2989.5 0.0 133458.9 18763.5 2693.6 16698.4 208376.9
2021 10 27 4022.4 2031.6 18739.1 8276.1 894.3 2985.3 0.0 141243.3 18534.6 2430.6 26666.7 225823.9
2021 10 28 3975.8 2395.2 19317.4 9748.5 894.3 3698.6 0.0 142872.4 23945.9 2783.0 27074.4 236705.6
2021 10 29 4262.1 2040.3 20615.4 8527.6 912.0 3239.3 0.0 142670.4 20185.4 2901.1 24383.5 229737.2
2021 10 30 4276.7 1930.3 23173.4 8171.0 850.5 3123.5 0.0 134943.7 19111.0 2656.5 17382.6 215619.2
2021 10 31 4985.8 2261.2 26023.9 9447.6 906.4 3766.9 0.0 159036.6 24041.3 3426.7 26417.5 260314.1
2021 11 1 5734.7 2060.5 25529.1 9319.4 759.9 3837.3 0.0 156447.9 22982.4 4471.2 26235.7 257378.1
2021 11 2 5317.1 1963.0 23751.2 8987.3 753.8 3704.7 0.0 134571.6 22277.3 4215.8 20223.5 225765.3
2021 11 3 5254.6 1980.7 24023.9 9190.4 755.7 3939.1 0.0 137495.3 23625.8 3685.6 27541.2 237492.3
2021 11 4 5344.3 2171.4 24023.9 9985.6 755.7 4400.7 0.0 147241.3 26961.3 4216.8 30447.9 255548.8
2021 11 5 4131.3 1997.1 21319.7 9480.1 747.6 4201.0 0.0 141973.4 25076.0 4872.2 24560.2 238358.7
2021 11 6 3730.8 1851.0 20143.7 8937.8 742.8 3996.1 0.0 119997.3 23148.7 4556.0 16111.8 203215.9
2021 11 7 3916.9 2083.4 20495.5 9882.3 743.0 4534.3 0.0 151332.1 27519.4 5163.8 26335.1 252005.8
2021 11 8 3379.7 2006.2 18776.8 9946.8 741.8 4755.2 0.0 132138.5 27202.8 7012.8 24919.1 230879.6
2021 11 9 5317.1 1865.5 23751.2 9504.0 753.8 4568.9 0.0 134571.6 25992.1 6748.0 21581.0 234653.2
2021 11 10 4809.9 1972.6 22985.8 10068.5 755.7 4988.0 0.0 145676.9 28882.3 5971.3 28313.5 254424.4
2021 11 11 6389.4 2020.2 26614.2 10246.0 761.8 5209.5 0.0 173011.7 30403.9 6730.3 29374.2 290761.1
2021 11 12 5690.4 1962.4 25126.4 10121.9 753.8 5167.6 0.0 158890.6 30102.4 7729.9 24013.8 269559.2
2021 11 13 4176.1 1801.3 22461.3 9486.9 742.8 4867.0 0.0 121684.5 27294.0 7182.3 15184.5 214880.7
2021 11 14 4831.7 2032.4 23703.3 10359.5 746.5 5389.1 0.0 150701.9 32248.7 7379.5 25880.8 263273.4
2021 11 15 5179.2 1968.2 25529.1 10287.8 759.9 5466.4 0.0 156447.9 30946.5 9672.2 22629.0 268886.4
2021 11 16 5688.9 1874.5 24433.3 10025.9 764.7 5362.8 0.0 147397.7 30056.1 9695.5 21273.6 256572.9
2021 11 17 6396.0 2070.9 26614.2 10860.3 761.8 5848.8 0.0 171016.0 34240.1 8644.0 27336.3 293788.4
2021 11 18 8034.9 2025.3 33215.9 10467.1 825.6 5720.3 0.0 185030.4 33208.5 9569.2 25832.4 313929.7
2021 11 19 6586.9 2031.7 27733.3 10414.9 811.3 5704.4 0.0 159885.8 32949.0 10552.0 24290.7 280960.0
2021 11 20 6536.5 1871.1 25839.7 9792.9 802.6 5409.0 0.0 128562.8 30223.4 9618.2 15091.7 233747.9
2021 11 21 7476.3 2085.7 29211.7 10377.6 810.2 5750.2 0.0 174036.1 34741.2 9412.5 26386.4 300287.9
2021 11 22 7116.5 2002.9 31306.1 10103.4 823.7 5700.0 0.0 156697.8 32628.4 11441.3 20708.8 278529.0
2021 11 23 7865.6 2075.1 32256.0 10622.1 823.7 6120.1 0.0 167269.7 34595.0 10909.1 19348.6 291885.1
2021 11 24 8301.2 2092.6 32717.0 10779.6 825.6 6299.7 0.0 176147.4 36002.6 9298.5 27593.2 310057.4
2021 11 25 8034.9 2154.0 33215.9 10587.8 825.6 6246.1 0.0 185030.4 38175.7 10169.4 25244.4 319684.1
2021 11 26 7651.8 2029.1 32024.6 10137.6 817.6 6100.7 0.0 162813.4 35474.0 10814.0 24512.1 292374.9
2021 11 27 7233.1 1963.6 30929.1 10484.8 812.8 6526.2 0.0 147751.4 35077.2 9326.9 15889.6 265994.5
2021 11 28 7476.3 2055.3 29211.7 10718.2 810.2 6621.3 0.0 174036.1 38244.1 9349.0 28921.1 307443.3
2021 11 29 6456.1 1940.2 27237.0 10209.2 817.5 6421.9 0.0 155319.7 35388.6 10966.1 21063.7 275819.9
2021 11 30 7865.6 2099.3 32256.0 11330.0 823.7 7328.7 0.0 167269.7 39396.7 9823.9 20976.3 299170.1
