year month house_pred house_true house_mape houseCooking_pred houseCooking_true houseCooking_mape houseJHeating_pred houseJHeating_true houseJHeating_mape salesOne_pred salesOne_true salesOne_mape salesTwo_pred salesTwo_true salesTwo_mape bizHeating_pred bizHeating_true bizHeating_mape bizCooling_pred bizCooling_true bizCooling_mape industry_pred industry_true industry_mape heatFacility_pred heatFacility_true heatFacility_mape heatCombined_pred heatCombined_true heatCombined_mape CNG_pred CNG_true CNG_mape pred_sum true_sum sum_mape
2018 10 48467.6 63091.0 23.2 44722.3 39720.0 12.6 385175.4 380302.0 1.3 250638.9 178003.0 40.8 14630.9 15431.0 5.2 75385.1 66349.0 13.6 5318.1 0.0 -1.0 3350084.0 3716197.0 9.9 385984.2 659868.0 41.5 80811.4 1616.0 4900.7 571757.0 538942.0 6.1 5212975.0 5659519.0 7.89
2018 11 91436.8 107212.0 14.7 43432.3 38189.0 13.7 587306.2 569040.0 3.2 296437.6 174636.0 69.7 14880.9 16059.0 7.3 172618.2 104435.0 65.3 0.0 0.0 -1.0 3700920.9 3850975.0 3.9 554681.6 1178069.0 52.9 307084.6 1040.0 29427.4 561768.3 546473.0 2.8 6330567.4 6586128.0 3.88
2018 12 167917.6 218707.0 23.2 46851.4 35607.0 31.6 993884.1 1072246.0 7.3 322162.0 236824.0 36.0 23042.7 25656.0 10.2 272977.5 205142.0 33.1 0.0 0.0 -1.0 4343919.8 4092284.0 6.1 1059136.1 1677154.0 36.8 112339.6 4237.0 2551.4 705535.1 574297.0 22.9 8047765.9 8142154.0 1.16
2019 1 200888.9 219758.0 8.6 47902.9 37444.0 27.9 1097516.8 1199917.0 8.5 310717.8 253619.0 22.5 27843.4 19356.0 43.8 257919.7 243799.0 5.8 0.0 0.0 -1.0 4359973.0 4314448.0 1.1 1451435.4 1770366.0 18.0 346.6 102.0 239.8 639210.6 544487.0 17.4 8393755.0 8603296.0 2.44
2019 2 182662.3 189619.0 3.7 44744.5 32890.0 36.0 943210.5 1057353.0 10.8 269895.8 219773.0 22.8 24549.4 17135.0 43.3 217935.5 200004.0 9.0 0.0 0.0 -1.0 3817669.5 3440559.0 11.0 1308114.2 1646150.0 20.5 901.8 0.0 -1.0 575768.4 488293.0 17.9 7385451.9 7291776.0 1.28
2019 3 131606.0 120261.0 9.4 49000.5 35979.0 36.2 753257.8 687033.0 9.6 290953.7 207540.0 40.2 21549.9 12906.0 67.0 201703.0 146748.0 37.4 0.0 0.0 -1.0 4040806.7 3845098.0 5.1 1097098.7 1255293.0 12.6 899.3 661.0 36.1 630070.3 544870.0 15.6 7216946.0 6856389.0 5.26
2019 4 73826.5 62467.0 18.2 45302.1 32913.0 37.6 482527.7 405406.0 19.0 231675.6 162012.0 43.0 16368.0 9419.0 73.8 103168.9 73110.0 41.1 419.1 0.0 -1.0 3651212.0 3866781.0 5.6 693637.1 849207.0 18.3 1085.4 1182.0 8.2 618009.1 537469.0 15.0 5917231.6 5999966.0 1.38
2019 5 46589.0 35485.0 31.3 43652.1 32299.0 35.1 337856.1 268742.0 25.7 197020.4 151352.0 30.2 13721.7 8559.0 60.3 44619.5 31300.0 42.6 12426.2 16851.0 26.3 3859341.0 3972190.0 2.8 505838.7 623908.0 18.9 979.4 866.0 13.1 627696.6 540220.0 16.2 5689740.6 5681772.0 0.14
2019 6 29077.5 18440.0 57.7 45629.4 34295.0 33.0 264738.8 155090.0 70.7 184192.2 119564.0 54.1 14959.7 5951.0 151.4 30407.3 20536.0 48.1 35525.2 37882.0 6.2 3218338.6 3407062.0 5.5 436346.9 499698.0 12.7 31330.2 480.0 6427.1 636245.7 551873.0 15.3 4926791.4 4850871.0 1.57
2019 7 19956.0 13239.0 50.7 48989.5 34556.0 41.8 203293.9 113539.0 79.1 166100.4 113272.0 46.6 14046.6 5237.0 168.2 21474.5 14182.0 51.4 63229.6 63451.0 0.3 3183414.7 3242809.0 1.8 571030.4 656053.0 13.0 263155.0 331.0 79403.0 673978.0 587555.0 14.7 5228668.7 4844224.0 7.94
2019 8 19992.1 10604.0 88.5 44851.3 33832.0 32.6 195918.1 87866.0 123.0 145281.3 98920.0 46.9 17662.8 7620.0 131.8 17844.3 10991.0 62.4 69733.8 64624.0 7.9 3154227.2 3163215.0 0.3 534547.9 634696.0 15.8 421921.1 340829.0 23.8 615137.1 590027.0 4.3 5237117.2 5043224.0 3.84
2019 9 27273.3 15783.0 72.8 45395.4 34193.0 32.8 243015.4 112152.0 116.7 149935.3 92035.0 62.9 23594.9 8045.0 193.3 22587.3 14537.0 55.4 37234.6 26981.0 38.0 3301993.2 3222134.0 2.5 427246.9 513669.0 16.8 221929.4 1407.0 15673.2 656122.7 562130.0 16.7 5156328.3 4603066.0 12.02
