year month date avgTemp maxTemp minTemp
2015 01 01 -3.70 -1.40 -5.80
2015 01 02 -2.30 1.70 -5.00
2015 01 03 -1.90 4.20 -8.30
2015 01 04 3.40 10.40 -1.20
2015 01 05 5.20 12.20 -2.00
2015 01 06 2.50 8.90 -1.90
2015 01 07 -1.40 2.40 -5.30
2015 01 08 -0.30 4.00 -4.70
2015 01 09 2.00 6.40 -1.50
2015 01 10 3.00 8.00 -0.90
2015 01 11 0.90 6.80 -1.90
2015 01 12 -0.10 5.40 -4.10
2015 01 13 3.30 9.30 -3.10
2015 01 14 4.80 7.10 3.20
2015 01 15 3.50 10.20 -0.70
2015 01 16 1.70 3.80 -1.20
2015 01 17 0.20 3.20 -2.80
2015 01 18 0.30 6.20 -5.50
2015 01 19 3.30 7.90 -0.30
2015 01 20 2.60 8.70 -2.90
2015 01 21 4.30 5.40 2.70
2015 01 22 3.60 6.80 1.30
2015 01 23 2.60 8.10 -1.30
2015 01 24 3.70 9.70 -1.10
2015 01 25 6.50 12.10 0.90
2015 01 26 6.70 9.50 3.30
2015 01 27 0.50 4.00 -3.40
2015 01 28 -1.50 4.20 -4.80
2015 01 29 0.00 1.70 -2.20
2015 01 30 0.00 3.00 -1.70
2015 01 31 -1.80 2.60 -4.60
2015 02 01 -0.80 5.70 -6.30
2015 02 02 1.60 9.00 -3.00
2015 02 03 1.50 8.10 -3.20
2015 02 04 1.50 4.50 -1.40
2015 02 05 1.30 4.60 -1.50
2015 02 06 2.80 7.30 -1.10
2015 02 07 2.50 6.10 -1.70
2015 02 08 -4.00 3.30 -6.20
2015 02 09 -3.10 1.20 -8.70
2015 02 10 3.60 9.30 -1.30
2015 02 11 5.60 11.20 0.90
2015 02 12 1.50 5.50 -1.60
2015 02 13 0.00 5.40 -4.40
2015 02 14 3.30 10.80 -3.60
2015 02 15 7.20 10.30 3.50
2015 02 16 7.10 8.00 5.60
2015 02 17 4.40 7.90 3.10
2015 02 18 2.50 3.60 1.90
2015 02 19 4.20 10.50 0.90
2015 02 20 5.80 13.30 -1.20
2015 02 21 9.00 11.90 5.50
2015 02 22 5.80 10.80 1.80
2015 02 23 3.60 9.90 0.60
2015 02 24 4.30 10.70 0.20
2015 02 25 5.70 9.80 0.80
2015 02 26 4.20 8.10 -0.10
2015 02 27 0.70 4.10 -1.70
2015 02 28 2.80 8.30 -2.10
2015 03 01 3.30 6.90 1.30
2015 03 02 4.40 11.50 -1.60
2015 03 03 4.10 9.60 2.10
2015 03 04 0.40 4.50 -1.80
2015 03 05 1.80 7.90 -3.70
2015 03 06 5.10 13.00 -0.90
2015 03 07 6.00 13.40 0.30
2015 03 08 8.60 17.30 0.40
2015 03 09 4.40 10.20 -3.00
2015 03 10 -1.00 2.40 -4.10
2015 03 11 3.90 9.10 -0.80
2015 03 12 5.10 11.70 -0.90
2015 03 13 5.80 7.60 3.80
2015 03 14 5.40 12.80 0.10
2015 03 15 7.80 16.20 0.40
2015 03 16 12.80 22.10 3.60
2015 03 17 14.60 22.90 6.10
2015 03 18 12.00 14.90 9.90
2015 03 19 13.40 22.20 9.60
2015 03 20 13.60 22.10 8.50
2015 03 21 13.60 21.10 8.10
2015 03 22 10.10 17.70 2.90
2015 03 23 5.80 11.90 0.60
2015 03 24 5.70 13.30 0.90
2015 03 25 6.50 16.40 -1.40
2015 03 26 8.40 18.90 -0.30
2015 03 27 9.90 18.50 1.70
2015 03 28 11.40 19.20 3.60
2015 03 29 13.20 21.20 6.70
2015 03 30 15.30 23.30 7.60
2015 03 31 15.20 16.80 12.30
2015 04 01 16.00 21.70 13.40
2015 04 02 15.60 21.60 10.60
2015 04 03 12.40 18.10 9.40
2015 04 04 12.70 18.80 10.00
2015 04 05 12.50 14.50 11.20
2015 04 06 11.00 13.50 6.70
2015 04 07 8.30 15.50 4.50
2015 04 08 9.30 16.50 4.90
2015 04 09 10.80 17.00 6.20
2015 04 10 12.00 20.40 5.70
2015 04 11 14.00 22.60 5.80
2015 04 12 14.40 20.80 9.30
2015 04 13 11.60 15.10 8.00
2015 04 14 7.80 13.90 5.80
2015 04 15 12.50 20.20 6.40
2015 04 16 11.70 21.70 6.90
2015 04 17 12.10 20.20 4.30
2015 04 18 15.20 23.50 8.40
2015 04 19 17.20 19.20 13.80
2015 04 20 13.50 17.10 10.90
2015 04 21 14.30 23.00 8.20
2015 04 22 13.90 21.10 7.10
2015 04 23 14.50 22.90 6.80
2015 04 24 15.70 23.50 9.00
2015 04 25 17.10 26.50 8.70
2015 04 26 18.50 28.20 8.80
2015 04 27 19.00 27.70 10.90
2015 04 28 17.00 23.80 14.70
2015 04 29 17.80 22.50 14.50
2015 04 30 19.60 24.80 14.90
2015 05 01 20.20 25.90 15.00
2015 05 02 20.20 25.70 15.60
2015 05 03 18.20 20.50 15.20
2015 05 04 15.10 21.70 9.90
2015 05 05 14.10 22.20 6.50
2015 05 06 15.50 23.10 8.30
2015 05 07 17.50 26.10 9.90
2015 05 08 18.10 24.80 10.20
2015 05 09 18.00 25.30 13.20
2015 05 10 19.30 27.10 12.10
2015 05 11 17.60 21.60 14.40
2015 05 12 15.80 20.80 11.90
2015 05 13 20.10 26.30 13.90
2015 05 14 22.10 27.60 17.10
2015 05 15 20.80 25.80 16.70
2015 05 16 19.60 26.70 14.20
2015 05 17 19.20 27.00 11.20
2015 05 18 16.10 18.70 12.80
2015 05 19 18.80 26.40 13.50
2015 05 20 17.30 23.30 12.80
2015 05 21 18.30 27.40 10.60
2015 05 22 21.20 28.30 14.80
2015 05 23 20.90 26.90 16.90
2015 05 24 21.10 29.10 14.40
2015 05 25 20.70 29.50 13.30
2015 05 26 22.60 33.10 13.30
2015 05 27 23.60 31.60 15.00
2015 05 28 24.20 31.70 18.80
2015 05 29 23.90 31.00 16.70
2015 05 30 19.20 22.90 16.40
2015 05 31 21.80 29.70 15.50
2015 06 01 23.10 30.40 16.40
2015 06 02 21.60 26.30 18.70
2015 06 03 22.40 28.20 18.30
2015 06 04 23.30 30.50 15.50
2015 06 05 18.30 23.10 14.50
2015 06 06 21.00 29.30 13.90
2015 06 07 21.60 28.10 16.60
2015 06 08 19.80 24.30 17.20
2015 06 09 22.50 29.20 17.20
2015 06 10 24.40 31.40 18.10
2015 06 11 23.10 25.90 20.30
2015 06 12 25.70 31.90 20.10
2015 06 13 24.30 29.00 20.40
2015 06 14 21.70 26.90 19.10
2015 06 15 23.80 30.10 20.40
2015 06 16 23.30 29.40 20.20
2015 06 17 21.30 24.20 19.50
2015 06 18 24.10 31.20 18.50
2015 06 19 23.70 29.50 20.50
2015 06 20 20.40 23.10 18.70
2015 06 21 21.80 26.50 18.70
2015 06 22 22.50 28.40 18.30
2015 06 23 24.30 29.90 19.00
2015 06 24 23.30 25.80 21.00
2015 06 25 22.20 26.00 19.90
2015 06 26 21.90 24.60 20.40
2015 06 27 21.70 25.10 19.40
2015 06 28 24.00 30.70 19.40
2015 06 29 24.00 28.30 20.80
2015 06 30 20.20 23.00 19.00
2015 07 01 22.50 27.50 19.10
2015 07 02 22.90 28.20 17.60
2015 07 03 23.80 28.30 20.60
2015 07 04 22.70 28.20 18.20
2015 07 05 23.10 27.80 19.50
2015 07 06 23.00 26.30 19.30
2015 07 07 20.20 22.60 18.50
2015 07 08 22.30 24.80 19.10
2015 07 09 25.30 30.50 21.70
2015 07 10 28.00 34.20 22.30
2015 07 11 26.30 30.50 23.70
2015 07 12 24.90 26.60 23.40
2015 07 13 23.00 26.10 21.50
2015 07 14 25.80 30.70 21.00
2015 07 15 25.20 30.50 23.10
2015 07 16 25.60 29.70 21.30
2015 07 17 25.10 31.10 21.50
2015 07 18 24.60 29.00 21.30
2015 07 19 26.90 32.10 22.10
2015 07 20 26.70 30.30 24.50
2015 07 21 26.00 29.70 23.80
2015 07 22 27.40 32.00 24.30
2015 07 23 25.80 28.40 24.60
2015 07 24 25.40 26.40 24.70
2015 07 25 27.40 31.10 25.30
2015 07 26 28.00 34.10 23.20
2015 07 27 26.50 30.70 24.10
2015 07 28 25.90 30.80 24.80
2015 07 29 29.00 34.10 24.40
2015 07 30 29.30 34.20 25.90
2015 07 31 28.90 33.60 25.30
2015 08 01 28.50 33.60 25.10
2015 08 02 28.40 32.90 26.10
2015 08 03 28.40 33.20 24.40
2015 08 04 28.60 33.50 25.30
2015 08 05 29.20 34.60 25.50
2015 08 06 29.70 34.90 25.10
2015 08 07 30.00 36.20 25.20
2015 08 08 27.60 34.40 25.40
2015 08 09 27.80 33.30 23.20
2015 08 10 27.20 32.20 23.20
2015 08 11 23.20 26.40 19.50
2015 08 12 23.80 28.60 19.70
2015 08 13 25.80 30.70 22.40
2015 08 14 26.20 31.30 22.30
2015 08 15 27.30 32.90 22.10
2015 08 16 26.40 29.30 23.60
2015 08 17 26.10 32.00 22.70
2015 08 18 25.90 29.50 23.90
2015 08 19 26.20 29.50 22.90
2015 08 20 23.50 25.80 22.20
2015 08 21 24.50 29.00 21.20
2015 08 22 24.90 27.30 22.60
2015 08 23 25.40 28.90 23.20
2015 08 24 24.60 26.60 23.30
2015 08 25 22.50 26.00 21.40
2015 08 26 23.40 28.40 19.10
2015 08 27 23.30 28.30 20.10
2015 08 28 24.50 28.90 21.80
2015 08 29 23.90 29.40 19.20
2015 08 30 24.40 29.00 20.10
2015 08 31 25.50 30.20 20.50
2015 09 01 25.20 29.70 22.30
2015 09 02 23.60 29.70 21.00
2015 09 03 23.50 28.70 19.80
2015 09 04 24.20 30.10 19.60
2015 09 05 22.40 26.90 18.60
2015 09 06 22.40 27.00 18.60
2015 09 07 22.50 27.10 18.40
2015 09 08 21.90 27.60 17.20
2015 09 09 22.20 28.10 15.90
2015 09 10 22.40 28.70 16.70
2015 09 11 22.40 28.80 17.30
2015 09 12 19.60 22.00 16.50
2015 09 13 19.90 25.40 15.10
2015 09 14 20.80 27.20 14.90
2015 09 15 21.20 26.80 15.50
2015 09 16 20.00 23.80 15.20
2015 09 17 22.20 28.80 16.50
2015 09 18 22.10 27.80 17.70
2015 09 19 21.90 27.70 18.10
2015 09 20 21.50 27.20 16.80
2015 09 21 22.70 29.10 17.20
2015 09 22 22.70 29.20 18.30
2015 09 23 18.50 20.80 17.30
2015 09 24 21.80 27.60 16.20
2015 09 25 22.20 26.30 18.90
2015 09 26 21.60 26.80 17.30
2015 09 27 22.10 28.60 16.00
2015 09 28 22.70 29.60 15.30
2015 09 29 23.90 30.60 17.90
2015 09 30 19.30 22.30 17.20
2015 10 01 18.90 23.50 15.50
2015 10 02 17.10 22.40 11.30
2015 10 03 18.60 24.80 12.70
2015 10 04 19.20 25.90 13.60
2015 10 05 20.00 26.40 15.00
2015 10 06 19.40 26.90 13.20
2015 10 07 19.20 25.90 13.40
2015 10 08 18.60 24.30 15.90
2015 10 09 17.50 21.70 13.40
2015 10 10 15.70 22.10 10.10
2015 10 11 14.10 18.80 10.50
2015 10 12 15.00 19.20 11.90
2015 10 13 16.10 22.60 11.00
2015 10 14 17.00 24.70 10.80
2015 10 15 18.00 24.50 13.20
2015 10 16 17.30 24.80 11.70
2015 10 17 18.00 25.60 11.60
2015 10 18 18.20 26.00 11.60
2015 10 19 18.80 25.60 13.10
2015 10 20 19.10 26.50 12.70
2015 10 21 19.20 25.90 13.90
2015 10 22 19.20 24.40 14.30
2015 10 23 18.60 23.30 15.60
2015 10 24 15.90 21.70 12.20
2015 10 25 16.90 22.50 12.20
2015 10 26 16.90 21.30 11.90
2015 10 27 15.20 18.10 12.30
2015 10 28 13.60 18.80 9.50
2015 10 29 13.10 18.20 8.80
2015 10 30 10.20 13.20 7.80
2015 10 31 9.10 14.00 4.80
2015 11 01 8.10 10.40 5.50
2015 11 02 10.40 16.00 5.40
2015 11 03 12.20 19.70 6.20
2015 11 04 13.30 21.00 6.50
2015 11 05 15.60 21.60 11.30
2015 11 06 16.10 21.20 12.40
2015 11 07 15.60 17.20 13.70
2015 11 08 16.50 17.90 15.40
2015 11 09 13.60 16.00 11.60
2015 11 10 11.50 14.70 8.60
2015 11 11 12.80 19.10 6.90
2015 11 12 15.40 21.00 9.70
2015 11 13 12.30 15.20 11.20
2015 11 14 14.40 16.60 13.00
2015 11 15 14.10 18.70 11.00
2015 11 16 14.20 17.80 10.80
2015 11 17 15.90 19.10 14.60
2015 11 18 13.20 15.30 11.40
2015 11 19 11.60 12.20 10.90
2015 11 20 12.90 17.10 10.10
2015 11 21 11.00 14.40 8.30
2015 11 22 12.50 18.50 6.90
2015 11 23 12.70 14.10 10.90
2015 11 24 10.10 12.60 8.10
2015 11 25 7.00 9.10 4.90
2015 11 26 1.40 5.20 -0.20
2015 11 27 2.60 4.60 0.10
2015 11 28 5.10 9.70 2.20
2015 11 29 7.70 13.40 3.00
2015 11 30 8.00 13.00 4.80
2015 12 01 7.50 14.20 1.30
2015 12 02 8.30 12.10 6.10
2015 12 03 4.70 7.70 0.80
2015 12 04 4.30 7.30 1.50
2015 12 05 5.70 8.60 2.30
2015 12 06 4.90 9.30 4.00
2015 12 07 3.70 11.30 -1.40
2015 12 08 5.10 11.80 -0.10
2015 12 09 8.90 15.80 1.70
2015 12 10 10.60 11.90 9.30
2015 12 11 8.60 10.00 7.60
2015 12 12 8.90 11.20 6.70
2015 12 13 10.80 15.30 7.60
2015 12 14 10.50 12.40 9.00
2015 12 15 8.10 11.00 6.10
2015 12 16 2.80 6.60 -0.50
2015 12 17 -1.20 0.40 -2.60
2015 12 18 0.50 5.20 -3.50
2015 12 19 3.30 9.30 -1.10
2015 12 20 4.40 7.50 1.20
2015 12 21 6.40 11.20 3.70
2015 12 22 7.60 14.50 0.40
2015 12 23 8.10 9.90 5.50
2015 12 24 5.60 9.80 3.00
2015 12 25 3.00 6.20 0.50
2015 12 26 4.70 11.20 -0.10
2015 12 27 0.80 4.60 -2.20
2015 12 28 0.00 3.20 -3.10
2015 12 29 1.50 6.80 -3.10
2015 12 30 3.00 8.10 -2.50
2015 12 31 3.80 7.50 1.30
