year month date house_pred houseCooking_pred houseJHeating_pred salesOne_pred salesTwo_pred bizHeating_pred bizCooling_pred industry_pred heatFacility_pred heatCombined_pred CNG_pred pred_sum
2019 10 1 2191.8 1599.5 17304.1 5994.6 704.4 1348.6 733.2 120062.4 14719.6 6008.1 22469.6 193135.8
2019 10 2 1399.8 1574.7 11547.5 6000.5 704.4 1418.9 650.7 120216.5 14525.7 5709.4 21412.1 185160.2
2019 10 3 1008.3 1616.1 8609.6 8046.3 684.4 2632.5 0.0 92584.2 15968.2 1544.3 21571.5 154265.4
2019 10 4 881.5 1494.5 6292.2 6008.3 605.2 1456.6 589.1 119668.0 14018.6 4623.8 18709.7 174347.4
2019 10 5 1802.1 1345.8 13242.8 6514.9 634.8 1937.2 318.6 92344.8 13143.0 3876.4 16405.6 151565.9
2019 10 6 2004.4 1518.6 13686.3 7148.9 634.8 2135.3 308.8 104924.5 14607.7 3790.5 16840.6 167600.4
2019 10 7 2227.9 1494.2 16293.0 6918.1 700.8 2096.9 280.9 117995.1 14444.6 3360.9 19883.1 185695.7
2019 10 8 2191.8 1496.7 17304.1 6840.8 704.4 2056.8 299.2 120062.4 14553.9 3211.9 19628.4 188350.4
2019 10 9 1693.5 1616.1 10129.8 8046.3 645.4 2632.5 0.0 93731.3 15968.2 1544.3 21571.5 157578.9
2019 10 10 2377.9 1430.2 15862.1 6467.5 665.4 1984.9 212.6 120598.5 13542.3 3992.9 15399.3 182533.6
2019 10 11 2766.3 1455.6 17343.1 6703.2 655.0 2058.8 203.2 126172.4 14423.9 3059.4 19275.2 194116.1
2019 10 12 2762.7 1441.7 15566.5 7053.2 595.8 2346.3 0.0 105600.5 14225.6 1703.3 18290.8 169586.2
2019 10 13 2804.8 1724.2 19208.7 8099.0 595.8 2657.4 0.0 126836.0 16787.7 1747.4 16760.1 197221.1
2019 10 14 2292.0 1617.6 13366.8 7460.6 661.8 2471.3 0.0 114685.7 15771.1 1770.7 20260.0 180357.7
2019 10 15 2364.1 1664.8 16077.6 7512.7 665.4 2484.7 0.0 119555.1 16455.1 1678.0 21342.3 189799.8
2019 10 16 2340.5 1615.3 15047.6 7261.6 665.4 2409.1 0.0 118448.7 15623.9 1714.7 16836.9 181963.8
2019 10 17 2377.9 1505.7 15862.1 6627.7 665.4 2231.0 0.0 120598.5 14252.1 1881.4 14782.7 180784.6
2019 10 18 2295.3 1550.3 14447.9 6778.6 655.0 2285.7 0.0 116937.5 15567.4 1533.9 20396.7 182448.2
2019 10 19 2090.1 1572.4 14093.2 6690.9 595.8 2271.7 0.0 93874.9 15135.7 1991.3 20517.9 158833.8
2019 10 20 2333.9 1811.0 16282.9 7691.7 595.8 2582.7 0.0 114870.5 17774.1 1836.5 18447.7 184226.8
2019 10 21 2292.0 1601.2 14275.4 6652.2 661.8 2254.8 0.0 118750.1 15701.6 1786.5 20528.0 184503.6
2019 10 22 2146.0 1859.1 13886.7 7620.2 665.4 2579.0 0.0 121175.4 18612.2 1857.6 25440.1 195841.7
2019 10 23 2340.5 1597.5 15047.6 6493.1 665.4 2219.8 0.0 118448.7 15639.8 1736.7 19356.9 183546.1
2019 10 24 2848.9 1505.6 17706.9 6109.5 665.4 2082.0 0.0 129163.0 14244.4 1828.1 14478.1 190631.9
2019 10 25 2766.3 1572.8 18385.3 6310.2 655.0 2183.3 0.0 117034.5 16002.7 1399.6 21562.6 187872.3
2019 10 26 2561.0 1743.1 16331.1 6934.1 595.8 2427.7 0.0 108058.8 16593.2 2161.9 19564.9 176971.7
2019 10 27 3006.5 1833.3 19208.7 7318.0 595.8 2545.7 0.0 126836.0 18238.1 1670.9 18272.7 199525.5
2019 10 28 2964.6 1594.6 17336.7 6236.9 661.8 2224.4 0.0 117490.8 15927.2 1517.5 19159.0 185113.6
2019 10 29 3871.2 1954.1 24185.7 8209.1 665.4 3634.1 0.0 121960.4 23356.6 2930.3 27317.7 218084.6
2019 10 30 3889.0 1451.0 22773.3 6715.3 665.4 2985.3 0.0 149547.7 18444.1 2491.5 18685.1 227647.7
2019 10 31 4182.2 1482.4 20295.1 7222.4 665.4 3302.3 0.0 152103.6 18865.6 2502.9 12712.2 223334.1
2019 11 1 3821.7 1479.3 21152.7 7072.1 659.4 3234.0 0.0 133633.4 20164.4 1893.9 22000.9 215112.0
2019 11 2 3129.9 1611.0 18099.8 7648.7 654.9 3477.4 0.0 109238.5 20374.3 2524.9 17997.6 184757.0
2019 11 3 3469.1 1639.6 19431.9 7818.0 621.0 3523.7 0.0 126744.3 21294.6 2360.5 18471.2 205374.0
2019 11 4 3899.2 1525.2 22076.4 7258.1 653.7 3378.5 0.0 123496.2 20753.3 2269.0 21233.3 206543.0
2019 11 5 3857.5 1770.8 22252.7 8971.1 659.4 4793.8 0.0 125982.1 26674.6 6167.0 24771.4 225900.6
2019 11 6 3744.2 1508.1 21983.8 8573.5 659.4 4639.5 0.0 129829.6 25120.3 6351.2 20389.2 222798.9
2019 11 7 2869.6 1442.5 18309.9 8773.4 659.4 4809.0 0.0 127787.3 24182.1 5376.8 10933.0 205142.9
2019 11 8 3324.8 1486.5 18128.4 8617.7 659.4 4746.0 0.0 128953.5 25921.3 4655.8 19099.8 215593.2
2019 11 9 3075.9 1445.5 18046.4 8046.4 610.7 4392.3 0.0 109238.5 23570.9 6080.8 18498.7 193006.0
2019 11 10 3469.1 1581.8 19431.9 9032.7 621.0 5027.3 0.0 126744.3 26457.6 7070.8 18635.1 218071.6
2019 11 11 3570.5 1475.4 21264.8 8071.4 653.7 4516.3 0.0 123496.2 25641.2 5703.4 23435.6 217828.6
2019 11 12 4019.4 1623.0 22295.2 8997.7 659.4 5190.0 0.0 125982.1 28737.2 8389.5 21047.1 226940.7
2019 11 13 4232.1 1575.5 23385.3 9303.9 659.4 5397.5 0.0 130916.3 29864.1 9099.5 21308.4 235742.1
2019 11 14 4216.8 1442.4 23342.8 8840.8 659.4 5206.5 0.0 133399.6 26959.7 7984.9 11237.3 223290.1
2019 11 15 3767.4 1526.1 21398.2 8830.8 659.4 5245.9 0.0 131485.0 29738.6 7357.8 20499.1 230508.2
2019 11 16 2914.9 1398.7 18112.9 7931.0 654.9 4781.3 0.0 119678.6 26485.0 9263.3 19334.8 210555.3
2019 11 17 3772.0 1537.2 19285.9 8972.7 621.0 5367.7 0.0 126744.3 29077.3 9207.2 17443.7 222028.9
2019 11 18 4112.2 1491.9 20923.7 8240.0 653.7 4921.4 0.0 128729.0 29500.3 7812.8 25650.6 232035.7
2019 11 19 3222.8 1551.9 21153.6 8604.6 659.4 5196.9 0.0 131791.3 29811.4 9626.2 23235.9 234854.1
2019 11 20 3954.8 1689.8 22573.7 9371.0 659.4 5684.8 0.0 137709.0 31978.4 11293.5 23601.9 248516.4
2019 11 21 4102.2 1582.8 22682.5 8993.6 659.4 5529.0 0.0 149435.1 29340.2 9931.8 13542.3 245799.0
2019 11 22 4481.4 1550.7 24355.5 8176.5 659.4 5081.4 0.0 138767.9 29842.4 9452.9 24264.4 246632.6
2019 11 23 5447.8 1629.6 25646.1 8815.8 654.9 5542.7 0.0 138807.2 30189.3 11954.9 19656.2 248344.6
2019 11 24 5431.5 1668.3 26863.7 8995.0 654.9 5590.9 0.0 145672.0 31618.2 10477.4 21828.0 258800.0
2019 11 25 5692.3 1542.0 25391.7 8072.7 653.7 5033.1 0.0 137539.0 29763.8 9112.5 24120.6 246921.4
2019 11 26 5910.5 1696.1 27085.2 8588.0 659.4 5446.7 0.0 144783.5 33453.4 10817.8 26936.4 265377.2
2019 11 27 5476.7 1778.9 28075.5 9241.6 659.4 6258.8 0.0 159755.3 33880.4 11927.4 20827.2 277881.3
2019 11 28 6055.6 1732.9 25483.2 10004.2 659.4 7341.5 0.0 155934.5 38402.0 7669.2 15244.8 268527.3
2019 11 29 5039.0 1520.4 24355.5 8631.8 659.4 6275.5 0.0 140132.8 35320.0 7308.2 22748.7 251991.3
2019 11 30 4736.4 1621.1 25535.8 9438.3 654.9 6942.5 0.0 138807.2 36862.6 9090.3 17864.6 251553.7
2019 12 1 7594.9 1565.1 37335.0 9339.4 801.6 6883.2 0.0 143068.7 37147.0 6594.5 19993.0 270322.3
2019 12 2 7716.3 1496.7 36810.2 8909.9 919.6 6615.1 0.0 142518.4 36642.7 6680.8 23472.1 271781.7
2019 12 3 8175.9 1665.0 39966.4 9498.8 1056.1 7051.8 0.0 144197.4 41052.5 8201.1 28858.8 289723.8
2019 12 4 8175.9 1669.9 40125.3 9888.4 924.0 7784.8 0.0 144197.4 39618.4 8937.7 16800.4 278122.1
2019 12 5 8175.9 1724.4 41626.0 11137.0 1071.5 9221.9 0.0 144197.4 47494.9 5013.3 17710.7 287373.1
2019 12 6 8018.4 1469.2 38463.1 9512.2 1058.0 7773.1 0.0 144197.4 42149.7 4675.2 21939.1 279255.4
2019 12 7 8362.4 1539.7 38421.7 10099.1 814.7 8316.5 0.0 141930.4 43658.1 5518.2 17954.8 276615.5
2019 12 8 8423.4 1578.5 42436.1 10197.7 875.5 8332.2 0.0 141930.4 45575.3 4259.3 23247.3 286855.8
2019 12 9 7707.7 1471.2 38268.2 9591.1 1044.0 7881.0 0.0 142518.4 43627.3 4498.4 23912.7 280520.1
2019 12 10 8175.9 1614.1 40424.6 10146.1 1075.8 8348.7 0.0 144197.4 48094.7 5028.7 27221.7 294327.5
2019 12 11 8046.6 1648.4 39842.9 10610.4 1119.0 8943.6 0.0 144197.4 48537.1 5262.3 19435.3 287643.1
2019 12 12 8046.6 1708.8 39842.9 11473.7 1129.8 9785.5 0.0 144197.4 52891.3 1648.0 19372.6 290096.6
2019 12 13 8147.7 1473.5 39389.2 10173.4 1068.9 8674.8 0.0 144197.4 47761.1 1453.2 19465.6 281804.8
2019 12 14 7404.6 1445.3 33677.3 9990.2 919.0 8538.9 0.0 141930.4 46823.2 1681.8 17848.9 270259.7
2019 12 15 7619.2 1497.3 39438.3 10233.5 927.1 8724.8 0.0 141930.4 48912.7 1436.8 22095.4 282815.7
2019 12 16 7971.4 1525.8 41095.4 10377.3 1219.0 8859.7 0.0 144227.6 50593.5 1753.7 25640.4 293263.9
2019 12 17 8903.6 1586.1 45997.2 10746.7 1219.7 9189.2 0.0 145737.8 51993.8 1536.0 24244.1 301154.3
2019 12 18 8046.6 1559.9 39842.9 10592.4 1119.0 9085.6 0.0 144197.4 51151.7 1662.7 21420.2 288678.3
2019 12 19 8175.9 1575.8 41626.0 10717.0 1012.5 9185.2 0.0 144197.4 51361.0 1612.1 20287.6 289750.5
2019 12 20 8147.7 1523.2 39434.6 10296.8 892.2 8827.6 0.0 144197.4 49535.6 1443.0 19486.0 283784.1
2019 12 21 7533.9 1360.8 33532.0 9170.3 956.1 7880.2 0.0 143068.7 45069.6 1643.6 20243.8 270459.0
2019 12 22 7594.9 1584.0 38009.0 10569.0 953.7 9069.5 0.0 143068.7 52109.3 1457.7 24220.9 288636.6
2019 12 23 7716.3 1473.6 37358.3 9774.6 914.2 8409.4 0.0 142518.4 48578.9 1645.2 22794.1 281182.9
2019 12 24 8175.9 1630.5 40258.8 10750.8 1142.9 9278.4 0.0 144197.4 53254.9 1636.2 23698.4 294024.2
2019 12 25 7726.3 1467.8 35436.6 10171.1 1004.6 8485.7 0.0 144197.4 45535.7 695.2 20624.8 275345.3
2019 12 26 8046.6 1588.5 39153.9 10507.7 1096.4 9071.8 0.0 144197.4 51822.2 1598.5 21428.6 288511.6
2019 12 27 9350.7 1527.3 44622.7 10048.6 1081.5 8676.4 0.0 145737.8 49444.2 960.8 18891.4 290341.6
2019 12 28 8936.9 1346.6 41413.1 8981.0 1023.9 7782.2 0.0 144583.9 44186.6 1042.4 18568.6 277865.2
2019 12 29 8829.5 1491.2 43877.6 10165.1 1120.8 8539.6 0.0 144583.9 46983.2 1001.8 22054.9 288647.8
2019 12 30 7971.4 1429.1 39793.1 9891.7 893.5 8261.2 0.0 142518.4 44883.2 1046.7 19417.9 276106.1
2019 12 31 8903.6 1511.8 44748.4 10466.5 962.3 8772.9 0.0 144197.4 48891.8 1046.8 25878.2 295379.9
2020 1 1 7819.3 1675.6 37724.9 11150.9 933.2 8789.9 0.0 150047.5 46899.1 12.2 20376.7 285429.3
2020 1 2 8180.5 1833.6 36804.1 12403.9 933.2 9752.2 0.0 147391.2 51799.7 14.0 20996.3 290108.8
2020 1 3 6859.4 1683.3 35415.9 11514.1 933.2 9030.3 0.0 146184.8 47816.1 15.4 30241.3 289693.9
2020 1 4 6461.2 1670.8 31077.2 11075.0 875.3 8725.0 0.0 135484.9 46669.7 12.5 27604.1 269655.7
2020 1 5 6905.3 1632.1 32328.6 10771.6 875.3 8477.4 0.0 136432.9 44672.2 13.2 24040.8 266149.3
2020 1 6 6722.5 1611.8 31312.0 10691.5 900.2 8415.2 0.0 134049.2 44692.5 13.0 22561.7 260969.7
2020 1 7 7039.4 1913.0 35603.5 12661.1 933.2 9967.6 0.0 146184.8 53100.4 15.0 21904.6 289322.6
2020 1 8 7257.9 1801.4 35527.6 11815.6 933.2 9301.6 0.0 147391.2 49521.4 13.4 18859.8 282423.4
2020 1 9 7953.4 1829.3 37724.9 12052.4 933.2 9533.2 0.0 150047.5 50896.8 13.9 23475.1 294459.7
2020 1 10 8092.7 1756.7 39791.4 11663.9 1024.3 9217.2 0.0 158136.6 49060.1 15.3 29755.4 308513.6
2020 1 11 7511.1 1737.2 36043.5 11258.5 1003.9 8925.7 0.0 150801.5 47725.7 13.1 26540.6 291560.9
2020 1 12 7628.6 1760.6 37807.5 11516.8 1003.9 9126.7 0.0 150801.5 48062.2 14.5 24969.2 292691.4
2020 1 13 7633.6 1819.7 35499.0 11613.6 979.8 9235.4 0.0 146274.1 49671.0 13.4 23547.9 286287.5
2020 1 14 8579.7 1909.4 40562.9 12245.3 979.8 9718.7 0.0 156183.0 51799.2 14.9 20902.1 302895.1
2020 1 15 7980.0 1931.6 39513.2 12350.9 933.2 9797.6 0.0 150047.5 51946.3 14.8 15832.6 290347.8
2020 1 16 7943.7 1894.2 37724.9 11928.4 933.2 9631.1 0.0 150047.5 51772.4 14.7 26967.9 298858.0
2020 1 17 7943.7 1847.1 37613.2 11710.2 933.2 9439.0 0.0 150047.5 50401.5 15.9 27985.3 297936.7
2020 1 18 7551.6 1834.4 35523.8 11494.4 875.3 9262.0 0.0 137590.9 49382.5 14.4 25230.4 278759.7
2020 1 19 8164.1 1874.0 38595.7 11844.2 959.4 9569.2 0.0 148847.9 50417.4 17.1 24364.0 294653.0
2020 1 20 7035.0 1919.8 34812.3 11914.2 979.8 9659.0 0.0 146274.1 52070.6 15.8 23025.8 287706.3
2020 1 21 8579.7 1990.5 40185.2 12424.6 979.8 10064.5 0.0 156183.0 53767.1 16.5 20204.6 304395.4
2020 1 22 7943.9 1973.4 39827.3 12263.4 979.8 9931.4 0.0 156183.0 52987.3 16.3 16064.7 298170.5
2020 1 23 6967.2 1976.0 35527.6 12158.3 933.2 9982.6 0.0 147391.2 54062.3 21.9 30014.6 299035.0
2020 1 24 8108.8 1896.1 36692.4 11761.1 906.7 9626.5 0.0 147391.2 51300.5 23.1 26870.7 294577.2
2020 1 25 6554.6 1834.8 31001.3 11266.8 875.3 9200.2 0.0 136691.4 49607.3 19.1 27740.0 274790.7
2020 1 26 7669.0 1841.2 37287.7 11365.7 875.3 9312.6 0.0 138538.9 49484.9 23.5 25874.5 282273.4
2020 1 27 7633.6 1934.7 35499.0 11842.6 979.8 9724.1 0.0 146274.1 52604.5 23.7 23625.5 290141.5
2020 1 28 8013.8 2075.9 39903.2 12732.3 1024.3 10398.8 0.0 158136.6 56114.3 24.8 21299.6 309723.5
2020 1 29 7951.6 1994.9 39903.2 12237.3 951.1 9949.0 0.0 157796.2 55610.0 24.0 17877.2 304294.5
2020 1 30 8717.3 1950.0 40562.9 11956.8 979.8 9734.8 0.0 156183.0 55175.3 28.5 31489.3 316777.8
2020 1 31 8263.1 1911.8 39715.6 11947.1 979.8 9693.6 0.0 156183.0 53948.2 29.7 26635.3 309307.0
2020 2 1 8012.1 1871.9 38069.3 11388.5 948.1 9298.0 0.0 139669.8 52472.0 31.3 29734.9 291495.8
2020 2 2 8059.7 1798.1 38069.3 10864.0 950.6 8885.1 0.0 148733.2 49651.8 34.7 26671.9 293718.5
2020 2 3 7796.4 1916.8 37030.6 11518.0 991.7 9416.0 0.0 142271.4 53829.9 33.0 27748.0 292551.8
2020 2 4 8507.7 2002.5 40130.7 12184.3 1006.9 9924.2 0.0 158906.8 55592.4 30.9 23523.7 311810.1
2020 2 5 8902.8 1946.8 40530.2 11791.9 1006.9 9557.9 0.0 158011.8 55637.2 44.2 19180.9 306610.6
2020 2 6 8507.7 1989.4 40130.7 11704.9 1061.4 9468.8 0.0 170362.6 55620.0 45.2 30030.9 328921.4
2020 2 7 8507.7 1969.9 40130.7 11789.0 998.3 9507.0 0.0 158279.2 54967.4 47.1 25529.3 311725.7
2020 2 8 8012.1 1953.9 38069.3 11399.3 1002.6 9146.6 0.0 142114.1 54802.0 59.1 28618.1 295177.2
2020 2 9 8059.7 1815.1 37624.2 10468.0 843.3 8390.3 0.0 138474.8 49939.5 60.6 24450.9 280126.4
2020 2 10 7276.0 1889.7 36378.0 10911.2 1046.2 8718.6 0.0 145274.9 52970.4 54.6 27207.0 291726.6
2020 2 11 8130.6 1970.3 37582.2 11529.3 952.4 9209.6 0.0 156348.8 54500.7 52.7 23552.1 303828.6
2020 2 12 7698.3 1908.1 36466.6 11101.4 952.4 8809.6 0.0 137725.3 52590.7 50.5 18537.4 275840.3
2020 2 13 7983.8 1887.1 36466.6 10855.6 892.2 8591.4 0.0 152708.4 50746.9 49.9 28173.9 298355.9
2020 2 14 7698.3 1921.0 36466.6 11137.9 943.8 8758.8 0.0 142610.7 51327.0 55.3 25604.7 286524.2
2020 2 15 8012.1 1912.0 37624.2 11082.7 840.8 8675.0 0.0 126285.7 51298.9 57.3 26103.7 271892.3
2020 2 16 7279.1 1775.0 33710.2 10322.3 845.7 8034.2 0.0 133300.6 46796.8 59.5 21962.1 264085.5
2020 2 17 6971.2 1845.3 33467.1 10775.1 860.0 8356.6 0.0 129791.9 49452.0 53.0 22813.3 264385.4
2020 2 18 8130.6 2034.1 37582.2 11924.9 952.4 9208.1 0.0 156348.8 53984.6 58.8 21428.8 301653.3
2020 2 19 7983.8 1897.5 36466.6 11175.4 890.0 8547.8 0.0 143420.2 50253.7 56.7 16626.4 277318.1
2020 2 20 7902.8 1775.5 36466.6 10650.9 952.4 8124.1 0.0 147212.0 47431.9 52.8 26120.7 286689.7
2020 2 21 8130.6 1837.3 37582.2 11064.1 943.8 8399.6 0.0 151039.7 48816.9 61.2 25845.0 293720.4
2020 2 22 7064.0 1804.4 33710.2 10845.8 843.2 8205.2 0.0 124271.0 47568.5 52.8 23238.6 257603.6
2020 2 23 7074.6 1739.5 33710.2 10490.2 845.7 7895.7 0.0 126778.0 45077.1 53.8 21419.4 255084.2
2020 2 24 7170.2 1793.2 35104.4 10794.0 860.0 8100.3 0.0 134272.9 46960.0 46.2 20269.7 265370.9
2020 2 25 7902.8 1989.3 36466.6 12093.8 952.4 8987.2 0.0 144561.6 52052.3 52.3 19470.4 284528.9
2020 2 26 7902.8 1914.8 36466.6 11151.9 952.4 8150.7 0.0 145848.7 46911.8 45.7 23990.3 283335.7
2020 2 27 7769.5 1712.7 36466.6 10018.9 903.2 7377.0 0.0 151816.0 42726.6 36.7 24469.1 283296.3
2020 2 28 7983.8 1880.3 36466.6 11014.2 903.2 8081.6 0.0 146651.3 46003.5 42.8 24332.9 283360.4
2020 2 29 7312.5 1751.9 33710.2 10385.4 831.0 7720.7 0.0 128015.0 44515.9 36.4 24477.8 258756.8
2020 3 1 5958.8 1723.8 25506.0 10235.1 712.8 7428.2 0.0 137411.6 42702.1 38.3 23482.2 255199.0
2020 3 2 6371.0 1809.4 29552.7 10684.6 798.7 7719.4 0.0 145499.8 44808.1 35.0 20515.9 267794.6
2020 3 3 5616.6 1999.9 29071.1 11823.9 700.6 8503.9 0.0 137090.6 49047.9 39.3 19132.0 263025.7
2020 3 4 4668.8 1931.9 24763.1 10961.5 715.0 7780.6 0.0 139230.9 45110.2 45.8 22844.8 258052.7
2020 3 5 4668.8 1813.0 24346.3 10172.8 722.3 7248.0 0.0 139230.9 42163.0 39.6 23205.2 253609.8
2020 3 6 5953.6 1902.7 26841.3 10775.3 712.2 7662.4 0.0 139907.9 43772.2 43.1 24823.0 262393.7
2020 3 7 5958.8 1756.1 25506.0 10001.3 717.0 7079.0 0.0 137503.7 40747.0 38.1 25643.3 254950.2
2020 3 8 5958.8 1771.3 25506.0 10081.3 712.8 7137.8 0.0 137411.6 40000.3 39.7 24819.0 253438.7
2020 3 9 6371.0 1861.8 29552.7 10522.5 798.7 7390.8 0.0 145499.8 41614.6 38.4 21235.0 264885.4
2020 3 10 6484.9 2002.7 30470.6 11439.5 798.7 8039.1 0.0 147183.7 44324.7 42.4 19013.9 269800.3
2020 3 11 6484.9 1936.8 31203.6 10655.6 805.5 7401.1 0.0 149791.9 40918.9 48.4 24178.4 273425.1
2020 3 12 5953.6 1851.2 29387.2 10073.9 718.5 6974.5 0.0 141107.7 38608.1 42.8 21220.9 255938.4
2020 3 13 5616.6 1892.5 25656.1 10430.2 701.0 7213.0 0.0 139907.9 39457.2 43.9 24859.6 255778.3
2020 3 14 5232.7 1810.3 23494.4 10084.9 606.7 6902.3 0.0 132418.6 37956.0 42.2 27631.2 246179.4
2020 3 15 5232.7 1777.7 23494.4 9970.6 606.7 6773.8 0.0 134345.9 36459.2 42.8 26097.2 244801.2
2020 3 16 5502.7 1877.7 27103.6 10459.7 700.6 7053.2 0.0 132290.1 38174.7 43.5 24397.4 247603.3
2020 3 17 4668.8 2071.6 24179.3 11614.6 685.8 7870.4 0.0 135213.7 41685.5 48.7 20059.6 248098.1
2020 3 18 4668.8 1927.9 24763.1 10703.1 715.0 7220.5 0.0 139230.9 38771.2 44.7 21867.6 249912.7
2020 3 19 4309.5 2013.9 22931.2 11122.9 672.6 7461.7 0.0 136714.8 39989.3 46.1 19888.1 245149.9
2020 3 20 5616.6 1849.8 25656.1 10257.7 701.0 6871.4 0.0 139907.9 36658.8 42.6 25408.2 252970.2
2020 3 21 5567.9 1878.8 25506.0 10543.2 717.8 7022.9 0.0 137503.7 37111.5 43.9 26720.8 252616.6
2020 3 22 5569.8 1839.7 24865.0 10390.7 617.9 6846.6 0.0 134345.9 35858.2 43.7 25059.9 245437.4
2020 3 23 5502.7 1897.5 28153.2 10657.5 700.6 6964.4 0.0 132290.1 36906.9 44.3 26393.4 249510.5
2020 3 24 5616.6 2011.2 25925.8 11481.8 696.0 7540.9 0.0 137090.6 39115.4 47.4 19945.5 249471.2
2020 3 25 5616.6 1913.6 28754.5 10857.4 732.9 6991.2 0.0 141107.7 37059.3 50.2 21479.4 254562.8
2020 3 26 5616.6 1911.2 28337.6 10844.6 713.5 6874.5 0.0 141107.7 36985.3 48.7 20448.8 252888.6
2020 3 27 4874.0 1786.1 25334.4 10211.4 701.0 6400.7 0.0 139907.9 34150.3 43.5 21826.2 245235.5
2020 3 28 4420.1 1813.0 22589.0 9893.0 622.2 6054.8 0.0 130312.5 33230.4 46.5 25599.7 234581.2
2020 3 29 3946.3 1779.1 21603.7 9736.8 636.1 5867.3 0.0 134162.3 32213.0 45.7 23774.7 233764.9
2020 3 30 3003.6 1798.1 16707.8 9825.4 550.8 5882.4 0.0 128390.8 32633.5 46.4 26591.9 225430.6
2020 3 31 3003.6 1932.6 16707.8 10523.8 550.8 6250.2 0.0 130060.3 34901.7 49.6 19455.4 223435.8
2020 4 1 3060.8 1810.7 17992.5 9869.7 568.5 5557.2 0.0 131813.1 32536.2 51.9 21573.0 224833.7
2020 4 2 3084.9 1881.2 17992.5 10136.6 565.5 5568.5 0.0 130861.7 33406.9 52.9 20639.2 224189.9
2020 4 3 3084.9 1767.7 17992.5 9544.2 565.8 5172.1 0.0 130861.7 30585.5 46.8 19561.0 219182.3
2020 4 4 3099.2 1795.6 17992.5 9157.8 573.2 4794.9 0.0 124959.3 29545.6 49.9 23087.6 215055.5
2020 4 5 3490.9 1766.9 19232.8 9029.2 600.0 4709.1 0.0 133464.5 28949.7 50.4 22855.1 224148.7
2020 4 6 4140.7 1763.8 22572.6 9003.2 625.4 4663.1 0.0 126991.2 29015.1 50.2 25136.7 223962.1
2020 4 7 4336.1 1841.4 24930.9 9321.2 705.7 4741.8 0.0 134463.0 29804.8 52.0 18830.0 229027.1
2020 4 8 3475.0 1819.4 18754.2 9062.3 568.5 4445.4 0.0 133401.0 29015.0 57.3 20662.4 221260.5
2020 4 9 3084.9 1735.7 17992.5 8603.4 565.5 4069.4 0.0 130861.7 27445.8 53.4 20690.9 215103.1
2020 4 10 2876.1 1786.7 16037.0 8969.9 520.5 4195.3 0.0 130861.7 27463.5 51.7 17218.6 209981.2
2020 4 11 3099.2 1784.0 17992.5 8348.4 574.3 3660.3 0.0 127980.7 26053.3 54.6 24503.4 214050.5
2020 4 12 3173.0 1723.6 18471.0 8159.8 600.0 3564.6 0.0 133464.5 24800.9 52.6 22647.7 216657.8
2020 4 13 2998.2 1687.7 16925.7 8006.7 558.1 3471.2 0.0 129115.4 24482.3 52.6 26063.3 213361.2
2020 4 14 3048.0 1838.0 17992.5 8636.4 553.3 3689.2 0.0 133401.0 26509.4 56.8 21377.0 217101.5
2020 4 15 3084.9 1810.7 17992.5 8454.9 573.1 3520.9 0.0 131813.1 25654.8 56.1 23050.0 216011.0
2020 4 16 2876.1 1801.7 16534.7 8464.4 555.6 3515.2 0.0 130861.7 25807.3 56.9 23113.2 213586.9
2020 4 17 3134.7 1761.4 17992.5 8341.9 553.4 3441.9 0.0 133401.0 24421.5 52.9 19020.9 212122.1
2020 4 18 3173.0 1817.1 17992.5 8561.3 582.2 3540.4 0.0 130519.9 25639.4 57.4 27697.7 219580.9
2020 4 19 3123.3 1825.5 18471.0 8761.1 596.4 3613.7 0.0 130925.3 25417.8 56.3 24181.9 216972.2
2020 4 20 2789.5 1714.6 15467.9 8244.0 538.6 3361.6 0.0 130019.8 23936.0 53.7 26320.4 212446.2
2020 4 21 2789.5 1854.8 16037.0 8897.1 498.7 3615.4 0.0 131813.1 26161.7 59.4 24171.0 215897.7
2020 4 22 2873.7 1845.1 16037.0 8826.1 511.5 3569.1 0.0 131813.1 25728.0 57.5 25173.8 216434.9
2020 4 23 2876.1 1745.7 16534.7 8591.3 550.3 3385.4 0.0 130861.7 24531.1 54.5 25114.3 214245.2
2020 4 24 2876.1 1777.6 16037.0 8671.8 509.1 3310.4 46.0 130861.7 23870.1 51.7 18200.7 206212.4
2020 4 25 1940.5 1704.0 11356.4 8260.7 406.8 3177.7 47.0 118919.1 23599.7 54.7 31058.9 200525.5
2020 4 26 2914.5 1809.2 17029.1 8989.7 592.3 3443.3 54.7 130925.3 24593.4 54.1 25786.7 216192.2
2020 4 27 2998.2 1651.3 16925.7 7711.5 543.0 2776.8 91.6 129115.4 21358.5 50.7 27319.6 210542.4
2020 4 28 2789.5 1741.2 16037.0 8153.0 498.7 2925.5 98.4 131813.1 22966.5 55.4 25077.8 212156.1
2020 4 29 2159.4 1779.0 11888.2 8259.4 471.7 2905.3 123.3 130474.3 23146.2 55.4 25295.2 206557.4
2020 4 30 1940.5 1708.9 11356.4 8238.6 467.3 2860.0 105.4 129522.9 22709.8 53.7 27944.7 206908.0
2020 5 1 2024.2 1624.8 11331.6 7714.2 605.8 2544.4 146.3 136791.2 20457.7 47.1 20759.1 204046.4
2020 5 2 2027.2 1509.6 11129.6 7195.3 583.5 2396.2 134.0 113332.9 19475.3 47.7 30182.2 188013.7
2020 5 3 3044.8 1825.2 17741.7 8718.8 669.9 2872.0 172.6 133510.6 23143.6 54.6 27698.0 219451.7
2020 5 4 2190.5 1586.8 11843.8 7163.3 604.9 2168.5 221.9 125951.9 18954.7 47.3 25212.7 195946.5
2020 5 5 2027.2 1620.5 11071.0 7339.6 604.9 2212.5 228.6 130821.3 19720.5 50.1 24144.9 199841.2
2020 5 6 2027.2 1764.6 11165.5 7831.8 604.9 2224.5 293.0 130840.0 20837.0 53.6 22806.8 200449.0
2020 5 7 2027.2 1619.2 10947.2 7576.2 604.9 2145.6 255.2 130495.7 19377.2 48.2 26422.8 201519.4
2020 5 8 2027.2 1573.8 10947.2 7134.3 604.9 1829.8 295.1 128495.8 18058.4 45.2 21671.8 192683.6
2020 5 9 3044.8 1456.1 15896.1 6579.3 669.9 1658.3 290.3 115043.7 16793.0 44.0 27070.3 188545.8
2020 5 10 3044.8 1768.6 17632.7 8090.3 669.9 2039.7 350.9 132313.3 20135.4 51.9 29004.4 215101.9
2020 5 11 2027.2 1545.3 11506.8 6697.7 605.8 1453.7 388.1 128145.1 16454.4 44.6 23860.6 192729.4
2020 5 12 2027.2 1526.9 11618.4 6396.9 605.8 1366.7 379.7 130215.1 16272.7 44.8 21947.7 192402.0
2020 5 13 2027.2 1796.9 11712.9 7479.3 605.8 1549.3 465.5 133033.2 19127.3 53.0 20962.4 198812.9
2020 5 14 2027.2 1599.7 11756.9 6843.6 605.8 1449.1 410.9 139007.4 17101.5 47.6 26892.3 207742.0
2020 5 15 2024.2 1541.6 11299.0 6454.7 615.8 1227.3 438.2 134136.1 15843.8 44.1 21250.6 194875.3
2020 5 16 2027.2 1464.6 11374.4 6152.1 583.7 1164.0 424.3 121069.3 15209.2 43.2 24452.8 183964.8
2020 5 17 1734.2 1794.8 11184.8 7562.3 618.8 1475.3 500.1 145974.2 18616.8 52.8 29602.0 219116.1
2020 5 18 1599.0 1576.8 9021.7 6822.4 614.4 1328.0 445.0 135718.3 16309.9 44.9 21677.9 195158.3
2020 5 19 1736.0 1579.6 10904.5 6579.7 617.0 1284.4 432.9 130942.5 16325.7 45.6 19637.0 190084.8
2020 5 20 1599.0 1828.5 9524.5 7615.5 614.4 1463.2 513.1 141864.6 18971.5 53.1 20953.3 205000.8
2020 5 21 1599.0 1622.7 9306.2 6811.0 614.4 1322.9 454.7 141988.4 16772.8 47.7 25428.0 205967.7
2020 5 22 1597.7 1610.7 9444.5 6755.5 615.0 1288.5 455.9 145194.4 16102.5 44.8 18383.4 201493.1
2020 5 23 1599.0 1586.7 9115.7 6611.0 604.2 1246.8 467.4 127189.1 16363.8 46.3 23961.0 188791.0
2020 5 24 2129.5 1841.4 13251.1 7676.5 621.4 1447.8 563.0 143319.0 18633.5 53.0 28883.8 218420.0
2020 5 25 1736.0 1653.8 10801.2 7038.2 617.0 1320.3 524.9 129138.2 16756.5 46.4 20987.7 190620.1
2020 5 26 1736.0 1676.3 10904.5 6839.4 617.0 1258.9 550.0 130942.5 16899.9 46.8 17202.6 188673.9
2020 5 27 1599.0 1884.0 9662.8 7689.5 615.0 1387.2 727.2 141864.6 19347.1 53.2 21421.9 206251.5
2020 5 28 1597.7 1634.4 9444.5 6949.4 615.0 1255.0 747.7 149027.0 16622.6 45.2 25170.3 213108.9
2020 5 29 1597.7 1627.4 9597.1 6898.6 614.4 1262.4 705.9 145170.3 16015.4 41.7 16804.7 200335.7
2020 5 30 1597.7 1555.8 9268.3 6535.2 603.5 1179.4 693.7 139990.4 15819.6 42.4 25030.5 202316.4
2020 5 31 1732.9 1830.3 11323.1 7678.9 619.5 1378.9 868.3 145974.2 18267.9 49.3 26790.0 216513.3
2020 6 1 920.9 1645.4 7388.6 6943.4 473.6 1198.9 792.2 113460.6 16196.3 42.3 21393.6 170455.7
2020 6 2 920.9 1701.1 7388.6 7093.5 473.6 1195.0 882.1 117651.2 16717.3 43.0 21953.6 176019.9
2020 6 3 938.5 1836.1 7388.6 7574.2 473.6 1264.9 978.6 120412.7 17971.4 46.5 21546.1 180431.2
2020 6 4 1177.7 1671.5 7675.0 7218.2 496.8 1197.0 1036.6 120958.6 16069.4 41.3 24174.2 181716.3
2020 6 5 1005.5 1570.1 7173.0 6749.4 472.3 1129.7 937.3 117340.1 14748.5 36.5 19476.5 170639.0
2020 6 6 1109.5 1598.1 7256.5 6669.3 480.6 1100.5 965.7 102844.2 15351.5 139.2 27078.5 164593.5
2020 6 7 1109.5 1887.2 7256.5 7990.2 480.6 1309.6 1198.0 120361.7 17643.6 156.1 24297.7 183690.7
2020 6 8 920.9 1707.5 7388.6 7011.6 473.6 1150.1 1097.4 113460.6 15628.4 135.8 22564.1 171538.5
2020 6 9 1015.0 1757.6 7514.9 7003.2 473.6 1115.9 1166.1 117683.6 16125.1 740.5 22802.3 177397.8
2020 6 10 1018.7 1857.5 7514.9 7341.5 473.6 1157.6 1266.0 120445.0 16892.4 799.7 22029.8 180796.8
2020 6 11 1047.5 1719.4 7514.9 7168.2 473.6 1124.7 1313.4 120991.0 15431.0 739.8 25106.8 182630.4
2020 6 12 1005.5 1606.0 7173.0 6627.9 472.3 1044.3 1198.3 117340.1 14081.9 712.1 21778.7 173040.1
2020 6 13 802.7 1662.6 6598.6 6615.3 457.4 1031.3 1239.5 102844.2 14752.9 864.0 28597.9 165466.4
2020 6 14 832.6 1899.7 6598.6 7791.5 457.4 1210.6 1453.7 120361.7 16418.5 1051.6 22729.4 180805.4
2020 6 15 920.9 1743.9 7388.6 6905.6 473.6 1069.3 1328.0 113460.6 14747.2 915.2 23280.4 172233.2
2020 6 16 1015.0 1763.7 7514.9 6816.7 473.6 1047.9 1348.3 117683.6 15052.4 1518.5 23991.8 178226.4
2020 6 17 1004.4 1820.2 7514.9 6939.2 473.6 1068.0 1347.3 120445.0 15239.5 1540.7 24620.5 182013.3
2020 6 18 830.3 1821.2 6849.0 7109.1 451.7 1090.3 1344.1 121491.2 15114.1 1721.5 24153.6 181976.1
2020 6 19 820.7 1711.8 6720.9 6600.8 472.3 1015.7 1244.2 117872.7 13946.8 1583.4 22070.0 174059.3
2020 6 20 802.7 1767.4 6598.6 6594.6 457.4 1007.8 1285.7 102844.2 14643.8 1681.4 28530.4 166214.0
2020 6 21 780.9 1942.8 6174.8 7426.4 457.4 1136.1 1426.1 120361.7 15741.8 1964.4 24945.4 182357.9
2020 6 22 923.2 1869.9 7299.8 6929.6 473.6 1058.3 1355.8 112312.7 14838.8 1832.8 23751.7 172646.3
2020 6 23 761.6 1848.1 6274.5 6715.2 446.6 1015.2 1334.8 115965.6 14689.6 2434.8 19375.4 170861.2
2020 6 24 966.1 2002.9 7299.8 7105.0 473.6 1062.3 1509.3 120945.2 16291.2 2691.7 26663.0 187010.0
2020 6 25 794.1 1873.3 6278.3 6793.8 446.6 1003.2 1467.8 121491.2 15077.9 2934.8 24594.8 182755.8
2020 6 26 937.4 1842.0 7084.2 6695.3 472.3 984.5 1525.5 117872.7 14565.9 2828.8 20334.4 175143.1
2020 6 27 798.1 1819.0 6178.1 6190.5 457.4 888.2 1490.7 102844.2 15777.7 4243.0 27576.6 168263.6
2020 6 28 828.0 1939.0 6178.1 6754.6 457.4 970.0 1621.4 120361.7 16741.9 4947.7 28774.8 189574.5
2020 6 29 849.6 1825.3 7283.7 6387.7 473.6 908.0 1533.7 112312.7 15791.9 4584.7 24316.2 176267.2
2020 6 30 943.2 1809.8 7299.8 6334.4 473.6 886.2 1564.3 117576.2 15655.2 4637.1 18949.5 176129.3
2020 7 1 817.2 1986.7 6774.4 6890.0 442.6 954.1 1871.1 123224.8 17959.1 5588.6 28495.0 195003.6
2020 7 2 829.2 1880.6 6774.4 6715.9 442.6 917.2 1840.0 126445.1 16721.0 6953.0 23060.7 192579.5
2020 7 3 817.9 1871.4 6174.7 6734.1 425.1 917.3 1914.5 120671.9 16342.0 6833.3 18157.0 180859.0
2020 7 4 583.9 1755.6 4830.2 5912.5 404.5 781.7 1789.0 95091.2 16764.3 7213.8 27071.3 162198.0
2020 7 5 727.4 1849.3 5926.5 6349.3 463.4 838.1 1929.4 117379.4 17639.4 8008.3 33851.8 194962.3
2020 7 6 771.2 1815.1 6117.4 6260.3 426.2 817.9 1931.3 109931.2 17334.7 8472.1 25562.7 179440.0
2020 7 7 760.0 1810.5 6081.3 6219.2 466.0 801.2 1966.7 116760.1 17156.4 8224.2 18121.9 178367.5
2020 7 8 801.8 2050.7 6659.4 6740.9 470.9 848.9 2326.9 125166.3 20547.2 9099.4 28212.1 202924.5
2020 7 9 711.8 1883.1 5814.3 6278.4 476.5 774.9 2247.9 117382.6 18794.7 10341.2 24502.8 189208.1
2020 7 10 656.0 1786.8 5416.3 6086.0 425.9 753.5 2181.7 114822.1 17356.9 9514.5 18391.9 177391.7
2020 7 11 539.4 1719.2 4670.1 5477.7 402.0 649.7 2106.2 90523.0 18262.6 9563.4 28181.3 162094.5
2020 7 12 653.4 1852.8 5374.6 6064.0 451.2 719.6 2328.2 110318.7 19563.9 11494.5 33505.3 192326.1
2020 7 13 632.9 1766.6 5271.5 5812.6 428.3 683.7 2258.0 107272.2 18708.1 11631.0 27825.8 182290.8
2020 7 14 630.0 1827.3 5049.6 5987.2 384.1 700.0 2360.2 112638.7 19250.5 11456.5 17753.6 178037.7
2020 7 15 654.0 1908.3 5166.1 6068.4 392.1 709.1 2501.9 113777.8 20826.1 11510.4 26643.1 190157.3
2020 7 16 665.9 1935.2 5166.1 6253.9 406.4 730.9 2587.9 116430.8 21057.9 13673.7 24059.2 192967.9
2020 7 17 666.3 1766.8 5203.7 5798.0 415.3 684.7 2327.2 110552.6 18745.0 12914.3 17815.7 176889.6
2020 7 18 549.7 1670.8 4670.1 5404.0 402.0 634.3 2213.0 89250.6 18193.6 10168.3 29095.8 162252.4
2020 7 19 651.8 1862.3 5649.5 6103.8 508.2 720.8 2496.6 110128.0 19963.1 12729.4 29966.0 190779.4
2020 7 20 593.3 1869.9 4919.5 6141.0 437.9 721.1 2536.6 111673.4 20090.3 13462.7 29628.8 192074.5
2020 7 21 592.0 1842.2 4928.7 6021.6 446.0 704.3 2489.8 110716.5 19789.7 12035.2 17720.4 177286.4
2020 7 22 606.2 1823.0 5408.8 5871.8 456.9 690.3 2490.2 116940.6 19782.6 11867.9 25124.1 191062.4
2020 7 23 617.8 2031.9 5490.3 6554.1 475.3 771.7 2821.4 116000.6 22110.8 14722.2 24845.8 196441.9
2020 7 24 575.7 1708.4 5087.5 5573.9 417.5 658.0 2328.9 109991.0 18094.7 12766.3 18382.1 175584.1
2020 7 25 446.6 1763.3 4216.7 5668.9 355.6 655.6 2428.5 85151.8 19109.9 12330.4 29960.2 162087.4
2020 7 26 541.7 1973.0 4651.3 6446.9 367.0 753.6 2742.3 104983.9 21082.8 15625.0 22363.9 181531.4
2020 7 27 593.5 1942.3 4912.3 6327.3 440.3 739.3 2714.6 107937.8 20888.1 15379.9 30190.0 192065.5
2020 7 28 592.0 1945.7 4928.7 6026.7 447.0 691.4 2648.4 110255.0 20720.0 17399.4 16355.6 182009.9
2020 7 29 549.5 1759.2 4788.0 5506.4 399.5 639.9 2460.5 121676.0 18918.8 16559.3 20884.3 194141.4
2020 7 30 626.5 2026.5 5268.6 6319.0 456.9 730.9 2851.4 115494.1 21984.4 19386.4 24023.5 199168.3
2020 7 31 620.8 1781.8 5275.5 5631.1 468.4 654.9 2479.1 124996.1 18804.4 17742.9 16814.5 195269.4
2020 8 1 431.0 1675.4 4565.0 5288.7 501.9 612.7 2371.7 90616.3 18166.8 15911.2 31373.9 171514.5
2020 8 2 554.5 1865.9 4864.2 5969.3 509.9 700.8 2661.7 108353.1 20067.1 19020.9 19581.7 184149.0
2020 8 3 637.8 1925.4 5363.2 6121.9 554.4 716.7 2748.4 106233.0 20827.0 19622.8 29737.3 194487.9
2020 8 4 525.0 1958.2 4887.3 5886.1 503.7 674.2 2727.0 110799.8 20925.5 22718.8 13255.9 184861.3
2020 8 5 519.0 1787.4 4306.3 5476.1 447.8 627.9 2544.4 119716.6 19350.6 21772.9 17344.3 193893.2
2020 8 6 517.9 1925.9 4309.6 5845.2 446.0 665.3 2735.1 115215.0 20996.2 22731.5 25306.2 200693.9
2020 8 7 630.0 1703.2 5327.4 5232.3 554.4 599.8 2396.9 115061.2 18036.1 20654.3 16885.0 187080.8
2020 8 8 520.2 1592.9 4984.9 4831.9 551.5 540.7 2265.5 91724.7 17171.2 19459.8 31556.7 175199.9
2020 8 9 663.3 1829.5 5564.7 5600.3 551.5 630.0 2623.3 110215.9 19749.3 23197.7 20015.6 190641.2
2020 8 10 576.1 1777.7 5331.4 5419.2 554.4 609.9 2546.1 106233.0 19203.8 22279.1 29747.2 194277.9
2020 8 11 576.1 1874.7 5331.4 5389.3 554.4 595.8 2611.9 108834.5 19895.4 26553.0 14190.1 186406.7
2020 8 12 608.8 1745.1 5451.0 5139.3 554.4 569.8 2490.8 120069.3 18836.2 24532.8 13646.3 193643.8
2020 8 13 680.5 1804.2 5454.3 5196.7 554.4 565.2 2557.2 116676.3 19705.3 24752.3 26220.1 204166.6
2020 8 14 671.2 1744.8 5454.3 5147.4 554.4 572.3 2460.9 116512.2 18511.8 24087.4 16310.3 192027.1
2020 8 15 561.4 1417.3 5331.3 4107.8 551.5 450.7 2009.5 91900.3 15218.1 20124.7 31769.8 173442.5
2020 8 16 663.3 1694.8 5564.7 4923.7 551.5 541.1 2417.8 109637.1 18301.9 24148.8 23039.7 191484.2
2020 8 17 633.5 1666.2 5297.4 4834.2 550.6 532.6 2373.5 107630.8 17929.9 23328.4 28347.9 193124.8
2020 8 18 633.5 1805.9 5310.4 5201.0 550.6 570.1 2568.9 111502.1 19561.3 25587.2 17298.4 190589.4
2020 8 19 670.5 1688.2 5451.0 4904.9 554.4 539.8 2404.0 120478.7 18221.4 23169.5 13740.1 191822.5
2020 8 20 680.5 1677.1 5454.3 4786.9 554.4 518.4 2376.9 117482.6 18301.8 22537.4 27131.6 201502.0
2020 8 21 671.2 1687.5 5454.3 4893.7 554.4 539.1 2367.4 117318.5 17885.4 22828.7 17279.9 191480.3
2020 8 22 492.7 1516.0 5331.3 4324.7 551.5 473.1 2143.4 92479.2 16349.0 20757.9 30638.9 175057.8
2020 8 23 663.3 1723.6 5564.7 4934.6 551.5 541.5 2417.2 109637.1 18571.8 23705.7 25471.1 193782.2
2020 8 24 650.3 1671.8 5367.6 4817.4 554.4 531.0 2327.4 107630.8 17963.3 22306.0 27445.7 191265.6
2020 8 25 647.7 1735.8 5310.4 4951.2 550.6 543.9 2398.4 109265.1 18678.7 23417.8 20703.0 188202.7
2020 8 26 1050.8 1737.6 8047.6 5054.1 592.0 569.9 2274.4 121665.0 18715.4 22084.0 17661.0 199451.7
2020 8 27 1133.4 1750.2 8047.6 5104.3 592.0 572.5 2215.4 127484.6 18918.5 22847.5 25397.6 214063.7
2020 8 28 927.8 1630.0 6847.6 4880.5 590.4 566.7 2060.1 119645.5 16358.8 18918.8 19326.5 191752.6
2020 8 29 822.4 1583.7 6487.8 4736.5 571.8 554.3 2001.9 98754.7 16333.0 17179.1 31859.2 180884.3
2020 8 30 1012.6 1690.3 7024.6 5091.0 571.8 599.2 2088.8 121453.2 17110.4 19109.1 28555.8 204306.7
2020 8 31 992.9 1701.7 7962.4 5159.7 592.0 607.9 2069.2 111593.5 17277.9 18759.3 26042.5 192758.9
2020 9 1 771.6 1756.4 6284.2 5386.0 550.4 643.5 2139.2 121533.5 17818.3 19689.9 19323.8 195896.9
2020 9 2 944.2 1857.0 7185.6 5757.8 642.9 705.6 2090.9 123282.6 18882.2 19729.8 22740.3 203819.0
2020 9 3 826.3 1715.6 6053.9 5340.8 512.3 651.5 1858.6 123244.3 17296.9 19648.7 24754.8 201903.8
2020 9 4 686.3 1585.1 5400.2 5086.6 497.7 640.7 1704.6 122174.8 14709.7 15694.9 20428.1 188609.0
2020 9 5 628.4 1683.2 5087.2 5282.2 425.4 664.4 1821.0 101235.1 16393.1 15103.8 31111.4 179435.2
2020 9 6 961.8 1782.8 6802.5 5654.4 659.9 717.6 1827.7 121700.8 16681.1 17002.1 31870.1 205660.8
2020 9 7 1123.4 1712.5 7394.3 5408.3 845.8 684.9 1716.7 121494.8 16181.1 16044.9 27661.6 200268.4
2020 9 8 1018.2 1684.3 7394.5 5286.1 863.6 673.0 1641.5 123282.6 15434.0 15490.8 20845.5 193614.0
2020 9 9 944.2 1881.2 7185.6 5819.9 636.5 753.0 1675.0 123797.1 17637.2 15772.1 27527.4 203629.1
2020 9 10 998.9 1738.4 7103.6 5433.6 636.5 701.5 1482.8 125507.9 16000.5 16603.4 24940.9 201148.1
2020 9 11 932.9 1615.6 6457.8 5275.1 582.2 705.9 1330.6 123860.8 13381.0 12681.1 21019.8 187842.9
2020 9 12 800.9 1650.4 6097.0 5260.4 570.3 703.9 1359.1 100786.6 14373.8 11345.8 29184.1 172132.5
2020 9 13 961.8 1828.6 6802.5 5825.7 680.5 779.8 1454.0 121409.0 15455.9 13839.6 33934.8 202972.2
2020 9 14 1049.5 1739.3 7346.6 5473.4 656.8 732.4 1330.2 121494.8 14720.8 13129.0 26586.1 194258.9
2020 9 15 944.2 1727.1 7346.7 5410.0 681.1 729.9 1277.6 123797.1 14137.7 13123.2 20174.0 189348.5
2020 9 16 1018.2 1927.3 7260.4 5821.1 891.4 785.6 1388.4 123282.6 16253.3 12717.3 27856.6 199202.2
2020 9 17 1072.9 1692.4 7151.3 5181.9 863.6 699.4 1227.3 124993.5 13864.3 12874.5 24469.8 194090.8
2020 9 18 932.9 1728.2 6457.8 5447.2 582.2 735.7 1274.1 123860.8 13850.3 13380.2 18886.9 187136.3
2020 9 19 874.9 1676.5 6144.8 5084.5 783.3 685.6 1207.1 100786.6 13939.3 11222.6 26088.4 168493.4
2020 9 20 1035.8 1832.0 6850.3 5622.9 612.2 760.8 1310.1 121186.3 14828.9 13879.3 31978.2 199896.7
2020 9 21 1123.4 1732.8 7426.8 5224.7 589.4 710.5 1206.7 121335.9 14045.6 13067.9 25501.3 191965.0
2020 9 22 1018.2 1696.9 7421.5 5060.0 618.0 693.3 1151.9 123282.6 13570.3 12767.8 20902.4 188182.9
2020 9 23 1018.2 1856.2 7260.4 5314.0 610.1 754.1 1207.7 123123.7 15242.1 12044.2 25950.4 194381.0
2020 9 24 1072.9 1731.4 7151.3 5110.9 610.1 814.4 1063.4 124993.5 14104.0 12085.4 23742.5 192479.7
2020 9 25 932.9 1752.3 6457.8 5473.0 855.5 878.9 1068.9 123860.8 13778.7 13171.1 17215.5 185445.5
2020 9 26 800.9 1655.0 6097.0 5121.5 570.3 836.9 981.0 100786.6 13461.6 10514.0 25559.2 166384.0
2020 9 27 1035.8 1727.1 6850.3 6087.9 620.2 1263.5 900.2 121186.3 14109.2 10138.3 29278.7 193197.3
2020 9 28 1123.4 1735.1 7421.3 5947.3 596.6 1249.2 856.9 121494.8 14003.4 10012.6 24084.9 188525.6
2020 9 29 1018.2 1779.9 7692.8 6415.8 613.1 1477.4 766.0 123123.7 14629.2 9520.4 21177.2 188213.6
2020 9 30 1750.3 1782.9 10185.9 5932.4 728.5 1245.3 874.9 123123.7 14698.9 9311.8 23765.6 193400.3
2020 10 1 2008.5 1695.5 11960.7 6101.9 643.0 1426.5 729.2 129315.9 14279.9 10419.2 21323.6 199904.1
2020 10 2 954.3 1672.1 6801.4 6287.1 492.2 1470.7 689.5 125540.4 13741.1 11161.6 16764.2 185574.5
2020 10 3 961.1 1629.1 6625.7 6172.3 468.5 1479.0 632.6 102515.9 13897.5 8757.7 25053.6 168193.0
2020 10 4 1050.7 1644.5 7130.1 6933.6 519.9 1872.2 513.6 125745.4 14006.0 7715.4 25065.4 192197.0
2020 10 5 2010.6 1749.6 12369.4 7241.1 666.2 2025.9 444.0 122617.5 14657.7 7282.4 23743.0 194807.4
2020 10 6 2013.5 1770.1 12300.2 7512.1 657.2 2191.1 360.7 126273.4 14908.1 6606.3 19094.5 193687.3
2020 10 7 2000.7 1710.1 12361.2 6923.7 653.7 1937.8 441.3 126812.5 14560.6 6380.5 21847.3 195629.4
2020 10 8 2008.5 1731.8 11960.7 7225.4 643.0 2163.4 324.9 129315.9 14783.4 6206.3 19698.1 196061.6
2020 10 9 2216.1 1695.5 11722.0 7244.8 652.5 2154.2 283.7 125540.4 14111.4 7056.0 16051.7 188728.4
2020 10 10 2401.2 1704.5 12024.1 7333.8 598.1 2192.2 265.7 102515.9 14715.0 5730.3 23940.9 173421.7
2020 10 11 2938.5 1773.3 16981.8 8185.4 674.8 2638.2 381.3 137372.0 15268.8 3880.9 22173.1 212268.2
2020 10 12 3910.8 1881.1 18219.4 8356.8 663.1 2722.8 240.3 127081.0 15988.1 3651.8 20771.3 203486.6
2020 10 13 3413.3 1883.6 18219.4 8467.6 652.4 2814.0 78.5 132302.1 16052.7 3454.7 17251.9 204590.2
2020 10 14 2680.7 1891.1 15119.7 8172.3 705.7 2648.0 292.7 128442.8 16459.9 3597.5 21320.0 201330.4
2020 10 15 2717.9 1780.1 14837.9 7892.5 697.2 2613.6 117.7 131711.7 15148.9 3401.9 18629.2 199548.7
2020 10 16 2682.3 1816.7 14789.0 8018.6 673.2 2642.2 114.1 127170.7 15134.7 3595.8 15138.0 191775.2
2020 10 17 2659.1 1818.7 14697.4 7935.1 638.9 2628.0 103.8 106908.9 16041.4 3064.8 23046.3 179542.2
2020 10 18 2938.5 1963.1 16531.7 8396.1 674.8 2779.6 110.5 137372.0 16711.1 3650.1 21863.8 212991.3
2020 10 19 2603.8 1953.3 15127.9 8246.4 690.7 2761.0 0.0 123576.3 16874.8 3182.1 19735.8 194751.9
2020 10 20 2606.6 1860.0 15127.9 7685.6 700.9 2567.7 78.5 127232.2 15901.1 3517.8 13997.9 191276.3
2020 10 21 2652.7 2072.5 15119.7 8445.3 708.1 2818.7 75.1 129208.3 18413.8 3358.6 22513.4 205386.2
2020 10 22 2717.9 1868.1 14837.9 7670.2 747.9 2587.0 0.0 131711.7 16044.5 3177.9 20275.0 201638.2
2020 10 23 2682.3 1843.2 15209.4 7545.7 646.4 2527.4 0.0 127170.7 15430.9 3210.6 16142.6 192409.2
2020 10 24 3223.4 1835.5 17678.2 7350.8 640.3 2517.0 0.0 114027.2 16473.2 2612.6 24132.0 190490.3
2020 10 25 3289.6 2101.4 19722.3 8413.1 732.2 2997.0 0.0 146451.8 18178.1 3835.2 24277.6 229998.2
2020 10 26 3412.3 1901.6 18219.4 7517.0 643.6 2689.7 0.0 127081.0 17139.9 3101.0 19910.3 201615.7
2020 10 27 3413.3 1783.8 18219.4 7036.5 652.4 2592.9 0.0 132302.1 16079.5 2937.7 14777.0 199794.6
2020 10 28 3199.1 2170.1 18211.2 8686.6 689.5 3483.9 0.0 133235.3 22424.4 4618.9 25069.1 221788.0
2020 10 29 4040.7 1753.3 21037.0 7452.2 823.0 2961.0 0.0 139190.8 18236.5 4308.7 21828.3 221631.4
2020 10 30 4609.1 1716.3 22177.0 7307.3 757.3 2859.3 0.0 154024.3 17424.3 4203.9 18783.5 233862.4
2020 10 31 4162.4 1721.5 20609.0 7209.2 679.6 2923.5 0.0 135181.2 19292.8 3348.1 26786.9 221914.2
2020 11 1 4697.1 1882.4 23754.5 8296.3 682.9 3489.1 0.0 152342.4 20669.0 4986.9 28949.6 249750.2
2020 11 2 4218.2 1700.7 21169.6 7721.1 654.3 3323.7 0.0 132462.3 19919.4 4710.7 23554.6 219434.6
2020 11 3 4218.2 1674.2 21432.8 7785.9 677.8 3470.4 0.0 132763.2 20379.1 4460.2 15296.0 212158.0
2020 11 4 4371.5 1944.3 21965.0 9089.7 699.1 4262.4 0.0 134337.4 25144.9 6659.5 24919.5 233393.3
2020 11 5 4161.8 1724.7 21771.4 8667.7 727.3 4096.1 0.0 134337.4 23320.3 7240.8 21271.0 227318.5
2020 11 6 3751.6 1529.3 19982.9 7740.2 641.8 3636.8 0.0 134178.1 20347.1 6424.2 20815.6 219047.7
2020 11 7 3374.1 1587.4 18102.6 7795.1 545.0 3745.8 0.0 122396.0 22691.4 5544.4 27980.7 213762.7
2020 11 8 3932.6 1760.5 21020.8 8778.0 676.5 4378.5 0.0 142959.9 24242.6 7995.8 27538.3 243283.7
2020 11 9 4802.3 1707.6 23454.2 8891.0 682.3 4547.3 0.0 143296.0 24805.8 8943.2 22109.5 243239.1
2020 11 10 4215.2 1688.9 21432.8 8793.4 677.8 4572.0 0.0 132763.2 25554.3 7420.0 13247.2 220364.9
2020 11 11 4955.6 1819.0 24914.5 9479.9 739.7 5122.1 0.0 150765.3 28527.9 9517.7 23444.1 259285.8
2020 11 12 4562.4 1739.0 22632.6 9555.4 714.9 5183.9 0.0 134337.4 28647.0 10735.7 20081.6 238189.9
2020 11 13 4145.5 1522.1 20282.9 8463.8 629.4 4632.8 0.0 134178.1 24498.3 9859.0 19001.1 227213.0
2020 11 14 3371.9 1655.5 18516.6 8737.8 594.8 4853.2 0.0 123538.8 28361.3 8878.8 28888.2 227397.0
2020 11 15 4815.4 1712.5 24270.2 9248.5 697.3 5284.1 0.0 152342.4 28475.9 11816.7 24839.0 263501.9
2020 11 16 5599.4 1700.4 23685.0 9414.2 644.2 5364.6 0.0 143296.0 28909.2 12146.3 23374.0 254133.2
2020 11 17 4218.2 1741.6 21646.0 9508.4 677.8 5431.4 0.0 132763.2 30713.8 10395.6 13649.2 230745.2
2020 11 18 5771.6 1792.5 26141.3 9616.3 703.2 5570.9 0.0 156304.5 31140.4 11736.8 23195.9 271973.4
2020 11 19 5039.1 1889.0 24414.8 10104.1 727.4 5894.5 0.0 150765.3 31989.2 14083.0 18369.9 263276.4
2020 11 20 4727.9 1670.4 23014.3 9030.2 651.8 5327.5 0.0 148318.5 27913.6 12792.1 18447.4 251893.5
2020 11 21 4398.1 1800.4 21250.3 9218.6 609.9 5477.5 0.0 137585.4 31383.1 11755.0 27771.5 251249.7
2020 11 22 6849.8 1870.4 30234.3 9755.7 772.5 5907.3 0.0 158983.1 31521.8 14898.2 22575.0 283368.0
2020 11 23 6793.8 1893.8 28601.8 9893.0 636.3 5976.1 0.0 157084.8 32703.5 14101.5 22867.7 280552.2
2020 11 24 6793.8 1813.7 29181.9 9498.5 656.9 5848.3 0.0 157385.7 32283.4 11890.5 13479.5 268832.2
2020 11 25 6434.7 1949.6 29058.3 9702.6 703.2 6061.7 0.0 156510.8 35734.0 13189.0 24129.9 283473.8
2020 11 26 6882.4 1909.7 30081.4 9653.2 788.4 6224.2 0.0 156510.8 33803.8 15092.3 16937.7 277883.9
2020 11 27 6603.9 1829.5 28831.5 9923.7 740.5 6716.9 0.0 154064.0 35246.4 10710.3 18539.6 273206.3
2020 11 28 5791.7 1772.9 24696.0 9626.9 704.6 6467.0 0.0 143985.3 35970.6 9993.3 27025.6 266034.0
2020 11 29 6150.4 1842.9 27200.2 10082.2 772.5 6886.9 0.0 158742.4 36670.9 12324.0 25649.5 286321.8
2020 11 30 6793.8 1793.4 28601.8 9760.5 636.3 6671.5 0.0 157084.8 36283.0 10626.0 22640.8 280891.8
2020 12 1 11067.1 1783.9 46089.5 10520.5 955.8 7567.1 0.0 146621.0 39364.5 9288.7 15714.1 288972.1
2020 12 2 10501.4 1897.1 44849.6 10586.1 1009.7 7570.7 0.0 146621.0 42468.9 10465.6 25806.2 301776.3
2020 12 3 10023.8 1748.2 42240.5 9977.1 1039.1 7316.2 0.0 146621.0 37573.3 11879.9 16669.6 285088.8
2020 12 4 10553.0 1830.4 45351.5 11183.0 1042.3 8437.2 0.0 146621.0 43371.6 7616.5 21409.6 297416.1
2020 12 5 8942.1 1679.5 39122.9 10525.3 908.3 7891.3 0.0 140352.1 41975.3 7161.9 26179.6 284738.4
2020 12 6 9446.0 1754.3 41324.0 10948.1 953.4 8271.8 0.0 140352.1 43392.8 8467.6 27994.2 292904.5
2020 12 7 9482.6 1780.4 42889.2 11017.1 966.3 8357.6 0.0 143618.0 44457.0 7656.8 21479.0 291703.9
2020 12 8 10898.2 1807.3 49563.4 11805.5 1241.9 9217.0 0.0 157859.0 47777.9 6121.6 16820.6 313112.4
2020 12 9 10733.1 1816.0 47498.4 11389.3 1092.4 8868.0 0.0 149890.2 49115.5 6460.5 23311.3 310174.9
2020 12 10 9343.1 1732.9 43865.1 11000.2 1126.1 8746.5 0.0 146621.0 46295.8 7091.0 16568.6 292390.5
2020 12 11 11197.1 1795.1 49168.9 11985.1 1045.5 9675.0 0.0 149890.2 50926.1 3285.7 22428.3 311397.0
2020 12 12 10261.2 1593.9 45173.7 11103.2 885.6 8972.4 0.0 141296.2 48027.6 3207.8 27249.2 297770.8
2020 12 13 9715.4 1661.7 43357.0 11494.5 953.4 9323.0 0.0 141269.2 49529.9 3682.5 27619.4 298606.0
2020 12 14 9508.4 1681.5 43881.5 11579.0 1225.2 9443.6 0.0 149886.0 50469.8 3627.2 21262.3 302564.6
2020 12 15 10935.3 1824.9 49588.9 12837.3 1241.9 10569.2 0.0 157859.0 56026.8 2784.6 18689.3 322357.1
2020 12 16 10717.8 1698.8 49438.2 11932.5 1202.1 9804.5 0.0 157859.0 53101.7 2487.0 22477.3 320718.9
2020 12 17 11197.1 1665.7 49230.9 11667.9 1103.5 9625.8 0.0 149890.2 51857.9 2788.1 18312.6 307339.7
2020 12 18 9367.6 1680.0 43742.5 11729.7 1068.1 9658.9 0.0 146621.0 52304.9 2492.8 24664.0 303329.5
2020 12 19 9653.6 1590.3 41258.9 11022.4 889.0 9082.8 0.0 140352.1 49871.2 2452.6 27294.6 293467.5
2020 12 20 9656.1 1647.9 43014.7 11400.0 976.1 9440.4 0.0 140352.1 51211.6 2675.9 25967.4 296342.2
2020 12 21 8836.4 1706.0 38031.2 11727.8 833.8 9681.8 0.0 137595.7 53280.8 2424.6 23586.5 287704.6
2020 12 22 10587.8 1721.2 44849.6 11880.4 955.8 9890.4 0.0 146621.0 53847.5 2182.2 20668.7 303204.5
2020 12 23 11050.5 1732.1 46089.5 11880.5 1012.8 9902.4 0.0 146621.0 54680.8 2025.8 20123.1 305118.5
2020 12 24 9312.1 1733.8 43742.5 11866.8 1126.1 9913.0 0.0 146621.0 54899.9 2237.6 18161.6 299614.5
2020 12 25 9343.1 1686.5 43803.1 11527.5 1068.1 9593.1 0.0 146621.0 53060.0 1998.1 24566.4 303267.1
2020 12 26 8772.0 1576.7 38911.9 10769.1 908.3 8944.8 0.0 140352.1 49672.1 1934.4 25218.7 287060.0
2020 12 27 11018.2 1588.3 47943.7 10899.4 1157.4 9084.0 0.0 153337.2 49718.3 2010.3 25797.4 312554.3
2020 12 28 10298.3 1633.9 44628.4 11680.2 1123.2 9517.5 0.0 149886.0 49692.7 1241.8 22964.2 302666.2
2020 12 29 11548.1 1578.1 49835.4 11383.2 1122.6 9316.5 0.0 157859.0 48599.1 1408.2 21603.8 314254.0
2020 12 30 10754.9 1740.5 49588.9 12567.5 1241.9 10255.0 0.0 157859.0 53677.0 1288.4 21314.3 320287.2
2020 12 31 11222.9 1652.3 49612.0 11825.3 1139.0 9684.6 0.0 157859.0 51014.4 1408.5 19741.6 315159.7
2021 1 1 9334.1 2004.9 40941.5 13000.2 1069.4 9986.2 0.0 157956.0 49120.7 13.9 25680.7 309107.7
2021 1 2 8547.0 1862.3 35871.4 12174.2 1003.3 9330.1 0.0 156730.7 45877.6 15.6 29364.1 300776.4
2021 1 3 8164.6 2152.0 36581.7 13954.3 1009.0 10690.9 0.0 157669.1 52373.2 15.3 25020.1 307630.3
2021 1 4 7538.9 1926.3 34159.4 12477.7 963.3 9571.6 0.0 155930.8 46630.3 14.6 23444.2 292657.2
2021 1 5 8566.2 2019.4 38522.3 13212.2 1072.0 10123.2 0.0 158472.9 49349.0 15.5 24998.5 306351.1
2021 1 6 8851.2 2087.9 38381.9 13571.6 1073.9 10436.5 0.0 157956.0 51408.6 15.4 33651.0 317434.2
2021 1 7 8483.0 2094.6 37879.1 13362.9 1072.0 10271.8 0.0 157956.0 50395.2 14.3 28951.2 310480.2
2021 1 8 8784.3 2071.3 37993.0 13197.0 1071.3 10156.8 0.0 157956.0 50023.5 14.7 26650.5 307918.5
2021 1 9 8589.9 1967.6 37085.0 12574.2 1007.2 9665.9 0.0 156730.7 47736.5 15.7 29139.0 304511.6
2021 1 10 9149.7 2188.5 40213.2 13909.0 1098.8 10681.2 0.0 158242.3 52319.4 15.4 24200.8 312018.4
2021 1 11 9079.6 1984.0 38254.3 12694.0 1065.5 9755.1 0.0 157375.0 47439.4 15.1 22128.6 299790.6
2021 1 12 10529.9 2128.5 45814.9 13622.9 1107.3 10498.1 0.0 159374.3 51429.9 16.0 26005.0 320526.7
2021 1 13 10628.8 2102.1 45750.0 13423.6 1107.3 10362.7 0.0 159374.3 51034.8 15.5 33154.1 326953.2
2021 1 14 9913.1 2134.5 43371.9 13436.1 1107.3 10367.1 0.0 159018.3 50725.9 14.8 28197.4 318286.5
2021 1 15 9623.1 2108.7 42552.6 13218.6 1069.4 10245.8 0.0 158603.7 50588.7 15.2 27222.7 315248.5
2021 1 16 8589.9 2020.1 37085.0 12687.8 1007.2 9824.1 0.0 156730.7 48531.8 16.2 28920.6 305413.4
2021 1 17 8170.4 2203.4 37391.6 13798.8 1007.2 10663.6 0.0 157669.1 52222.8 15.9 24076.1 307218.7
2021 1 18 7865.1 2084.4 36379.3 13055.2 963.3 10107.8 0.0 155930.8 49126.8 16.8 20920.5 296450.0
2021 1 19 9987.4 2275.0 43372.8 14024.1 1107.3 10935.5 0.0 159018.3 54012.5 18.4 29049.0 323800.2
2021 1 20 10582.5 2187.6 45750.0 13449.6 1107.3 10486.3 0.0 159374.3 51674.1 17.5 31705.7 326334.9
2021 1 21 9732.1 2244.2 42494.6 13733.2 1107.3 10702.0 0.0 159018.3 52526.6 17.3 27594.7 319170.2
2021 1 22 9635.2 2213.8 42396.4 13520.1 1104.7 10581.3 0.0 159018.3 52626.4 18.2 28191.5 319305.9
2021 1 23 10754.6 2149.8 45295.4 13150.8 1071.2 10276.5 0.0 160134.0 50898.9 18.8 28462.4 322212.4
2021 1 24 11146.4 2274.9 46225.6 13878.8 1071.2 10821.4 0.0 160134.0 53433.2 18.5 23656.1 322660.1
2021 1 25 10260.9 2145.4 39715.5 13086.5 1065.5 10221.4 0.0 157375.0 50276.6 20.2 20475.6 304642.6
2021 1 26 10827.3 2340.0 46360.2 14152.0 1107.3 11125.9 0.0 159374.3 55667.8 22.6 32218.6 333196.0
2021 1 27 10628.8 2259.0 45750.0 13661.5 1107.3 10693.6 0.0 159374.3 53426.6 21.3 29987.4 326909.8
2021 1 28 9623.1 2266.1 42580.7 13674.5 1134.9 10683.4 0.0 159018.3 54056.7 20.7 28766.4 321824.9
2021 1 29 9623.1 2227.6 42552.6 13388.0 1069.4 10496.0 0.0 158603.7 53898.1 21.6 29271.4 321151.5
2021 1 30 9074.6 2219.3 39702.4 13383.5 1071.2 10465.8 0.0 158242.3 53296.8 22.7 29531.2 317010.0
2021 1 31 9861.5 2315.7 42102.1 13865.7 1071.2 10806.0 0.0 158242.3 55716.1 27.5 24118.5 318126.6
2021 2 1 9603.5 2156.9 37650.9 13013.1 1058.2 10334.5 0.0 152033.3 51683.4 31.0 21459.7 299024.4
2021 2 2 11170.9 2365.4 46730.0 14156.9 1074.4 11271.9 0.0 160269.7 57477.2 33.2 33652.6 338202.2
2021 2 3 11168.8 2297.9 47841.7 13867.6 1087.7 11002.2 0.0 160269.7 55332.3 27.0 28845.8 331740.7
2021 2 4 10142.9 2272.6 43844.8 13654.4 1092.7 10812.4 0.0 158790.0 55712.7 28.5 29882.8 326233.9
2021 2 5 10116.0 2216.5 43217.8 13184.9 1092.7 10435.6 0.0 158790.0 54266.1 29.0 29386.7 322735.3
2021 2 6 9663.9 2245.2 40008.0 13425.4 1082.1 10586.9 0.0 156128.1 54463.5 30.0 30826.1 318459.2
2021 2 7 10411.9 2339.0 44616.2 13875.1 1082.1 10909.0 0.0 156128.1 57161.7 38.7 24997.4 321559.2
2021 2 8 8019.5 2147.1 37959.4 12721.4 1108.3 9979.5 0.0 152033.3 52031.0 41.5 21910.1 297951.2
2021 2 9 10106.3 2335.1 44103.4 13769.4 1073.2 10798.1 0.0 157152.7 57181.3 42.0 32929.2 329490.8
2021 2 10 10024.9 2266.0 43540.5 13508.9 1121.4 10539.9 0.0 158790.0 55004.1 36.1 28978.3 323810.1
2021 2 11 9750.6 2201.5 41920.1 13096.0 1073.2 10165.7 0.0 153831.7 54414.6 57.3 30061.1 316571.7
2021 2 12 8931.6 2065.9 38110.5 12160.0 1070.3 9432.0 0.0 154242.9 50843.0 55.3 29435.9 306347.4
2021 2 13 8939.8 2170.8 36022.0 12845.2 971.6 9932.7 0.0 148295.7 53112.4 59.5 30963.8 303313.6
2021 2 14 8451.1 2276.3 37420.5 13386.1 1002.9 10301.1 0.0 152743.6 55728.6 72.2 25520.5 306902.9
2021 2 15 8188.3 2070.5 36786.8 12194.0 983.2 9324.1 0.0 146094.9 50150.9 76.2 21327.2 287196.2
2021 2 16 9243.1 2278.7 39788.7 13403.6 1075.3 10222.6 0.0 156892.4 55637.5 74.3 30703.5 319319.7
2021 2 17 8778.5 2216.1 37820.1 13183.4 1073.2 10020.8 0.0 153582.0 53797.9 65.8 28692.8 309230.6
2021 2 18 9750.6 2167.7 41972.1 12897.4 1073.2 9747.7 0.0 153831.7 52684.1 69.1 27461.1 311654.6
2021 2 19 9450.1 1995.0 40261.7 11753.8 1025.9 8875.1 0.0 154824.7 48303.1 64.6 27480.7 304034.6
2021 2 20 8368.5 2081.7 34005.7 12310.1 1000.4 9267.5 0.0 149668.0 50124.0 70.0 28492.9 295388.7
2021 2 21 9208.7 2234.0 40203.0 13233.6 1002.9 9912.1 0.0 152743.6 53304.3 75.5 24399.3 306317.1
2021 2 22 7812.4 2023.3 34185.6 11933.0 985.4 8869.7 0.0 146094.9 47235.7 70.7 23830.6 283041.2
2021 2 23 8927.9 2161.7 39674.4 12805.2 1075.3 9504.4 0.0 156548.0 50854.4 65.6 28894.1 310510.9
2021 2 24 9717.4 2182.6 41263.6 13039.5 1073.2 9614.0 0.0 153831.7 51267.4 66.2 28051.9 310107.5
2021 2 25 9263.7 2120.1 38826.8 12369.7 1075.3 8981.6 0.0 155198.1 48286.1 53.6 26219.7 302394.8
2021 2 26 9292.8 1893.0 39860.6 11127.0 1070.3 8100.5 0.0 155198.1 43789.8 44.8 25839.5 296216.5
2021 2 27 8037.4 2054.6 32954.0 12115.9 982.1 8786.8 0.0 148295.7 47066.0 50.4 24770.5 285113.4
2021 2 28 8952.6 2158.9 38520.9 12716.1 982.9 9179.1 0.0 148838.3 48863.8 51.3 24197.7 294461.7
2021 3 1 7389.1 1959.5 32312.6 11407.5 846.9 7903.9 0.0 152546.4 42867.6 45.6 29233.4 286512.6
2021 3 2 7389.1 2150.2 35144.5 12539.8 867.3 8678.9 0.0 159973.5 46958.4 44.3 26156.6 299902.6
2021 3 3 6094.2 2152.7 32135.4 12474.5 838.0 8602.9 0.0 151435.0 46606.1 42.0 27094.0 287474.7
2021 3 4 5190.9 2112.8 27672.6 11849.4 819.7 8053.3 0.0 151435.0 44062.4 52.7 25639.8 276888.5
2021 3 5 5183.6 1998.7 28212.4 11246.0 793.1 7654.3 0.0 150412.5 42112.2 44.2 23103.4 270760.4
2021 3 6 5674.9 2124.4 26167.4 12100.1 744.5 8215.0 0.0 140056.9 44307.3 49.9 21820.1 261260.5
2021 3 7 6311.4 2157.4 28872.8 12165.2 778.9 8212.2 0.0 151396.0 44145.4 53.0 26723.7 280816.1
2021 3 8 7389.1 2003.7 32312.6 11174.1 846.9 7518.1 0.0 152546.4 39873.5 48.2 26959.7 280672.3
2021 3 9 7389.1 2213.0 35144.5 12369.9 867.3 8280.6 0.0 159973.5 43568.6 50.0 26337.5 296193.9
2021 3 10 7389.1 2131.2 34949.5 11937.2 867.3 7961.3 0.0 160607.2 41659.0 46.8 29665.5 297214.1
2021 3 11 7389.1 2058.4 33689.4 11137.3 879.9 7300.7 0.0 160607.2 38702.7 55.8 28903.2 290723.8
2021 3 12 6320.4 2048.0 31466.7 11135.8 802.8 7277.5 0.0 150412.5 38515.0 51.2 24775.4 272805.3
2021 3 13 5664.0 2127.7 23802.7 11743.7 658.1 7683.9 0.0 140056.9 39987.4 53.9 22208.1 253986.3
2021 3 14 5664.0 2173.5 24193.5 11974.9 658.1 7780.4 0.0 143610.0 40386.3 57.5 26210.2 262708.4
2021 3 15 5416.4 2095.0 24449.0 11504.7 738.2 7427.7 0.0 140291.3 37926.0 56.0 24339.0 254243.2
2021 3 16 5993.1 2225.7 32177.7 12206.3 818.9 7846.3 0.0 149177.9 39966.5 57.7 27555.9 278026.0
2021 3 17 5217.7 2201.3 28470.1 12007.4 817.9 7681.5 0.0 151435.0 39035.0 56.5 29819.2 276741.6
2021 3 18 5190.9 2125.4 27850.3 11585.7 819.7 7353.9 0.0 151435.0 37504.0 54.8 28085.2 272004.8
2021 3 19 4269.7 2174.8 23714.8 11843.9 730.3 7476.0 0.0 149320.0 38286.3 55.7 26918.7 264790.3
2021 3 20 5664.0 2150.9 23802.7 11861.0 712.9 7503.8 0.0 140056.9 37818.4 55.9 22684.1 252310.6
2021 3 21 6240.9 2180.3 28397.3 12088.2 763.3 7612.5 0.0 151396.0 38161.0 58.8 25057.3 271955.6
2021 3 22 6514.0 2160.9 29527.0 11998.2 778.8 7481.9 0.0 140291.3 37250.4 58.9 23378.0 259439.4
2021 3 23 6090.4 2210.3 32926.3 12248.4 818.9 7575.9 0.0 149177.9 37929.0 58.7 26589.2 275625.1
2021 3 24 5997.9 2130.6 29472.5 11824.5 822.7 7262.9 0.0 151435.0 36366.8 57.1 29377.3 274747.3
2021 3 25 5997.9 2105.2 29845.6 11654.2 815.7 6977.9 0.0 151435.0 35602.2 63.7 26867.9 271365.4
2021 3 26 5972.9 2128.5 29351.9 11727.1 808.4 6981.9 0.0 150412.5 35969.6 64.2 28760.6 272177.5
2021 3 27 5162.1 2050.8 20908.5 11381.5 658.1 6734.4 0.0 140056.9 34184.6 59.9 22874.9 244071.7
2021 3 28 4952.4 2105.5 25771.6 11457.1 701.3 6695.8 0.0 142899.6 34357.9 66.0 25256.3 254263.5
2021 3 29 4159.8 2064.8 17520.9 11268.5 656.9 6509.8 0.0 137021.9 33524.1 65.3 24214.2 237006.0
2021 3 30 3445.4 2099.1 19252.1 11444.6 626.8 6549.1 0.0 142567.8 33869.0 65.1 23988.6 243907.5
2021 3 31 3585.4 2056.9 17493.3 10914.7 626.8 6118.1 0.0 147103.7 32639.1 64.9 26852.7 247455.6
2021 4 1 3519.6 2075.0 19336.6 11067.3 620.9 5840.5 0.0 145857.4 32677.0 72.8 24684.0 245751.1
2021 4 2 3510.5 2088.5 19359.4 10988.0 628.6 5725.2 0.0 145857.4 32637.6 74.2 27430.9 248300.3
2021 4 3 3481.8 2049.7 19064.9 10785.9 661.3 5535.2 0.0 134154.1 31084.4 69.4 20677.9 227564.6
2021 4 4 3553.1 2039.0 20098.4 10439.3 673.1 5268.7 0.0 141747.8 30259.6 74.4 24190.1 238343.5
2021 4 5 4230.1 2021.7 19675.8 10359.1 656.0 5163.9 0.0 138252.2 29907.4 75.3 23621.4 233962.8
2021 4 6 4357.4 2041.2 23652.8 10498.6 684.7 5181.1 0.0 144000.4 30109.4 74.2 20364.2 240964.1
2021 4 7 5276.4 2002.7 28638.0 9953.6 813.4 4723.7 0.0 146770.3 28627.9 74.8 26064.1 252944.9
2021 4 8 4051.1 1997.9 21721.5 9814.0 617.5 4480.2 0.0 146770.3 28159.5 82.5 24451.3 242145.7
2021 4 9 3390.0 1970.3 18987.0 9622.6 634.7 4357.3 0.0 145857.4 27672.6 81.1 27983.2 240556.2
2021 4 10 3505.9 2021.7 17467.0 9855.3 645.4 4334.7 0.0 134154.1 27307.1 79.3 21079.5 220450.0
2021 4 11 3544.9 2049.8 20026.5 9679.3 673.1 4170.1 0.0 141747.8 27250.0 85.1 24379.2 233605.8
2021 4 12 3520.3 1963.2 17229.1 9373.9 610.5 3993.5 0.0 138252.2 25854.3 81.7 25479.3 226358.1
2021 4 13 3520.7 1955.8 19381.7 9399.8 642.4 3969.8 0.0 143087.5 25750.3 81.4 20909.2 228698.7
2021 4 14 3564.8 2063.9 18669.7 9685.8 635.3 3987.5 0.0 145857.4 26881.3 87.2 28024.7 239457.6
2021 4 15 3527.9 1983.8 19336.6 9264.5 620.9 3709.9 0.0 145857.4 25412.3 84.7 25872.5 235670.4
2021 4 16 3369.3 1989.7 18113.6 9299.6 641.3 3705.2 0.0 145857.4 25682.7 86.1 28128.2 236873.1
2021 4 17 3483.8 2031.0 18352.9 9554.0 663.4 3782.3 0.0 137835.0 25493.5 83.5 24175.7 225455.1
2021 4 18 4086.8 2074.9 22238.8 9689.6 686.2 3821.0 0.0 141717.9 26364.2 89.4 27241.3 238010.0
2021 4 19 3539.5 2019.1 17885.3 9595.3 642.4 3761.4 0.0 139411.3 25475.6 86.0 27669.8 230085.7
2021 4 20 3302.7 1972.2 18135.9 9429.5 635.6 3633.8 24.9 143087.5 24631.3 82.9 20930.8 225867.1
2021 4 21 3448.1 2118.1 17603.5 10070.7 581.9 3883.3 25.4 145857.4 26919.8 92.1 31260.7 241860.9
2021 4 22 2719.6 2018.3 13560.3 9610.8 570.9 3671.4 29.6 145857.4 25357.5 87.0 27904.2 231386.9
2021 4 23 3369.3 1928.3 18113.6 9191.3 641.3 3438.2 49.5 145857.4 24215.7 81.7 30181.2 237067.6
2021 4 24 3432.3 1955.7 17660.4 9164.0 645.4 3360.2 51.5 134154.1 23603.2 78.5 27591.1 221696.4
2021 4 25 2439.9 2043.9 13327.7 9558.8 533.1 3498.3 58.7 145871.4 25188.9 86.5 29490.6 232097.8
2021 4 26 3107.5 1954.9 15276.1 9341.8 583.9 3387.6 58.0 139411.3 23902.9 80.6 32045.5 229150.1
2021 4 27 3553.9 1940.1 19381.7 9133.1 642.4 3134.4 103.2 143087.5 22730.1 77.6 22329.2 226113.2
2021 4 28 3448.1 1990.0 17603.5 9336.0 581.9 3224.6 103.4 145857.4 24005.5 84.1 33558.1 239792.5
2021 4 29 2393.6 2011.0 12198.1 9402.3 570.9 3191.3 127.8 145857.4 23991.8 83.3 29197.2 229024.6
2021 4 30 2054.9 1911.1 12014.3 8960.2 551.9 2962.2 131.1 145857.4 22785.5 78.7 29589.6 226896.9
2021 5 1 2033.8 1817.9 12091.0 8267.2 633.2 2628.7 181.2 126171.8 20582.4 70.7 28442.0 202919.8
2021 5 2 2254.7 1892.7 13481.1 8678.9 645.6 2763.1 187.4 146314.4 21724.6 76.8 29126.7 227145.8
2021 5 3 3373.6 1974.2 17019.6 9079.5 730.9 2854.5 201.5 141342.9 22602.4 78.6 32185.3 231443.1
2021 5 4 2728.7 1878.4 14004.6 8554.4 681.9 2517.0 246.7 140529.2 20513.2 71.2 23941.8 215667.1
2021 5 5 2093.7 1860.7 12219.5 8486.4 660.4 2495.5 247.4 145205.2 20877.1 74.8 31529.4 225750.0
2021 5 6 2325.7 1986.8 12426.1 8925.5 662.8 2539.2 296.6 145205.2 21933.5 78.2 30263.6 226643.1
2021 5 7 2317.6 1801.8 12416.5 8205.0 662.8 2246.0 289.7 141484.9 19604.9 68.7 28674.9 217772.9
2021 5 8 2033.8 1740.7 11845.3 7461.2 603.0 1839.3 334.3 121858.0 18011.8 64.5 26728.5 192520.4
2021 5 9 3679.8 1874.7 18745.8 8070.6 820.8 1961.9 370.4 143015.6 19372.9 70.4 25269.0 223252.0
2021 5 10 3364.0 1941.6 16613.4 8404.0 730.9 2047.7 380.2 140789.4 20052.0 72.7 32240.8 226636.7
2021 5 11 2093.7 1831.1 12122.7 7897.0 649.9 1748.1 421.3 134089.8 18090.2 65.6 24134.5 203143.8
2021 5 12 2093.7 1753.5 12219.5 7591.6 660.4 1646.3 420.4 146598.4 17493.9 64.8 28989.0 219531.5
2021 5 13 2080.1 2010.0 12219.5 8632.8 662.8 1840.5 496.3 146598.4 20133.0 74.8 30321.1 225069.4
2021 5 14 2072.0 1796.3 12314.4 7874.5 693.0 1658.3 453.3 151099.3 17822.2 67.4 26517.9 222368.6
2021 5 15 2033.8 1706.0 12091.0 7198.3 697.7 1355.6 468.5 124558.5 16252.8 62.0 23918.1 190342.3
2021 5 16 2254.7 1862.4 13585.6 7821.8 675.8 1459.0 515.8 152102.1 17709.6 68.3 23444.8 221499.8
2021 5 17 1498.4 1961.1 9677.7 8239.5 667.1 1588.3 525.3 137315.8 18791.6 73.0 31476.6 211814.4
2021 5 18 1599.2 1809.3 10162.5 7758.2 667.8 1464.2 497.0 144327.1 17043.3 64.1 21878.9 207271.6
2021 5 19 1696.3 1780.4 12078.8 7670.8 709.2 1445.8 498.4 151327.4 16944.2 64.7 26813.0 221029.0
2021 5 20 1583.5 2018.2 10389.9 8657.7 707.0 1616.8 578.9 151327.4 19304.8 73.9 31255.6 227513.8
2021 5 21 1575.4 1805.3 10249.8 7859.0 707.0 1477.8 519.1 149923.9 17169.8 66.5 24990.6 216344.3
2021 5 22 1463.5 1739.1 9863.7 7497.5 682.3 1371.5 507.6 163251.5 16066.4 61.2 21497.7 224002.0
2021 5 23 1753.2 1970.9 11501.1 8349.5 722.1 1507.3 604.4 154992.7 18567.3 71.2 22481.5 222521.2
2021 5 24 1979.5 1942.3 11666.4 8315.5 685.3 1497.5 644.9 131256.7 18155.0 70.8 31343.7 207557.6
2021 5 25 1696.3 1833.1 11981.9 7993.1 686.0 1435.4 622.1 134634.3 16921.9 63.4 18879.1 196746.5
2021 5 26 1696.3 1811.3 12078.8 7860.1 709.2 1400.7 635.2 151327.4 16837.8 60.8 26967.1 221384.8
2021 5 27 1583.5 2060.5 10259.4 8938.0 714.1 1562.0 852.5 154190.2 19388.2 69.7 29267.3 228885.4
2021 5 28 1501.7 1820.6 10087.1 7776.0 714.1 1372.9 744.0 166267.4 16886.0 62.8 24056.1 231288.6
2021 5 29 1463.5 1783.3 9863.7 7632.4 682.3 1345.5 728.4 163251.5 16110.6 57.4 22133.8 225052.5
2021 5 30 1679.5 1930.5 11338.4 8130.0 722.1 1410.6 825.7 169997.7 17853.6 65.0 23412.8 237365.9
2021 5 31 1498.4 1927.2 9677.7 8219.7 674.1 1416.2 921.8 140949.5 17622.3 64.8 29757.5 212729.2
2021 6 1 1037.2 1826.3 8299.5 7830.6 532.1 1311.9 888.7 123440.3 16299.8 50.0 19245.7 180762.1
2021 6 2 1181.2 1858.7 8387.2 7836.7 549.7 1294.0 959.2 130800.3 16709.6 68.2 28777.3 198422.1
2021 6 3 1253.4 2032.8 8387.2 8513.2 642.9 1390.7 1104.3 131568.5 18082.6 74.5 27521.5 200571.5
2021 6 4 1527.1 1846.1 8973.3 7478.6 763.0 1232.3 990.0 130118.8 16016.7 67.9 25253.8 194267.5
2021 6 5 1039.4 1815.6 7456.5 7338.0 535.8 1205.6 975.4 108175.5 15400.1 181.4 26285.6 170408.9
2021 6 6 1422.0 1991.9 8626.7 7883.2 731.4 1271.9 1104.1 129023.6 17145.3 315.9 23793.5 193309.5
2021 6 7 1405.5 2001.1 8885.6 8003.3 687.4 1280.2 1202.1 120300.3 16799.1 317.0 29224.2 190105.8
2021 6 8 1148.3 1867.6 8299.5 7514.2 553.8 1193.5 1172.8 124136.5 15571.5 290.4 22369.1 184117.2
2021 6 9 1274.1 1923.6 8836.6 7606.4 854.8 1188.3 1260.2 130538.5 16153.0 337.6 30564.8 200538.0
2021 6 10 1346.3 2056.8 8836.6 8130.4 882.4 1255.8 1405.4 130538.5 16998.0 367.2 24900.4 196717.8
2021 6 11 1301.8 1901.7 8485.5 7270.8 814.4 1130.0 1282.0 128547.6 15325.2 368.2 26149.8 192577.1
2021 6 12 926.0 1858.5 7456.5 7029.3 520.3 1090.4 1239.2 107374.0 14704.5 573.2 27423.1 170195.0
2021 6 13 991.3 2030.8 7456.5 7509.2 583.5 1150.0 1369.0 126610.9 16140.0 830.4 25889.0 190560.6
2021 6 14 1068.3 2049.5 8299.5 7659.8 532.8 1169.1 1415.2 119604.2 15845.9 879.2 28444.5 186968.1
2021 6 15 1037.2 1953.6 8299.5 7305.8 532.1 1108.2 1386.4 123440.3 15011.0 850.7 23689.5 184614.2
2021 6 16 1297.0 1988.4 8836.6 7345.7 854.8 1104.2 1447.3 130538.5 15486.4 882.1 31311.0 201092.1
2021 6 17 1256.1 2089.6 8367.7 7673.9 730.2 1155.1 1479.8 130538.5 15854.2 922.2 25701.0 195768.2
2021 6 18 962.3 1965.9 7330.4 7189.3 656.0 1081.0 1378.8 128547.6 14709.8 948.8 27450.1 192219.8
2021 6 19 783.5 1927.9 6773.2 6960.9 540.1 1045.6 1334.8 105762.8 14161.7 1125.7 25655.6 166071.7
2021 6 20 991.3 2133.7 7456.5 7503.4 583.5 1118.0 1482.7 128222.1 15871.4 1540.4 28935.2 195838.2
2021 6 21 904.0 2130.3 7448.9 7546.0 690.0 1122.0 1485.4 118635.5 15456.4 1666.8 28720.1 185805.4
2021 6 22 1087.4 2082.6 8344.9 7372.1 732.3 1091.2 1490.1 122471.7 15043.4 1636.7 22761.9 184114.2
2021 6 23 946.4 2058.2 6743.3 7172.2 556.2 1051.1 1496.6 130538.5 15171.3 1919.3 30340.9 197994.0
2021 6 24 1157.8 2247.8 8432.5 7707.0 721.3 1116.9 1707.2 130538.5 16855.0 2293.1 28165.7 200942.9
2021 6 25 950.4 2042.0 6743.3 7105.2 545.3 1028.7 1541.4 128547.6 15170.0 2407.4 27546.3 193627.5
2021 6 26 939.6 1985.7 7253.2 6937.3 569.1 996.9 1532.8 105762.8 14523.0 2371.6 22081.9 164953.8
2021 6 27 924.1 2175.2 7188.4 7255.9 504.4 1024.3 1694.7 126610.9 16903.1 2705.1 31150.7 198136.7
2021 6 28 1145.4 2129.4 8280.0 7259.9 703.2 1021.3 1705.6 118635.5 16443.6 3001.3 28351.2 188676.6
2021 6 29 1087.4 2089.1 8344.9 7153.7 732.3 999.9 1718.7 122471.7 16069.3 3173.3 20168.5 184008.7
2021 6 30 1207.2 2037.3 8367.7 6800.6 656.6 931.7 1717.2 130538.5 16136.9 3498.4 29558.0 201450.2
2021 7 1 1025.5 2274.4 7102.0 7614.7 561.0 1020.8 2138.7 135092.6 18732.8 5151.3 32841.7 213555.7
2021 7 2 999.7 2000.7 6812.2 6849.0 559.0 919.8 1870.3 127061.5 16232.9 5535.9 28578.3 197419.2
2021 7 3 847.1 1973.1 6216.4 6857.8 474.9 914.9 1890.9 106313.9 15749.9 5354.9 21137.2 167730.9
2021 7 4 849.6 2150.9 6264.5 7111.9 605.0 924.1 2103.6 119323.9 18387.3 5722.0 31951.7 195394.4
2021 7 5 773.2 2126.2 5446.1 7164.8 511.3 925.8 2145.4 116256.6 18111.9 6418.2 29305.0 189184.5
2021 7 6 915.1 2058.4 6697.8 6976.5 538.8 894.9 2127.0 121434.2 17401.5 6610.1 19396.7 185051.1
2021 7 7 962.9 2021.7 7040.7 6695.4 656.5 838.7 2144.2 124907.9 17558.3 6561.4 29639.5 199027.1
2021 7 8 992.2 2278.2 7040.7 7242.3 632.1 885.7 2525.8 135524.6 20812.5 7515.1 34984.5 220433.8
2021 7 9 856.6 2029.0 6529.4 6560.1 654.5 800.0 2270.1 123930.3 18427.3 8339.3 29351.0 199747.6
2021 7 10 688.4 1948.6 5699.9 6439.3 599.3 783.1 2215.9 97998.3 17349.8 8060.9 19892.5 161676.0
2021 7 11 748.4 2136.4 5720.2 6749.0 554.4 798.1 2473.7 113406.4 20248.3 8261.8 30099.4 191195.9
2021 7 12 720.8 2114.1 5476.5 6814.0 503.0 806.0 2508.5 113480.9 19972.3 9196.3 29768.5 191360.8
2021 7 13 763.7 2001.1 5986.7 6507.4 577.2 765.3 2412.0 116510.3 18779.7 9528.0 20177.5 184008.9
2021 7 14 746.6 2022.7 5642.2 6499.1 541.6 751.4 2476.5 118707.1 19333.1 8643.3 29846.5 195209.9
2021 7 15 744.9 2142.4 5642.2 6737.8 541.6 770.9 2656.8 118000.0 21100.1 9123.2 33892.2 201352.1
2021 7 16 750.0 2049.5 5674.7 6529.5 543.9 743.8 2588.9 119095.4 20189.8 10334.3 30899.3 199399.2
2021 7 17 663.6 1924.8 5332.5 6237.0 513.2 716.4 2396.0 97813.1 18468.2 9963.3 19610.3 163638.5
2021 7 18 774.4 2043.2 5720.2 6501.5 554.4 741.7 2583.6 113221.3 20109.6 9732.5 29199.7 191182.1
2021 7 19 766.6 2107.6 5943.1 6763.3 580.8 775.8 2688.7 116077.0 20566.2 11106.8 29665.9 197041.9
2021 7 20 703.3 2016.3 5564.2 6496.8 557.6 742.9 2582.0 119033.2 19553.3 11321.1 20879.9 189450.6
2021 7 21 752.5 2042.9 5789.7 6564.3 599.0 744.6 2632.4 127154.2 20002.4 9961.3 30170.4 206413.6
2021 7 22 720.4 2064.7 6030.9 6596.6 617.8 746.4 2684.3 123784.8 20335.7 10513.0 28415.0 202509.5
2021 7 23 727.2 2155.7 6063.5 6905.9 625.9 775.9 2846.3 126911.9 21421.5 12168.0 31611.3 212213.1
2021 7 24 524.5 1933.5 4944.0 6218.9 473.5 701.2 2511.9 97816.2 18628.0 12020.6 19199.1 164971.4
2021 7 25 591.9 2019.6 5103.3 6422.3 490.7 713.7 2679.2 113224.4 19899.1 12203.9 26300.2 189648.4
2021 7 26 631.5 2081.5 5546.8 6677.6 540.7 747.7 2784.8 115643.8 20432.5 13633.0 28399.1 197119.0
2021 7 27 703.3 2023.3 5564.2 6517.8 571.6 729.4 2710.2 115643.8 19773.9 13812.2 20722.6 188772.4
2021 7 28 726.5 2077.1 5789.7 6533.9 599.0 720.2 2768.5 127154.2 20394.9 15728.8 30633.5 213126.3
2021 7 29 586.4 1927.4 4392.2 6120.3 414.9 678.4 2592.1 122379.8 18805.7 14911.0 23361.5 196169.8
2021 7 30 758.8 2146.5 5778.2 6743.4 584.3 739.3 2904.9 126810.1 21209.1 17653.7 32134.7 217462.9
2021 7 31 597.7 1936.1 4972.9 6069.3 517.3 668.6 2586.1 98163.6 18528.3 17395.4 16898.8 168334.1
2021 8 1 608.7 1946.3 5792.2 6096.1 684.2 671.6 2672.9 115041.1 19103.1 18585.9 22857.3 194059.6
2021 8 2 657.5 2015.5 5862.5 6366.1 684.2 705.5 2787.3 116867.2 19799.9 19668.0 28091.2 203504.8
2021 8 3 760.6 1991.7 6036.2 6297.6 699.9 697.7 2748.6 116896.7 19495.3 19364.6 19838.8 194827.8
2021 8 4 661.8 2013.4 5398.6 6207.0 684.2 674.9 2770.2 124523.7 19750.8 21688.0 31458.8 215831.2
2021 8 5 618.2 1842.5 4855.4 5740.1 611.3 626.3 2562.3 124523.7 18104.2 19997.0 21550.3 201031.3
2021 8 6 618.2 2073.1 4855.4 6375.7 611.3 687.7 2882.9 124523.7 20593.3 23522.6 32397.0 219140.9
2021 8 7 610.4 1860.0 5792.2 5720.3 699.9 622.3 2571.9 103522.4 17897.8 22285.8 15740.4 177323.5
2021 8 8 667.4 1877.9 5792.2 5701.7 699.9 606.8 2634.3 115041.1 18376.2 24484.1 19092.0 194973.7
2021 8 9 760.6 2007.6 6036.2 6120.9 699.9 649.2 2843.5 116867.2 19820.0 26354.1 28143.9 210303.0
2021 8 10 720.0 1917.9 6036.2 5866.1 699.9 625.8 2707.3 116896.7 18756.9 24786.3 19723.0 198736.0
2021 8 11 746.5 1864.0 5862.5 5546.7 699.9 582.1 2617.4 124523.7 18244.0 26443.7 33482.6 220613.0
2021 8 12 752.3 1761.8 6036.2 5294.6 699.9 556.6 2503.4 124523.7 17356.1 23736.9 22683.7 205905.1
2021 8 13 794.3 1990.2 6036.2 5873.4 699.9 611.1 2816.1 124523.7 19797.2 27605.4 31220.1 221967.6
2021 8 14 694.8 1841.6 5965.9 5507.0 699.9 585.6 2608.4 103522.4 17894.0 25633.1 17013.8 181966.4
2021 8 15 766.5 1762.9 5965.9 5202.8 699.9 550.0 2497.1 115041.1 17190.1 26448.2 17970.5 194094.9
2021 8 16 768.7 1945.6 6036.2 5723.3 699.9 601.0 2777.1 116867.2 19204.6 28716.2 29638.8 212978.7
2021 8 17 764.1 1884.3 6036.2 5571.1 699.9 589.9 2681.3 116896.7 18371.7 27139.4 19230.6 199865.3
2021 8 18 789.3 1862.3 6036.2 5434.4 699.9 569.0 2660.9 118697.7 18418.5 26961.8 32533.5 214663.3
2021 8 19 793.8 1761.3 6036.2 5199.3 699.9 547.2 2533.2 124523.7 17441.6 24150.6 25181.9 208868.6
2021 8 20 794.3 1905.4 6036.2 5566.3 699.9 580.8 2723.6 120401.4 19008.0 26647.8 30579.2 214942.9
2021 8 21 694.8 1803.3 5965.9 5348.3 699.9 569.5 2589.5 103522.4 17698.3 24796.7 20655.0 184343.5
2021 8 22 685.3 1819.8 5965.9 5315.0 699.9 566.1 2570.4 115041.1 17933.3 25893.8 18625.9 195116.7
2021 8 23 768.7 1938.5 6036.2 5670.0 699.9 602.9 2715.5 116867.2 19190.1 27386.5 29497.2 211372.7
2021 8 24 768.7 1896.9 6036.2 5620.5 699.9 605.7 2633.2 116896.7 18408.3 25548.4 20036.5 199150.9
2021 8 25 789.3 1885.9 6036.2 5519.1 699.9 592.8 2608.3 118697.7 18488.3 25300.6 32972.2 213590.2
2021 8 26 1219.5 1919.7 8403.6 5717.8 743.9 632.3 2540.7 129269.9 18794.6 24101.6 26255.3 219598.7
2021 8 27 1205.7 1929.3 8403.6 5716.4 743.9 625.4 2527.4 125378.1 18947.2 24765.7 28156.8 218399.5
2021 8 28 893.1 1801.6 6995.3 5445.2 725.9 610.6 2364.2 109349.9 17120.1 20592.9 21962.0 187860.8
2021 8 29 1041.7 1953.4 7687.0 5874.3 743.9 667.7 2459.2 126324.1 18673.0 21396.8 22513.7 209334.9
2021 8 30 1302.1 1926.8 8542.4 5819.3 743.9 663.2 2374.4 121093.9 18295.8 21694.8 29519.4 211976.0
2021 8 31 1128.8 1913.3 8403.6 5871.3 743.9 677.0 2319.2 119133.4 17769.4 19956.0 20953.2 198868.9
2021 9 1 927.7 1955.9 6539.6 6008.4 785.7 704.6 2376.6 131271.8 18364.4 20072.7 32199.5 221206.8
2021 9 2 1144.3 2052.3 7807.0 6376.7 822.8 770.5 2312.4 131726.5 19157.9 19871.7 30001.9 222043.9
2021 9 3 850.1 1887.6 5780.8 5829.0 713.6 697.1 2099.9 131726.5 17532.1 19544.7 29409.4 216070.8
2021 9 4 679.1 1768.6 4849.8 5567.9 669.9 677.6 1951.6 109723.0 15763.7 15654.3 23096.6 180401.9
2021 9 5 896.4 2081.5 6057.2 6402.7 712.8 783.0 2205.3 127775.3 18919.3 17399.3 26535.6 209768.5
2021 9 6 1280.1 1980.6 8617.4 6110.3 837.9 751.8 1994.2 130752.4 17617.2 17029.5 29852.8 216824.3
2021 9 7 1207.8 1932.3 8248.4 6032.3 1038.9 749.3 1885.3 130752.4 16764.9 15568.4 22089.1 206269.1
2021 9 8 1207.8 1898.1 8042.3 5838.0 1038.9 729.9 1808.1 131271.8 16286.7 13948.8 32652.2 214722.7
2021 9 9 1144.3 2173.1 7807.0 6615.5 833.3 841.4 1898.8 131726.5 18727.1 15283.0 33206.9 220256.8
2021 9 10 1093.0 1916.6 7151.6 5826.6 770.7 737.8 1633.8 131726.5 16314.3 14648.2 29764.8 211583.9
2021 9 11 985.4 1807.0 6220.6 5652.9 726.9 729.3 1493.9 110640.1 14528.4 10912.5 24024.8 177721.9
2021 9 12 1139.3 2058.4 7572.3 6264.9 769.9 810.6 1648.4 127775.3 16955.3 11346.4 31064.9 207405.6
2021 9 13 1280.1 2021.5 8617.4 6113.4 827.4 791.2 1560.0 130752.4 16382.1 11764.4 30307.2 210417.0
2021 9 14 1170.5 1949.7 8248.4 5910.3 837.9 768.7 1441.6 130752.4 15477.8 10940.4 21197.1 198694.8
2021 9 15 1170.5 1879.1 8042.3 5593.2 827.4 733.0 1337.9 131271.8 14758.5 9220.1 30333.9 205167.7
2021 9 16 1207.8 2169.8 7807.0 6293.4 1043.8 824.6 1499.8 131726.5 17219.3 9852.2 34596.3 214240.4
2021 9 17 1156.5 1894.3 7151.6 5518.0 1043.8 723.0 1300.0 131726.5 14706.9 10123.2 29646.9 204990.6
2021 9 18 985.4 1881.3 6220.6 5609.4 726.9 736.8 1294.1 110640.1 14219.2 9801.8 23395.2 175510.9
2021 9 19 1202.8 2057.3 7572.3 5913.8 1017.6 780.6 1379.3 127775.3 15915.4 9760.7 29914.6 203289.6
2021 9 20 1301.3 1981.9 8617.4 5720.1 840.7 774.2 1297.1 130637.5 15117.2 9866.4 30685.9 206839.5
2021 9 21 1184.7 1937.3 8099.9 5601.3 807.0 764.5 1238.3 126558.4 14616.4 10197.5 20081.3 191086.7
2021 9 22 1207.8 1875.4 8042.3 5314.7 856.6 733.4 1156.9 132189.0 14142.3 8899.9 28998.6 203416.8
2021 9 23 1184.7 2109.9 7658.6 5953.3 769.9 873.5 1245.3 128564.5 16144.0 8681.3 32392.9 205577.9
2021 9 24 1156.5 1966.3 7151.6 5711.1 754.6 937.9 1077.8 132643.6 14946.2 8802.8 26397.4 201545.9
2021 9 25 985.4 1903.6 6220.6 5876.8 974.7 984.0 1046.4 109723.0 14142.9 8495.7 23820.5 174173.6
2021 9 26 1139.3 2014.5 7572.3 5945.0 769.9 976.8 1097.9 127775.3 15262.1 8373.0 27705.5 198631.6
2021 9 27 1301.3 1970.5 8617.4 6392.2 1058.2 1238.3 959.4 130637.5 14972.8 8296.6 28694.3 204138.4
2021 9 28 1184.7 1947.5 8099.9 6453.4 807.0 1282.6 907.0 126558.4 14759.4 8545.9 19070.1 189615.9
2021 9 29 1331.3 1988.9 8574.0 6980.1 853.4 1546.2 788.0 127692.2 15457.9 7105.0 27821.3 200138.3
2021 9 30 2025.7 2028.7 11640.3 6857.0 906.1 1448.0 882.6 127003.5 15762.1 6627.2 29555.3 204736.6
